"",localhour,use,temperature,cloud_cover,wind_speed,GH,is_weekday,GH_month,GH_week,use_month,use_week
8650,2016-01-31 00:00:00-06,0.26235,58.01,0.4,5.45,-2.72055,0,-1.7026,-2.72421,0.4608666666666666,0.4619166666666666
8662,2016-01-31 01:00:00-06,0.2873333333333333,57.6,0.44,5.84,-2.7208900000000003,0,-1.65152,-2.7242599999999997,0.3949833333333333,0.4515166666666666
8674,2016-01-31 02:00:00-06,0.28625,57.46,0.52,5.95,-2.72103,0,-1.7025700000000001,-2.72485,0.3776,0.5006333333333332
8686,2016-01-31 03:00:00-06,0.2534666666666666,58.21,0.56,7.24,-2.72138,0,-1.91251,-2.72507,0.4464166666666666,0.4660333333333332
8698,2016-01-31 04:00:00-06,0.2679333333333333,58.83,0.61,6.79,-2.72138,0,-2.3949700000000003,-2.61153,0.4436833333333333,0.444
8710,2016-01-31 05:00:00-06,0.2623,59.42,0.74,7.09,-2.72138,0,-1.3622100000000001,-2.72507,0.589,0.48645
8722,2016-01-31 06:00:00-06,0.2564166666666666,59.61,0.78,6.7,-3.40173,0,-1.71973,-2.72458,0.8314666666666666,0.4822833333333332
8734,2016-01-31 07:00:00-06,0.3073666666666666,59.76,0.81,6.43,-3.1579599999999997,0,-2.35532,-2.57101,0.4731833333333332,0.7279
8746,2016-01-31 08:00:00-06,0.5786,59.69,0.87,6.38,104.113,0,8.30918,104.625,0.5491666666666666,0.8581666666666666
8758,2016-01-31 09:00:00-06,0.3266833333333333,61.72,0.83,5.67,303.21299999999997,0,39.4862,296.368,1.0195,0.8073833333333331
8770,2016-01-31 10:00:00-06,0.3081,64.85,0.27,6.38,517.529,0,132.175,477.23199999999997,0.9142833333333332,1.2122333333333333
8782,2016-01-31 11:00:00-06,0.8514166666666666,68.83,0.09,6.11,670.2869999999999,0,108.83,638.649,0.87875,0.3539333333333333
8794,2016-01-31 12:00:00-06,0.3400833333333333,72.24,0.08,5.31,759.02,0,85.2728,726.7130000000001,0.7446166666666666,0.4709333333333332
8806,2016-01-31 13:00:00-06,0.2483666666666666,77.0,0.05,4.22,782.034,0,93.8208,741.559,0.69055,0.4635666666666666
8818,2016-01-31 14:00:00-06,0.40445,79.65,0.03,3.05,724.258,0,99.4203,678.543,0.33125,0.70115
8830,2016-01-31 15:00:00-06,0.2907166666666666,80.93,0.01,1.65,600.888,0,209.046,550.913,0.34555,0.4642166666666666
8842,2016-01-31 16:00:00-06,2.5034666666666667,80.92,0.01,1.22,416.6,0,19.3617,387.267,0.5299666666666666,0.3993
8854,2016-01-31 17:00:00-06,0.2885,78.69,0.03,2.13,221.80900000000003,0,8.87914,199.61700000000002,0.5728166666666666,0.24825
8866,2016-01-31 18:00:00-06,0.8458833333333331,74.13,0.02,2.93,25.26,0,-1.70317,6.68427,0.5021833333333332,0.8392666666666666
8878,2016-01-31 19:00:00-06,0.615,69.17,0.0,2.21,-4.75239,0,-2.0441,-2.80463,1.0174833333333333,0.6056166666666666
8890,2016-01-31 20:00:00-06,0.4918,66.1,0.0,1.64,-4.7544,0,-2.23153,-2.7204200000000003,0.6103166666666666,0.3963333333333333
8902,2016-01-31 21:00:00-06,0.40925,63.09,0.0,1.31,-3.18253,0,-2.17475,-2.72051,0.6780166666666666,0.3656666666666666
8914,2016-01-31 22:00:00-06,0.27795,60.57,0.0,2.05,-3.39923,0,-2.01009,-2.7204900000000003,0.6602166666666666,0.2470333333333333
8926,2016-01-31 23:00:00-06,0.26915,60.11,0.0,4.03,-2.8845,0,-1.78865,-2.7205,0.604,0.2484166666666666
8938,2016-02-01 00:00:00-06,0.25945,58.91,0.2,3.39,-2.3465,1,-1.9477400000000002,-2.72091,0.5076,0.23765
8950,2016-02-01 01:00:00-06,0.2771166666666666,56.56,0.2,2.79,-2.2671,1,-2.0442,-2.7212,0.41346666666666654,0.2344666666666666
8962,2016-02-01 02:00:00-06,0.2667,54.91,0.07,2.53,-2.72055,1,-2.03852,-2.72138,0.4255333333333333,0.3453833333333333
8974,2016-02-01 03:00:00-06,0.25985,53.39,0.04,1.99,-2.36916,1,-2.04445,-2.72138,0.41081666666666655,0.3181166666666666
8986,2016-02-01 04:00:00-06,0.2698333333333333,53.27,0.32,1.03,-2.27297,1,-1.70373,-2.72138,0.3990333333333333,0.2981166666666666
8998,2016-02-01 05:00:00-06,0.5402666666666666,53.26,0.44,0.48,-2.19932,1,-1.70375,-2.72138,0.41631666666666656,0.7573666666666666
9010,2016-02-01 06:00:00-06,0.8097666666666666,53.24,0.5,0.66,-2.31835,1,-2.0445,-2.72138,0.4322166666666665,0.8462333333333331
9022,2016-02-01 07:00:00-06,0.4156,54.36,0.54,1.42,-1.71165,1,-2.3000599999999998,-2.72705,0.6058,0.5121
9034,2016-02-01 08:00:00-06,0.3148333333333333,54.87,0.57,2.59,93.0911,1,0.834837,56.9053,0.7074666666666666,0.4361833333333333
9046,2016-02-01 09:00:00-06,0.2647333333333333,57.05,0.62,3.05,291.15,1,8.29157,248.423,0.8577166666666666,0.3634
9058,2016-02-01 10:00:00-06,0.27395,60.05,0.72,3.94,510.218,1,13.5164,464.32099999999997,0.8522833333333331,0.3289166666666666
9070,2016-02-01 11:00:00-06,0.3026666666666666,63.38,0.76,4.73,663.888,1,42.2416,360.561,0.7305833333333333,0.2933166666666666
9082,2016-02-01 12:00:00-06,0.2403666666666666,65.94,0.65,6.16,766.074,1,60.1026,639.696,0.7308666666666666,0.2664333333333333
9094,2016-02-01 13:00:00-06,0.24485,67.95,0.55,6.84,784.2189999999999,1,65.9975,691.5260000000001,0.8511666666666666,0.3499
9106,2016-02-01 14:00:00-06,0.3399666666666666,70.33,0.29,7.06,738.443,1,36.5113,393.96,0.4584833333333333,0.3357333333333333
9118,2016-02-01 15:00:00-06,0.2829,71.74,0.21,7.86,602.284,1,47.8015,348.74800000000005,0.67175,0.2668666666666666
9130,2016-02-01 16:00:00-06,0.2875666666666666,72.78,0.16,7.44,428.26,1,11.0005,166.47299999999998,0.7570166666666666,1.1408833333333332
9142,2016-02-01 17:00:00-06,0.9934333333333332,73.25,0.15,7.75,214.923,1,21.1719,94.6888,1.25155,0.80965
9154,2016-02-01 18:00:00-06,0.72505,71.72,0.08,8.71,25.7141,1,-1.70375,2.3949599999999998,0.8448833333333331,0.3031333333333333
9166,2016-02-01 19:00:00-06,0.52225,69.39,0.06,10.31,-3.3975699999999995,1,-1.87412,-2.7185200000000003,0.6613833333333332,0.2735666666666666
9178,2016-02-01 20:00:00-06,0.3615166666666666,67.32,0.13,11.63,-2.80985,1,-1.6128799999999999,-2.62276,0.7992166666666666,1.5366166666666667
9190,2016-02-01 21:00:00-06,0.3665166666666666,65.53,0.51,10.81,-2.7195400000000003,1,-1.26645,-2.70819,0.76805,1.0895666666666668
9202,2016-02-01 22:00:00-06,0.2348,65.17,0.77,8.13,-2.71976,1,-1.2891700000000001,-2.5553,0.6416666666666666,0.2639
9214,2016-02-01 23:00:00-06,0.2424333333333333,64.85,0.81,6.31,-2.71997,1,-1.363,-2.61249,0.4888333333333332,0.2690666666666666
9226,2016-02-02 00:00:00-06,0.2224333333333333,63.3,0.62,6.13,-2.72004,1,-1.363,-2.3804,0.4278333333333333,0.2564
9238,2016-02-02 01:00:00-06,0.2516833333333333,60.61,0.5,5.95,-2.86179,1,-1.363,-2.3805099999999997,0.4732666666666666,0.2417833333333333
9250,2016-02-02 02:00:00-06,0.26855,57.88,0.3,6.12,-2.72045,1,-1.29485,-2.38048,0.4292833333333333,0.25105
9262,2016-02-02 03:00:00-06,0.3977333333333333,55.38,0.16,6.22,-2.78281,1,-0.976816,-2.38081,0.4544333333333333,0.2671333333333333
9274,2016-02-02 04:00:00-06,0.3203833333333333,53.89,0.29,7.25,-2.89616,1,-1.02225,-2.46599,0.4680666666666666,0.3093166666666666
9286,2016-02-02 05:00:00-06,0.52155,52.68,0.15,6.71,-2.81687,1,-1.0563200000000001,-2.72138,0.4727166666666666,0.6146833333333332
9298,2016-02-02 06:00:00-06,2.2602333333333333,51.55,0.11,6.72,-3.3559300000000003,1,-1.36289,-2.72138,0.4218833333333333,0.9759333333333332
9310,2016-02-02 07:00:00-06,2.8223333333333334,51.8,0.1,5.71,-2.72138,1,-1.7034599999999998,-2.60799,0.57585,0.8998333333333332
9322,2016-02-02 08:00:00-06,0.2453166666666666,52.7,0.06,5.39,20.7222,1,26.6194,13.794,0.6349166666666666,0.5640166666666666
9334,2016-02-02 09:00:00-06,0.2270833333333333,55.4,0.02,6.3,86.5032,1,109.61200000000001,100.64,1.021283333333333,0.5003333333333332
9346,2016-02-02 10:00:00-06,0.22761666666666666,58.98,0.01,7.71,186.62,1,233.541,258.418,0.5604666666666666,0.5011166666666667
9358,2016-02-02 11:00:00-06,0.25215,61.78,0.01,9.38,463.345,1,390.98199999999997,547.691,1.6276666666666668,0.4992833333333332
9370,2016-02-02 12:00:00-06,0.2359666666666666,64.0,0.02,10.0,764.63,1,306.04200000000003,714.404,1.2631666666666668,0.44385
9382,2016-02-02 13:00:00-06,0.2384666666666666,65.58,0.0,9.02,792.877,1,192.72099999999998,254.90900000000002,0.73415,0.3731
9394,2016-02-02 14:00:00-06,0.3521166666666666,67.53,0.0,8.01,738.3539999999999,1,142.53799999999998,134.635,0.4544333333333333,1.1227833333333332
9406,2016-02-02 15:00:00-06,0.3414666666666666,68.0,0.0,7.05,625.523,1,245.80200000000002,208.362,2.693516666666667,0.8547166666666666
9418,2016-02-02 16:00:00-06,0.25125,67.76,0.0,5.54,434.397,1,161.54399999999998,81.6698,0.7366166666666665,0.7835666666666666
9430,2016-02-02 17:00:00-06,0.25715,66.38,0.02,4.32,224.25599999999997,1,45.0467,30.6723,0.7728166666666666,0.9187
9442,2016-02-02 18:00:00-06,0.8584833333333332,63.69,0.02,2.99,28.1152,1,-0.58436,2.5914,2.1942166666666667,0.8477833333333331
9454,2016-02-02 19:00:00-06,0.4525833333333333,59.9,0.02,2.45,-3.8061199999999995,1,-2.0481,-1.86591,0.3666,0.7328166666666664
9466,2016-02-02 20:00:00-06,0.39166666666666655,56.52,0.0,3.44,-3.39983,1,-2.72382,-1.70197,0.2549333333333333,0.6769666666666666
9478,2016-02-02 21:00:00-06,0.46025,54.51,0.0,3.8,-3.1798900000000003,1,-2.72428,-1.70202,0.2442666666666666,0.5381833333333332
9490,2016-02-02 22:00:00-06,0.2769,53.45,0.0,4.36,-3.40173,1,-2.71922,-1.70202,0.42775,0.6024333333333332
9502,2016-02-02 23:00:00-06,0.2349166666666666,51.32,0.0,4.66,-3.05668,1,-2.72507,-1.70202,0.4445833333333333,0.4496333333333333
9514,2016-02-03 00:00:00-06,0.2374166666666666,49.01,0.0,5.67,-2.99453,1,-2.7253,-1.7020400000000002,0.4722,0.5378166666666666
9526,2016-02-03 01:00:00-06,0.2371833333333333,48.16,0.0,6.15,-2.72267,1,-2.47002,-1.70218,0.4944833333333332,0.5605333333333332
9538,2016-02-03 02:00:00-06,0.3157833333333333,46.39,0.0,6.64,-2.81374,1,-2.72553,-1.7023,0.4811,0.5303333333333332
9550,2016-02-03 03:00:00-06,0.3060833333333333,44.48,0.0,6.99,-2.72323,1,-2.72572,-1.7763099999999998,0.44376666666666653,0.4675833333333332
9562,2016-02-03 04:00:00-06,0.3492333333333333,43.28,0.0,6.54,-2.72323,1,-2.68624,-2.02034,0.4432333333333333,0.44706666666666656
9574,2016-02-03 05:00:00-06,0.6318,41.9,0.0,6.3,-2.72371,1,-2.37957,-3.77408,0.5406666666666666,0.72605
9586,2016-02-03 06:00:00-06,0.91145,40.81,0.0,6.14,-2.7241400000000002,1,-2.41364,-2.04316,0.9033333333333332,0.9774833333333331
9598,2016-02-03 07:00:00-06,0.4354,40.38,0.01,6.25,-2.7408799999999998,1,-2.1978400000000002,-2.04315,0.7267,0.5553333333333332
9610,2016-02-03 08:00:00-06,0.42911666666666654,40.08,0.0,6.91,86.2322,1,48.4709,8.67802,0.49675,0.51685
9622,2016-02-03 09:00:00-06,0.4535833333333333,42.24,0.0,8.11,276.585,1,152.738,69.7307,0.43131666666666657,0.4763
9634,2016-02-03 10:00:00-06,0.27825,45.35,0.02,8.02,530.431,1,236.778,59.3378,0.2903833333333333,0.41336666666666655
9646,2016-02-03 11:00:00-06,0.2407,49.25,0.12,8.18,691.0269999999999,1,500.024,118.99,0.2466333333333333,0.3608666666666666
9658,2016-02-03 12:00:00-06,0.2575833333333333,51.82,0.11,7.26,772.5010000000001,1,683.6569999999999,161.075,0.22055,0.2808666666666666
9670,2016-02-03 13:00:00-06,0.2545833333333333,54.26,0.0,7.49,801.5060000000001,1,719.077,126.71600000000001,0.22203333333333328,0.2364
9682,2016-02-03 14:00:00-06,0.2891,55.88,0.0,7.72,750.938,1,654.467,180.697,0.2448,0.277
9694,2016-02-03 15:00:00-06,0.3424833333333333,57.09,0.0,7.69,631.024,1,525.263,162.612,0.36433333333333323,0.2928333333333333
9706,2016-02-03 16:00:00-06,0.2678833333333333,57.14,0.0,7.0,445.13599999999997,1,352.059,205.173,0.4700333333333332,0.3003333333333333
9718,2016-02-03 17:00:00-06,0.2395166666666666,55.18,0.0,6.36,232.882,1,137.42700000000002,49.4642,0.9438666666666664,0.2458333333333333
9730,2016-02-03 18:00:00-06,0.5749833333333332,52.8,0.0,5.68,32.2436,1,2.7545599999999997,4.88432,2.277616666666667,0.9934166666666664
9742,2016-02-03 19:00:00-06,0.7824666666666666,50.17,0.01,4.15,-3.5764400000000003,1,-2.72211,-2.20127,1.7708666666666668,1.4599166666666668
9754,2016-02-03 20:00:00-06,0.9738,47.76,0.0,4.27,-3.4019699999999995,1,-2.72315,-2.38282,0.5864666666666666,1.69415
9766,2016-02-03 21:00:00-06,1.5407166666666667,45.71,0.0,3.42,-3.19334,1,-2.72364,-2.72337,0.42935,3.033583333333333
9778,2016-02-03 22:00:00-06,0.365,43.1,0.0,2.49,-3.0636200000000002,1,-2.04311,-2.7298,0.38626666666666654,0.6748666666666666
9790,2016-02-03 23:00:00-06,0.4094833333333333,40.54,0.01,2.89,-2.9729900000000002,1,-2.34958,-2.72476,0.4462333333333333,0.6469166666666666
9802,2016-02-04 00:00:00-06,0.4895333333333332,38.57,0.0,3.24,-2.72412,1,-2.7185900000000003,-2.7253,0.4813333333333332,0.7110666666666666
9814,2016-02-04 01:00:00-06,0.57435,38.05,0.0,3.3,-2.72427,1,-2.38397,-2.7255700000000003,0.4191833333333333,0.63585
9826,2016-02-04 02:00:00-06,0.4592833333333333,36.84,0.0,3.06,-2.89527,1,-2.60576,-2.5840099999999997,0.4446833333333333,0.6408333333333333
9838,2016-02-04 03:00:00-06,0.5044333333333332,36.33,0.0,3.2,-3.00326,1,-1.42499,-2.726,0.43865,0.6601
9850,2016-02-04 04:00:00-06,0.4512666666666666,35.01,0.0,2.95,-2.72518,1,-1.70317,-2.72612,0.4068,0.6168
9862,2016-02-04 05:00:00-06,0.6667666666666666,34.25,0.0,2.96,-2.72553,1,-1.3623299999999998,-2.72646,0.68545,0.6937833333333332
9874,2016-02-04 06:00:00-06,1.9551833333333333,33.16,0.0,2.38,-3.06623,1,-1.9921099999999998,-2.72655,0.7824,1.12005
9886,2016-02-04 07:00:00-06,0.8063,32.92,0.01,2.73,-2.72598,1,-1.7026,-2.72655,0.4505333333333333,0.8472
9898,2016-02-04 08:00:00-06,0.7033166666666666,34.76,0.01,2.79,121.244,1,21.3903,110.82,0.4987,0.6917
9910,2016-02-04 09:00:00-06,0.4521666666666666,40.61,0.01,2.21,327.024,1,71.5287,312.295,0.5424833333333332,0.5672833333333333
9922,2016-02-04 10:00:00-06,0.30255,45.66,0.02,2.1,538.7869999999999,1,177.791,520.535,0.4280833333333333,0.4853
9934,2016-02-04 11:00:00-06,0.9351833333333333,49.82,0.02,2.07,695.949,1,159.803,676.2660000000001,0.299,0.3598833333333333
9946,2016-02-04 12:00:00-06,0.8468666666666665,53.01,0.04,2.08,791.534,1,207.55200000000002,768.738,0.2520833333333333,0.3663166666666666
9958,2016-02-04 13:00:00-06,0.6562833333333332,55.03,0.02,1.46,813.4839999999999,1,142.982,788.586,0.2375833333333333,0.3600333333333333
9970,2016-02-04 14:00:00-06,0.4905666666666666,56.44,0.03,1.51,750.9630000000001,1,107.926,737.7919999999999,0.22191666666666665,0.37661666666666654
9982,2016-02-04 15:00:00-06,0.41735,57.39,0.03,2.46,639.9259999999999,1,82.9796,616.93,0.21333333333333326,0.46615
9994,2016-02-04 16:00:00-06,0.3782,57.42,0.1,1.31,449.10400000000004,1,42.1758,424.539,0.2838833333333333,0.7724
10006,2016-02-04 17:00:00-06,0.7505666666666666,56.11,0.12,1.12,234.467,1,16.2036,216.53599999999997,0.2288833333333333,0.2731833333333333
10018,2016-02-04 18:00:00-06,0.7837,53.6,0.07,2.16,33.7915,1,-1.70087,23.8256,0.8698833333333331,0.5818
10030,2016-02-04 19:00:00-06,0.9071,49.86,0.0,2.28,-3.36275,1,-2.12608,-3.89874,1.2693166666666669,0.6409666666666666
10042,2016-02-04 20:00:00-06,0.8226166666666666,46.95,0.0,2.66,-3.08059,1,-2.38124,-3.92271,1.8033666666666668,0.3491333333333333
10054,2016-02-04 21:00:00-06,0.8040833333333332,44.87,0.0,1.3,-3.0587400000000002,1,-1.70113,-3.3394699999999995,0.7753166666666667,0.2328
10066,2016-02-04 22:00:00-06,0.6534333333333332,41.04,0.0,0.75,-2.84348,1,-1.9450900000000002,-2.98316,0.7146666666666666,0.2415
10078,2016-02-04 23:00:00-06,0.5850166666666666,39.28,0.0,0.76,-3.06502,1,-1.8884,-3.05167,0.6734666666666665,0.2270833333333333
10090,2016-02-05 00:00:00-06,0.6885,38.56,0.14,0.61,-2.8102099999999997,1,-1.8602299999999998,-2.75725,0.71275,0.2277833333333333
10102,2016-02-05 01:00:00-06,0.5817833333333332,37.56,0.12,0.55,-2.86707,1,-1.85457,-2.84826,0.7090166666666666,0.3477833333333333
10114,2016-02-05 02:00:00-06,0.54605,35.81,0.04,0.7,-2.8278,1,-2.3820200000000002,-2.72418,0.7098833333333332,0.41326666666666656
10126,2016-02-05 03:00:00-06,0.5478333333333332,35.22,0.02,0.33,-3.0667400000000002,1,-2.4841,-2.73,0.6830833333333332,0.4452
10138,2016-02-05 04:00:00-06,0.5892333333333332,34.88,0.01,0.38,-2.7261599999999997,1,-2.13821,-2.72485,0.6953333333333332,0.42456666666666654
10150,2016-02-05 05:00:00-06,0.9260833333333331,33.56,0.0,0.8,-2.72645,1,-1.72417,-2.72507,0.90025,0.6540833333333332
10162,2016-02-05 06:00:00-06,1.0863833333333333,33.41,0.0,1.1,-3.06727,1,-2.3822900000000002,-2.8331,1.2148333333333332,1.084
10174,2016-02-05 07:00:00-06,0.8117166666666666,33.72,0.01,1.06,-2.67548,1,-1.7698,-2.72552,0.6428833333333333,0.5784
10186,2016-02-05 08:00:00-06,0.4824333333333332,36.62,0.0,0.69,116.399,1,35.4754,105.052,0.59665,0.45215
10198,2016-02-05 09:00:00-06,0.32235,42.64,0.0,1.6,312.048,1,52.6909,327.07,0.4790333333333332,0.3256166666666666
10210,2016-02-05 10:00:00-06,0.2909833333333333,47.6,0.01,3.35,515.53,1,487.342,485.9,0.4233833333333333,0.2730166666666666
10222,2016-02-05 11:00:00-06,0.3389333333333333,52.64,0.02,3.71,682.932,1,384.32199999999995,692.795,0.57595,0.27515
10234,2016-02-05 12:00:00-06,0.2657166666666666,56.66,0.03,4.95,828.2339999999999,1,335.901,741.221,0.5523333333333332,0.2912666666666666
10246,2016-02-05 13:00:00-06,0.2580166666666666,58.49,0.03,5.26,168.97799999999998,1,155.946,816.81,0.6739833333333332,0.2889666666666666
10258,2016-02-05 14:00:00-06,0.2984333333333333,59.46,0.03,5.09,107.87700000000001,1,186.982,699.703,0.6142166666666666,0.3322666666666666
10270,2016-02-05 15:00:00-06,0.2725666666666666,59.64,0.02,5.2,84.977,1,396.49699999999996,585.003,1.9839166666666668,0.3610166666666666
10282,2016-02-05 16:00:00-06,0.2879166666666666,59.97,0.01,4.75,80.948,1,200.68599999999998,296.813,1.6238333333333332,0.2977833333333333
10294,2016-02-05 17:00:00-06,1.1784666666666668,58.39,0.07,4.07,55.3537,1,88.9366,247.713,1.78265,0.2444833333333333
10306,2016-02-05 18:00:00-06,1.0416,55.93,0.44,2.93,4.00767,1,-0.753328,26.9389,1.08045,0.2669666666666666
10318,2016-02-05 19:00:00-06,1.3407833333333332,53.96,0.73,3.15,-2.2450099999999997,1,-2.9064799999999997,-3.3991300000000004,0.6195166666666666,0.2336333333333333
10330,2016-02-05 20:00:00-06,0.3367666666666666,54.1,0.9,3.21,-2.38121,1,-2.7198700000000002,-3.21913,0.5272333333333332,0.2266333333333333
10342,2016-02-05 21:00:00-06,1.0983666666666667,53.01,0.79,3.26,-2.38121,1,-2.69215,-2.88576,0.4227,0.2333
10354,2016-02-05 22:00:00-06,0.9030166666666666,52.41,0.72,3.9,-2.72145,1,-2.7204900000000003,-2.72169,0.5573166666666666,0.3002833333333333
10366,2016-02-05 23:00:00-06,0.5145666666666666,51.69,0.36,4.03,-3.06252,1,-2.60753,-2.72229,0.4871833333333332,0.42381666666666656
10378,2016-02-06 00:00:00-06,0.38465,48.2,0.31,4.11,-2.72273,0,-2.7212400000000003,-2.85275,0.4764333333333332,0.2369
10390,2016-02-06 01:00:00-06,0.4296833333333333,46.99,0.17,3.55,-2.74591,0,-2.38121,-2.7223,0.4300833333333333,0.23315
10402,2016-02-06 02:00:00-06,0.39005,46.07,0.25,2.91,-2.72323,0,-1.8879599999999999,-2.7225099999999998,0.4172833333333333,0.2975666666666666
10414,2016-02-06 03:00:00-06,0.40061666666666657,45.11,0.08,4.13,-1.9973599999999998,0,-1.7122,-2.72275,0.5324333333333332,0.36033333333333323
10426,2016-02-06 04:00:00-06,0.4587166666666666,43.69,0.06,5.23,-2.82539,0,-1.72354,-2.72284,0.44605,0.3847
10438,2016-02-06 05:00:00-06,0.39661666666666656,42.83,0.03,5.18,-2.72377,0,-1.8766200000000002,-2.77993,0.6176666666666666,0.39516666666666656
10450,2016-02-06 06:00:00-06,0.4778333333333332,42.57,0.0,7.61,-3.00791,0,-2.38119,-3.08059,0.74335,0.4108833333333333
10462,2016-02-06 07:00:00-06,0.7489166666666666,42.64,0.01,7.5,-2.5823099999999997,0,-2.38082,-2.96718,0.5032166666666666,0.43901666666666656
10474,2016-02-06 08:00:00-06,0.6085,44.01,0.01,9.32,122.23100000000001,0,21.9625,57.914,0.457,0.5600666666666666
10486,2016-02-06 09:00:00-06,0.4992833333333332,46.37,0.01,10.34,319.346,0,113.986,336.356,0.6215,0.8021333333333331
10498,2016-02-06 10:00:00-06,0.3306,49.95,0.01,11.25,535.943,0,145.411,532.352,0.5815166666666666,0.56625
10510,2016-02-06 11:00:00-06,0.3138,53.52,0.01,12.23,699.4110000000001,0,129.97,676.9680000000001,0.36935,0.3380833333333333
10522,2016-02-06 12:00:00-06,0.2733666666666666,56.19,0.01,11.82,806.492,0,361.695,574.793,0.2496833333333333,0.26505
10534,2016-02-06 13:00:00-06,0.3190833333333333,57.99,0.01,11.64,828.2810000000001,0,209.547,763.17,0.2321166666666666,0.2764166666666666
10546,2016-02-06 14:00:00-06,0.3370333333333333,59.03,0.01,10.83,780.934,0,567.729,734.775,0.2402333333333333,0.2964166666666666
10558,2016-02-06 15:00:00-06,0.3327333333333333,59.56,0.01,9.48,656.2760000000001,0,526.735,610.207,0.3616166666666666,0.41301666666666653
10570,2016-02-06 16:00:00-06,0.2499,59.18,0.01,8.3,469.971,0,352.14099999999996,270.906,0.3224166666666666,0.30515
10582,2016-02-06 17:00:00-06,0.2978666666666666,58.19,0.02,6.87,253.822,0,151.954,286.651,0.5455333333333332,0.2858666666666666
10594,2016-02-06 18:00:00-06,0.7069666666666666,54.92,0.01,4.52,42.9153,0,-0.26621999999999996,14.3547,0.72385,0.4557666666666666
10606,2016-02-06 19:00:00-06,0.2418666666666666,51.66,0.01,3.85,-4.08064,0,-3.1560900000000003,-2.7191,0.7192833333333332,1.44555
10618,2016-02-06 20:00:00-06,0.5277833333333332,48.47,0.0,2.71,-4.0822400000000005,0,-3.20814,-2.47028,1.2744166666666668,0.4535666666666666
10630,2016-02-06 21:00:00-06,0.8008333333333331,45.99,0.0,1.4,-3.56736,0,-3.39605,-2.71983,0.32365,0.3794833333333333
10642,2016-02-06 22:00:00-06,0.4760333333333332,43.48,0.0,0.79,-3.35851,0,-2.97689,-2.39738,0.2710333333333333,0.4368833333333333
10654,2016-02-06 23:00:00-06,0.5466166666666666,40.96,0.0,0.63,-3.53455,0,-2.7223,-2.4372,0.2386166666666666,0.36648333333333327
10666,2016-02-07 00:00:00-06,0.5307833333333332,40.11,0.01,1.46,-3.3994699999999995,0,-2.7223,-2.72055,0.37976666666666653,0.26235
10678,2016-02-07 01:00:00-06,0.42751666666666654,37.91,0.0,1.76,-3.3599900000000003,0,-1.88293,-2.7208900000000003,0.3192666666666666,0.2873333333333333
10690,2016-02-07 02:00:00-06,0.42295,36.41,0.0,1.7,-2.82157,0,-2.06407,-2.72103,0.28735,0.28625
10702,2016-02-07 03:00:00-06,0.4842,35.33,0.0,1.4,-2.83933,0,-2.11499,-2.72138,0.36688333333333323,0.2534666666666666
10714,2016-02-07 04:00:00-06,0.4208,34.54,0.0,2.03,-2.79983,0,-2.3816900000000003,-2.72138,0.38696666666666657,0.2679333333333333
10726,2016-02-07 05:00:00-06,0.4883833333333332,33.64,0.0,1.84,-2.72618,0,-1.84323,-2.72138,0.6975833333333332,0.2623
10738,2016-02-07 06:00:00-06,0.4553333333333333,33.38,0.0,1.59,-3.02164,0,-2.0417099999999997,-3.40173,0.9829333333333332,0.2564166666666666
10750,2016-02-07 07:00:00-06,0.5025166666666666,34.47,0.01,1.83,-2.6409,0,-1.8712799999999998,-3.1579599999999997,0.4611666666666666,0.3073666666666666
10762,2016-02-07 08:00:00-06,3.4978333333333333,36.46,0.0,2.23,157.872,0,44.695,104.113,0.39856666666666657,0.5786
10774,2016-02-07 09:00:00-06,0.5623833333333332,42.79,0.01,2.99,344.57,0,200.065,303.21299999999997,0.39885,0.3266833333333333
10786,2016-02-07 10:00:00-06,0.3315166666666666,48.09,0.0,4.61,553.635,0,417.158,517.529,0.4168333333333333,0.3081
10798,2016-02-07 11:00:00-06,0.3049666666666666,53.27,0.0,4.89,696.7660000000001,0,718.319,670.2869999999999,0.37416666666666654,0.8514166666666666
10810,2016-02-07 12:00:00-06,0.3367166666666666,57.14,0.0,5.66,821.075,0,477.962,759.02,0.3100833333333333,0.3400833333333333
10822,2016-02-07 13:00:00-06,0.2829833333333333,60.83,0.0,6.08,843.035,0,460.81300000000005,782.034,0.3303,0.2483666666666666
10834,2016-02-07 14:00:00-06,0.4891,63.02,0.0,6.95,802.88,0,317.875,724.258,0.5378166666666666,0.40445
10846,2016-02-07 15:00:00-06,0.5282666666666666,64.65,0.0,5.94,446.215,0,183.55599999999998,600.888,0.6158166666666666,0.2907166666666666
10858,2016-02-07 16:00:00-06,0.40935,64.89,0.0,5.27,487.908,0,173.593,416.6,0.3790833333333333,2.5034666666666667
10870,2016-02-07 17:00:00-06,0.2628333333333333,63.82,0.0,3.78,180.222,0,76.5486,221.80900000000003,0.6898333333333332,0.2885
10882,2016-02-07 18:00:00-06,0.84565,60.79,0.0,3.09,17.9655,0,-0.985291,25.26,1.0026666666666664,0.8458833333333331
10894,2016-02-07 19:00:00-06,0.89165,57.17,0.05,3.48,-3.3994199999999997,0,-3.3536599999999996,-4.75239,0.5786333333333332,0.615
10906,2016-02-07 20:00:00-06,0.7212166666666665,54.21,0.03,3.12,-3.14551,0,-2.92939,-4.7544,0.35725,0.4918
10918,2016-02-07 21:00:00-06,1.1406166666666668,51.26,0.01,2.44,-2.72136,0,-2.94151,-3.18253,0.37211666666666654,0.40925
10930,2016-02-07 22:00:00-06,0.4736,49.64,0.02,1.72,-2.72143,0,-2.72099,-3.39923,0.3833,0.27795
10942,2016-02-07 23:00:00-06,0.3512666666666666,46.95,0.07,2.76,-2.72191,0,-2.72138,-2.8845,0.3062333333333333,0.26915
10954,2016-02-08 00:00:00-06,0.36613333333333326,45.67,0.04,2.48,-2.7223,1,-2.72138,-2.3465,0.2315166666666666,0.25945
10966,2016-02-08 01:00:00-06,0.4121333333333333,44.36,0.05,3.55,-2.6320799999999998,1,-1.7065299999999999,-2.2671,0.28035,0.2771166666666666
10978,2016-02-08 02:00:00-06,0.42715,45.18,0.06,4.32,-2.38282,1,-2.72138,-2.72055,0.3286166666666666,0.2667
10990,2016-02-08 03:00:00-06,0.3914833333333333,45.3,0.07,5.62,-2.536,1,-2.78983,-2.36916,0.35315,0.25985
11002,2016-02-08 04:00:00-06,0.4418833333333333,46.01,0.09,8.81,-2.64947,1,-2.7223,-2.27297,0.3541166666666666,0.2698333333333333
11014,2016-02-08 05:00:00-06,0.6621166666666666,45.05,0.11,7.76,-2.72323,1,-3.05721,-2.19932,0.42825,0.5402666666666666
11026,2016-02-08 06:00:00-06,0.8140666666666666,44.46,0.13,7.2,-2.74592,1,-3.3241199999999997,-2.31835,0.4199833333333333,0.8097666666666666
11038,2016-02-08 07:00:00-06,0.5095166666666666,44.63,0.13,6.83,-2.87118,1,-3.04661,-1.71165,0.5096833333333332,0.4156
11050,2016-02-08 08:00:00-06,0.4488833333333333,45.41,0.11,7.08,102.20299999999999,1,96.5951,93.0911,0.4911333333333332,0.3148333333333333
11062,2016-02-08 09:00:00-06,0.39656666666666657,48.3,0.11,8.23,275.154,1,307.435,291.15,0.6569833333333333,0.2647333333333333
11074,2016-02-08 10:00:00-06,0.2996,51.76,0.14,8.99,462.44599999999997,1,495.721,510.218,0.4781666666666666,0.27395
11086,2016-02-08 11:00:00-06,0.26035,54.96,0.18,9.11,451.99800000000005,1,646.1469999999999,663.888,0.2647666666666666,0.3026666666666666
11098,2016-02-08 12:00:00-06,0.2975666666666666,57.05,0.11,8.16,619.789,1,730.58,766.074,0.3491666666666666,0.2403666666666666
11110,2016-02-08 13:00:00-06,0.2814666666666666,59.7,0.09,7.97,552.2280000000001,1,735.3660000000001,784.2189999999999,0.4851666666666666,0.24485
11122,2016-02-08 14:00:00-06,0.2613833333333333,61.74,0.05,8.22,531.871,1,698.692,738.443,0.3367166666666666,0.3399666666666666
11134,2016-02-08 15:00:00-06,0.2504333333333333,62.67,0.03,8.49,449.406,1,501.337,602.284,0.22946666666666665,0.2829
11146,2016-02-08 16:00:00-06,0.271,62.5,0.02,8.27,327.357,1,379.68800000000005,428.26,0.3177,0.2875666666666666
11158,2016-02-08 17:00:00-06,0.8293833333333331,61.65,0.03,7.69,115.605,1,183.61700000000002,214.923,2.317333333333333,0.9934333333333332
11170,2016-02-08 18:00:00-06,1.2786666666666668,59.33,0.0,5.85,16.1526,1,-0.974575,25.7141,0.8018666666666666,0.72505
11182,2016-02-08 19:00:00-06,0.8877666666666666,55.69,0.01,3.73,-2.74376,1,-3.3161,-3.3975699999999995,0.6502833333333332,0.52225
11194,2016-02-08 20:00:00-06,2.3393333333333333,51.86,0.0,3.35,-3.06723,1,-3.2886300000000004,-2.80985,0.7688666666666666,0.3615166666666666
11206,2016-02-08 21:00:00-06,2.028916666666667,48.02,0.0,2.64,-2.72222,1,-2.98318,-2.7195400000000003,1.0009,0.3665166666666666
11218,2016-02-08 22:00:00-06,0.44325,45.79,0.0,2.26,-2.7223599999999997,1,-2.72308,-2.71976,0.65305,0.2348
11230,2016-02-08 23:00:00-06,0.4279833333333333,45.06,0.01,2.75,-2.96694,1,-3.06363,-2.71997,0.61355,0.2424333333333333
11242,2016-02-09 00:00:00-06,0.425,43.73,0.0,3.36,-2.72323,1,-2.75245,-2.72004,0.43816666666666654,0.2224333333333333
11254,2016-02-09 01:00:00-06,0.4354,42.12,0.0,3.96,-2.5303299999999997,1,-2.88895,-2.86179,0.4471333333333333,0.2516833333333333
11266,2016-02-09 02:00:00-06,0.4610833333333333,41.86,0.0,4.07,-2.72323,1,-2.72503,-2.72045,0.5121,0.26855
11278,2016-02-09 03:00:00-06,0.44721666666666654,40.78,0.0,5.32,-2.6155,1,-2.72534,-2.78281,0.42851666666666655,0.3977333333333333
11290,2016-02-09 04:00:00-06,0.4481333333333333,39.92,0.0,4.49,-2.53103,1,-2.72593,-2.89616,0.44025,0.3203833333333333
11302,2016-02-09 05:00:00-06,0.4439833333333333,38.8,0.0,4.43,-2.72415,1,-2.6408099999999997,-2.81687,0.5024,0.52155
11314,2016-02-09 06:00:00-06,1.0510666666666668,38.51,0.0,4.38,-2.72425,1,-2.78848,-3.3559300000000003,0.46575,2.2602333333333333
11326,2016-02-09 07:00:00-06,0.6364833333333332,38.72,0.0,4.69,-2.72425,1,-2.7263900000000003,-2.72138,1.674583333333333,2.8223333333333334
11338,2016-02-09 08:00:00-06,0.6827,40.86,0.0,4.29,55.2423,1,98.3846,20.7222,0.8144666666666666,0.2453166666666666
11350,2016-02-09 09:00:00-06,0.4130833333333333,46.25,0.0,4.01,276.072,1,305.726,86.5032,1.0812166666666667,0.2270833333333333
11362,2016-02-09 10:00:00-06,0.3040666666666666,52.1,0.0,4.64,331.966,1,493.286,186.62,2.9942,0.22761666666666666
11374,2016-02-09 11:00:00-06,0.3572166666666666,58.08,0.0,5.15,707.523,1,642.173,463.345,1.4777,0.25215
11386,2016-02-09 12:00:00-06,0.4867833333333332,61.63,0.0,5.8,799.801,1,726.3,764.63,0.5560833333333332,0.2359666666666666
11398,2016-02-09 13:00:00-06,1.170216666666667,64.72,0.0,5.72,821.323,1,740.045,792.877,0.3660166666666666,0.2384666666666666
11410,2016-02-09 14:00:00-06,1.6506,67.6,0.0,6.37,770.972,1,679.498,738.3539999999999,0.3787833333333333,0.3521166666666666
11422,2016-02-09 15:00:00-06,1.6830666666666667,69.69,0.0,5.86,648.944,1,551.374,625.523,1.7741166666666668,0.3414666666666666
11434,2016-02-09 16:00:00-06,1.8332,70.82,0.0,5.27,466.032,1,375.13,434.397,1.6081166666666669,0.25125
11446,2016-02-09 17:00:00-06,0.92985,70.18,0.0,4.63,248.62,1,169.041,224.25599999999997,0.5239333333333333,0.25715
11458,2016-02-09 18:00:00-06,0.5808333333333332,66.51,0.0,2.63,47.1986,1,1.8374400000000002,28.1152,0.8933833333333331,0.8584833333333332
11470,2016-02-09 19:00:00-06,0.2602333333333333,60.99,0.0,2.46,-4.078130000000001,1,-2.72317,-3.8061199999999995,0.5590166666666666,0.4525833333333333
11482,2016-02-09 20:00:00-06,0.5159833333333332,57.1,0.0,1.21,-3.4004,1,-2.7241400000000002,-3.39983,0.5842333333333332,0.39166666666666655
11494,2016-02-09 21:00:00-06,0.4555666666666666,53.37,0.0,1.82,-3.3563300000000003,1,-2.72474,-3.1798900000000003,0.5489333333333332,0.46025
11506,2016-02-09 22:00:00-06,0.3939166666666665,51.26,0.0,3.08,-3.3291199999999996,1,-2.7251,-3.40173,0.6447333333333332,0.2769
11518,2016-02-09 23:00:00-06,0.39886666666666654,51.48,0.0,3.34,-2.9896700000000003,1,-2.72553,-3.05668,0.4930166666666666,0.2349166666666666
11530,2016-02-10 00:00:00-06,0.3050666666666666,50.12,0.0,2.42,-3.06363,1,-2.38512,-2.99453,0.41105,0.2374166666666666
11542,2016-02-10 01:00:00-06,0.22716666666666666,46.27,0.0,2.55,-2.80265,1,-1.9023299999999999,-2.72267,0.43165,0.2371833333333333
11554,2016-02-10 02:00:00-06,0.2454333333333333,45.17,0.0,2.85,-3.06372,1,-1.8738099999999998,-2.81374,0.44346666666666656,0.3157833333333333
11566,2016-02-10 03:00:00-06,0.40141666666666653,43.78,0.0,2.79,-2.7240599999999997,1,-1.6977400000000002,-2.72323,0.44581666666666653,0.3060833333333333
11578,2016-02-10 04:00:00-06,0.4323833333333333,42.15,0.0,1.99,-2.72415,1,-1.70318,-2.72323,0.4095333333333333,0.3492333333333333
11590,2016-02-10 05:00:00-06,0.6759833333333332,40.9,0.0,2.22,-2.76955,1,-1.70317,-2.72371,0.6818,0.6318
11602,2016-02-10 06:00:00-06,0.8731666666666666,39.84,0.0,2.18,-2.7242599999999997,1,-1.70317,-2.7241400000000002,0.76745,0.91145
11614,2016-02-10 07:00:00-06,0.6402,39.88,0.0,1.68,-2.4008599999999998,1,-1.70297,-2.7408799999999998,0.9522333333333332,0.4354
11626,2016-02-10 08:00:00-06,0.5697166666666666,41.95,0.0,0.65,138.804,1,7.45873,86.2322,0.5989833333333332,0.42911666666666654
11638,2016-02-10 09:00:00-06,0.4787166666666666,49.79,0.0,0.84,339.407,1,38.0793,276.585,1.6004333333333332,0.4535833333333333
11650,2016-02-10 10:00:00-06,0.3498666666666666,54.75,0.01,2.33,549.231,1,58.976000000000006,530.431,1.0550166666666667,0.27825
11662,2016-02-10 11:00:00-06,0.277,59.41,0.01,3.72,703.128,1,100.476,691.0269999999999,0.9097833333333332,0.2407
11674,2016-02-10 12:00:00-06,0.2673666666666666,63.69,0.01,4.98,791.791,1,96.0593,772.5010000000001,0.3003666666666666,0.2575833333333333
11686,2016-02-10 13:00:00-06,0.2877666666666666,66.83,0.01,4.63,810.904,1,205.842,801.5060000000001,0.2895,0.2545833333333333
11698,2016-02-10 14:00:00-06,0.27425,69.86,0.01,5.23,764.4789999999999,1,133.966,750.938,0.36383333333333323,0.2891
11710,2016-02-10 15:00:00-06,0.2914,71.97,0.01,4.99,635.0219999999999,1,134.148,631.024,0.42195,0.3424833333333333
11722,2016-02-10 16:00:00-06,0.2733166666666666,72.96,0.01,5.29,456.156,1,36.3502,445.13599999999997,0.2901166666666666,0.2678833333333333
11734,2016-02-10 17:00:00-06,0.3038333333333333,72.35,0.01,5.06,242.81,1,15.6926,232.882,0.4212333333333333,0.2395166666666666
11746,2016-02-10 18:00:00-06,0.3584166666666666,69.69,0.0,4.5,46.5955,1,-1.02122,32.2436,0.55245,0.5749833333333332
11758,2016-02-10 19:00:00-06,1.3629,64.79,0.0,4.18,-3.93046,1,-1.83292,-3.5764400000000003,1.5591666666666668,0.7824666666666666
11770,2016-02-10 20:00:00-06,1.2545333333333333,62.03,0.0,4.28,-3.52403,1,-1.833,-3.4019699999999995,0.6987833333333332,0.9738
11782,2016-02-10 21:00:00-06,1.9989333333333332,59.93,0.0,4.68,-3.4006199999999995,1,-2.54245,-3.19334,0.3783166666666665,1.5407166666666667
11794,2016-02-10 22:00:00-06,1.5177,58.06,0.0,4.54,-3.24858,1,-1.7025299999999999,-3.0636200000000002,0.5525666666666667,0.365
11806,2016-02-10 23:00:00-06,0.2940333333333333,56.03,0.0,4.67,-3.1693,1,-1.7023099999999998,-2.9729900000000002,0.5271833333333332,0.4094833333333333
11818,2016-02-11 00:00:00-06,0.2329666666666666,55.96,0.0,4.55,-3.0567599999999997,1,-1.7021700000000002,-2.72412,0.4392,0.4895333333333332
11830,2016-02-11 01:00:00-06,0.2487666666666666,54.1,0.0,4.53,-2.81305,1,-1.70208,-2.72427,0.39081666666666653,0.57435
11842,2016-02-11 02:00:00-06,0.2355166666666666,53.08,0.0,4.17,-2.77906,1,-1.70202,-2.89527,0.3999666666666665,0.4592833333333333
11854,2016-02-11 03:00:00-06,0.21278333333333327,51.58,0.0,4.06,-2.72263,1,-2.2412900000000002,-3.00326,0.4321333333333333,0.5044333333333332
11866,2016-02-11 04:00:00-06,0.3091666666666666,50.65,0.0,4.27,-2.96076,1,-1.7025299999999999,-2.72518,0.40826666666666656,0.4512666666666666
11878,2016-02-11 05:00:00-06,0.5692166666666666,50.28,0.0,3.89,-2.7396599999999998,1,-2.05424,-2.72553,0.6901,0.6667666666666666
11890,2016-02-11 06:00:00-06,1.42995,49.77,0.0,3.47,-3.4036199999999996,1,-2.04304,-3.06623,0.7596666666666666,1.9551833333333333
11902,2016-02-11 07:00:00-06,0.4739333333333332,50.8,0.01,3.04,-2.67784,1,-2.3835599999999997,-2.72598,0.61365,0.8063
11914,2016-02-11 08:00:00-06,0.3020166666666666,51.77,0.01,3.08,145.31799999999998,1,27.1961,121.244,0.4481333333333333,0.7033166666666666
11926,2016-02-11 09:00:00-06,0.2351333333333333,58.86,0.01,3.97,346.63699999999994,1,147.20600000000002,327.024,0.3762,0.4521666666666666
11938,2016-02-11 10:00:00-06,0.29505,64.44,0.01,5.74,557.357,1,226.84599999999998,538.7869999999999,0.388,0.30255
11950,2016-02-11 11:00:00-06,0.2414833333333333,69.78,0.01,7.25,715.8560000000001,1,421.519,695.949,0.4560333333333333,0.9351833333333333
11962,2016-02-11 12:00:00-06,0.2381,74.17,0.01,7.06,804.623,1,370.30699999999996,791.534,0.5980833333333332,0.8468666666666665
11974,2016-02-11 13:00:00-06,0.2959666666666666,76.81,0.01,6.42,825.7080000000001,1,396.67800000000005,813.4839999999999,0.6128,0.6562833333333332
11986,2016-02-11 14:00:00-06,0.3905833333333333,78.7,0.01,6.43,770.9110000000001,1,562.524,750.9630000000001,0.73985,0.4905666666666666
11998,2016-02-11 15:00:00-06,0.38761666666666655,79.27,0.03,6.73,646.305,1,427.423,639.9259999999999,0.6033833333333332,0.41735
12010,2016-02-11 16:00:00-06,0.3764333333333333,79.07,0.01,5.75,456.704,1,130.026,449.10400000000004,0.6720166666666666,0.3782
12022,2016-02-11 17:00:00-06,0.4355333333333333,76.92,0.01,4.49,253.52700000000002,1,104.08,234.467,0.3556166666666666,0.7505666666666666
12034,2016-02-11 18:00:00-06,0.5448333333333332,73.41,0.01,3.89,50.4294,1,0.9069209999999999,33.7915,0.2672166666666666,0.7837
12046,2016-02-11 19:00:00-06,0.4693166666666666,69.06,0.01,4.47,-3.4321,1,-2.3075,-3.36275,0.2821833333333333,0.9071
12058,2016-02-11 20:00:00-06,0.39605,65.92,0.0,4.29,-3.3994400000000002,1,-2.38147,-3.08059,0.66185,0.8226166666666666
12070,2016-02-11 21:00:00-06,0.50245,62.93,0.0,4.16,-3.05471,1,-2.0927700000000002,-3.0587400000000002,0.4861666666666666,0.8040833333333332
12082,2016-02-11 22:00:00-06,0.3221166666666666,61.75,0.0,4.24,-2.94156,1,-2.25157,-2.84348,0.50695,0.6534333333333332
12094,2016-02-11 23:00:00-06,0.2554,60.09,0.01,4.09,-2.72097,1,-2.21208,-3.06502,0.48265,0.5850166666666666
12106,2016-02-12 00:00:00-06,0.2394666666666666,57.41,0.0,2.97,-2.72135,1,-2.38242,-2.8102099999999997,0.4317833333333333,0.6885
12118,2016-02-12 01:00:00-06,0.24305,55.48,0.01,2.83,-2.72138,1,-2.72321,-2.86707,0.40285,0.5817833333333332
12130,2016-02-12 02:00:00-06,0.2266333333333333,54.06,0.02,1.77,-2.72705,1,-2.38282,-2.8278,0.42546666666666655,0.54605
12142,2016-02-12 03:00:00-06,0.22711666666666666,52.88,0.03,2.21,-2.72138,1,-2.72323,-3.0667400000000002,0.4226666666666665,0.5478333333333332
12153,2016-02-12 04:00:00-06,0.2499666666666666,51.27,0.08,1.95,-2.7214400000000003,1,-2.72407,-2.7261599999999997,0.4284333333333333,0.5892333333333332
12164,2016-02-12 05:00:00-06,0.4680833333333332,49.77,0.15,1.42,-2.7444599999999997,1,-2.7242,-2.72645,0.7078,0.9260833333333331
12175,2016-02-12 06:00:00-06,0.77305,48.01,0.27,0.94,-3.3909599999999998,1,-2.7242,-3.06727,0.8036833333333331,1.0863833333333333
12186,2016-02-12 07:00:00-06,0.5183833333333332,48.22,0.3,1.54,-2.6597,1,-2.04334,-2.67548,0.5691666666666666,0.8117166666666666
12197,2016-02-12 08:00:00-06,0.3754833333333333,49.78,0.31,1.93,139.11,1,57.5718,116.399,0.9208,0.4824333333333332
12208,2016-02-12 09:00:00-06,0.3210833333333333,55.06,0.31,1.81,339.24699999999996,1,409.36,312.048,1.2127666666666668,0.32235
12219,2016-02-12 10:00:00-06,0.2814666666666666,61.24,0.29,1.85,547.955,1,158.49200000000002,515.53,0.72205,0.2909833333333333
12230,2016-02-12 11:00:00-06,0.2869833333333333,66.37,0.27,2.12,702.0089999999999,1,145.452,682.932,0.53225,0.3389333333333333
12241,2016-02-12 12:00:00-06,0.2820833333333333,70.36,0.25,2.86,792.31,1,174.173,828.2339999999999,0.3525833333333333,0.2657166666666666
12252,2016-02-12 13:00:00-06,0.3588666666666666,72.42,0.24,2.86,815.331,1,372.26199999999994,168.97799999999998,0.2628833333333333,0.2580166666666666
12263,2016-02-12 14:00:00-06,0.3091,74.94,0.25,3.83,757.6210000000001,1,188.09900000000002,107.87700000000001,0.2536,0.2984333333333333
12274,2016-02-12 15:00:00-06,0.2513,75.65,0.25,4.36,643.504,1,76.3134,84.977,0.27265,0.2725666666666666
12285,2016-02-12 16:00:00-06,0.2937166666666666,75.13,0.28,5.18,452.495,1,154.349,80.948,0.2813333333333333,0.2879166666666666
12296,2016-02-12 17:00:00-06,0.3091,73.88,0.29,5.22,244.232,1,26.6239,55.3537,0.6438166666666666,1.1784666666666668
12307,2016-02-12 18:00:00-06,0.5135166666666666,70.73,0.22,5.26,40.39,1,-0.691329,4.00767,1.0630333333333333,1.0416
12318,2016-02-12 19:00:00-06,0.6824166666666666,67.59,0.0,4.91,-3.3971,1,-1.995,-2.2450099999999997,0.4900166666666666,1.3407833333333332
12329,2016-02-12 20:00:00-06,1.517116666666667,64.76,0.0,4.94,-3.2513900000000002,1,-1.94405,-2.38121,3.31085,0.3367666666666666
12340,2016-02-12 21:00:00-06,0.9913833333333332,62.68,0.0,6.0,-3.0935099999999998,1,-1.9385700000000001,-2.38121,0.3138666666666666,1.0983666666666667
12351,2016-02-12 22:00:00-06,0.2959666666666666,60.65,0.0,5.39,-3.2248099999999997,1,-2.31278,-2.72145,0.3005666666666666,0.9030166666666666
12362,2016-02-12 23:00:00-06,0.3073333333333333,58.96,0.0,4.42,-3.06635,1,-4.01929,-3.06252,0.20518333333333327,0.5145666666666666
12373,2016-02-13 00:00:00-06,0.28555,58.25,0.35,4.01,-3.06153,0,-2.38121,-2.72273,0.2331666666666666,0.38465
12384,2016-02-13 01:00:00-06,0.2524333333333333,56.34,0.35,3.47,-2.9595,0,-2.72138,-2.74591,0.3467833333333333,0.4296833333333333
12395,2016-02-13 02:00:00-06,0.2959,54.88,0.36,2.2,-2.9316,0,-1.84883,-2.72323,0.3479,0.39005
12406,2016-02-13 03:00:00-06,0.2711833333333333,53.5,0.36,2.61,-3.15865,0,-1.70118,-1.9973599999999998,0.3465833333333333,0.40061666666666657
12417,2016-02-13 04:00:00-06,0.2522,51.62,0.36,1.57,-3.15319,0,-1.70128,-2.82539,0.36485,0.4587166666666666
12428,2016-02-13 05:00:00-06,0.2701833333333333,50.94,0.36,1.42,-2.7903599999999997,0,-1.70138,-2.72377,0.69395,0.39661666666666656
12439,2016-02-13 06:00:00-06,0.2904333333333333,50.44,0.37,1.56,-2.7223,0,-1.9053900000000001,-3.00791,0.882,0.4778333333333332
12450,2016-02-13 07:00:00-06,0.57195,49.88,0.36,1.54,-2.3820200000000002,0,-2.3816200000000003,-2.5823099999999997,0.5760666666666666,0.7489166666666666
12461,2016-02-13 08:00:00-06,0.49485,51.14,0.35,2.07,68.7276,0,31.2837,122.23100000000001,0.4233833333333333,0.6085
12472,2016-02-13 09:00:00-06,0.3722,54.63,0.37,2.95,213.043,0,112.397,319.346,0.3681666666666666,0.4992833333333332
12483,2016-02-13 10:00:00-06,2.3009,58.34,0.44,1.94,581.77,0,259.2,535.943,0.3946,0.3306
12494,2016-02-13 11:00:00-06,0.2505,63.25,0.55,3.66,152.96200000000002,0,267.687,699.4110000000001,0.27345,0.3138
12505,2016-02-13 12:00:00-06,0.2437833333333333,67.45,0.54,6.72,533.938,0,398.473,806.492,0.2428666666666666,0.2733666666666666
12516,2016-02-13 13:00:00-06,0.3042,71.09,0.51,7.71,858.2339999999999,0,313.448,828.2810000000001,0.32125,0.3190833333333333
12527,2016-02-13 14:00:00-06,0.2875666666666666,72.22,0.52,8.37,785.828,0,308.191,780.934,0.3833,0.3370333333333333
12538,2016-02-13 15:00:00-06,0.2691666666666666,72.18,0.32,8.94,650.952,0,336.57199999999995,656.2760000000001,0.3444833333333333,0.3327333333333333
12549,2016-02-13 16:00:00-06,0.2944666666666666,72.92,0.41,8.57,420.42800000000005,0,366.583,469.971,0.21468333333333328,0.2499
12560,2016-02-13 17:00:00-06,0.5648166666666666,71.86,0.42,9.29,278.485,0,168.78400000000002,253.822,0.3146,0.2978666666666666
12571,2016-02-13 18:00:00-06,0.9046,68.87,0.43,8.79,56.6126,0,2.39522,42.9153,1.3350166666666667,0.7069666666666666
12582,2016-02-13 19:00:00-06,1.4429,65.84,0.23,7.55,-2.90567,0,-3.4954699999999996,-4.08064,1.4160333333333333,0.2418666666666666
12593,2016-02-13 20:00:00-06,1.35365,64.06,0.12,7.31,-2.87817,0,-3.0943,-4.0822400000000005,0.4518166666666666,0.5277833333333332
12604,2016-02-13 21:00:00-06,1.2020666666666668,62.63,0.09,7.63,-2.88477,0,-2.88518,-3.56736,0.419,0.8008333333333331
12615,2016-02-13 22:00:00-06,0.7401666666666666,61.01,0.1,8.85,-2.7206900000000003,0,-2.88009,-3.35851,0.21875,0.4760333333333332
12626,2016-02-13 23:00:00-06,0.6767833333333332,59.16,0.09,7.94,-2.72128,0,-2.72138,-3.53455,0.20746666666666666,0.5466166666666666
12637,2016-02-14 00:00:00-06,0.2855,58.12,0.34,5.99,-2.72138,0,-2.72138,-3.3994699999999995,0.19483333333333328,0.5307833333333332
12648,2016-02-14 01:00:00-06,0.2683666666666666,57.01,0.71,6.03,-2.72138,0,-2.72138,-3.3599900000000003,0.19725,0.42751666666666654
12659,2016-02-14 02:00:00-06,0.2817,56.42,0.86,5.31,-2.7383900000000003,0,-3.05631,-2.82157,0.22181666666666666,0.42295
12670,2016-02-14 03:00:00-06,0.2836166666666666,56.46,0.91,3.88,-2.72145,0,-2.93214,-2.83933,0.2784833333333333,0.4842
12681,2016-02-14 04:00:00-06,0.2733166666666666,56.93,0.92,4.71,-2.72166,0,-2.7226,-2.79983,0.3281666666666666,0.4208
12692,2016-02-14 05:00:00-06,0.2824666666666666,57.28,0.94,5.23,-2.72181,0,-2.7231099999999997,-2.72618,0.6163166666666666,0.4883833333333332
12703,2016-02-14 06:00:00-06,0.27175,56.65,0.78,5.34,-3.21517,0,-3.06363,-3.02164,0.8077333333333331,0.4553333333333333
12714,2016-02-14 07:00:00-06,0.2846333333333333,56.81,0.54,3.99,-2.00179,0,-3.06363,-2.6409,0.4753666666666666,0.5025166666666666
12725,2016-02-14 08:00:00-06,0.7391166666666666,57.08,0.64,4.37,134.101,0,96.3341,157.872,0.45845,3.4978333333333333
12736,2016-02-14 09:00:00-06,0.8397666666666666,58.57,0.66,5.18,366.69800000000004,0,299.817,344.57,0.36911666666666654,0.5623833333333332
12747,2016-02-14 10:00:00-06,0.4748666666666666,60.84,0.74,7.11,575.182,0,485.315,553.635,0.2545666666666666,0.3315166666666666
12758,2016-02-14 11:00:00-06,0.79715,63.66,0.76,7.45,708.325,0,638.492,696.7660000000001,0.25355,0.3049666666666666
12769,2016-02-14 12:00:00-06,1.0324166666666668,65.99,0.53,7.19,810.965,0,725.555,821.075,0.2364666666666666,0.3367166666666666
12780,2016-02-14 13:00:00-06,0.3270166666666666,68.87,0.81,8.02,826.202,0,731.453,843.035,0.2510333333333333,0.2829833333333333
12791,2016-02-14 14:00:00-06,0.41385,72.09,0.58,7.15,748.2,0,686.582,802.88,0.3121166666666666,0.4891
12802,2016-02-14 15:00:00-06,0.3639,73.58,0.36,6.13,624.492,0,556.045,446.215,0.3267666666666666,0.5282666666666666
12813,2016-02-14 16:00:00-06,0.29345,73.42,0.29,5.26,463.07800000000003,0,378.67900000000003,487.908,0.21166666666666664,0.40935
12824,2016-02-14 17:00:00-06,0.3798,72.71,0.49,4.27,290.04900000000004,0,181.75099999999998,180.222,0.6419,0.2628333333333333
12835,2016-02-14 18:00:00-06,0.3506,70.39,0.13,2.51,26.7791,0,1.8504900000000002,17.9655,0.9502833333333331,0.84565
12846,2016-02-14 19:00:00-06,0.6507666666666666,67.75,0.2,4.24,-2.7185099999999998,0,-4.15608,-3.3994199999999997,0.7046,0.89165
12857,2016-02-14 20:00:00-06,0.4744666666666666,65.66,0.13,4.83,-2.43034,0,-3.4556199999999997,-3.14551,0.38631666666666653,0.7212166666666665
12868,2016-02-14 21:00:00-06,0.55155,64.15,0.14,4.87,-2.7195400000000003,0,-3.2982400000000003,-2.72136,0.45031666666666653,1.1406166666666668
12879,2016-02-14 22:00:00-06,0.4380833333333333,63.09,0.03,3.98,-2.71975,0,-3.65047,-2.72143,0.38876666666666654,0.4736
12890,2016-02-14 23:00:00-06,0.4596833333333333,61.24,0.03,3.85,-2.72007,0,-2.96517,-2.72191,0.3302333333333333,0.3512666666666666
12901,2016-02-15 00:00:00-06,0.3889833333333333,58.83,0.06,3.04,-2.7204599999999997,1,-2.72224,-2.7223,0.2294333333333333,0.36613333333333326
12912,2016-02-15 01:00:00-06,0.33335,57.43,0.35,1.7,-2.7204599999999997,1,-2.7223,-2.6320799999999998,0.231,0.4121333333333333
12923,2016-02-15 02:00:00-06,0.3115833333333333,57.18,0.69,2.03,-2.72054,1,-3.05125,-2.38282,0.2850166666666666,0.42715
12934,2016-02-15 03:00:00-06,0.2964833333333333,57.02,0.69,1.76,-2.72076,1,-2.0531599999999997,-2.536,0.36203333333333326,0.3914833333333333
12945,2016-02-15 04:00:00-06,0.27845,57.22,0.74,2.15,-2.72095,1,-1.21937,-2.64947,0.34945,0.4418833333333333
12956,2016-02-15 05:00:00-06,0.2752833333333333,57.49,0.81,3.44,-2.72136,1,-1.7746099999999998,-2.72323,0.41271666666666657,0.6621166666666666
12967,2016-02-15 06:00:00-06,0.7015,58.16,0.83,3.04,-2.8858,1,-1.70072,-2.74592,0.42545,0.8140666666666666
12978,2016-02-15 07:00:00-06,1.19375,58.5,0.78,2.6,-2.09758,1,-1.8024,-2.87118,0.4543333333333333,0.5095166666666666
12989,2016-02-15 08:00:00-06,0.31825,59.1,0.43,4.6,130.445,1,28.1795,102.20299999999999,0.5741333333333332,0.4488833333333333
13000,2016-02-15 09:00:00-06,0.4918333333333332,60.68,0.06,5.23,359.106,1,123.41799999999999,275.154,0.7342166666666665,0.39656666666666657
13011,2016-02-15 10:00:00-06,0.4387,63.62,0.04,5.34,563.278,1,472.34,462.44599999999997,0.6281,0.2996
13022,2016-02-15 11:00:00-06,0.3757,66.54,0.04,6.62,717.5830000000001,1,601.762,451.99800000000005,0.3365333333333333,0.26035
13033,2016-02-15 12:00:00-06,0.28155,69.57,0.05,6.95,800.98,1,725.2719999999999,619.789,1.2295333333333331,0.2975666666666666
13044,2016-02-15 13:00:00-06,0.2658666666666666,71.13,0.11,7.51,817.258,1,725.512,552.2280000000001,2.0213,0.2814666666666666
13055,2016-02-15 14:00:00-06,0.4461833333333333,72.04,0.03,6.67,768.3430000000001,1,678.802,531.871,0.2272333333333333,0.2613833333333333
13066,2016-02-15 15:00:00-06,0.3205166666666666,73.33,0.03,6.74,653.587,1,536.09,449.406,0.2692833333333333,0.2504333333333333
13077,2016-02-15 16:00:00-06,0.2384833333333333,73.06,0.01,6.99,470.504,1,379.18199999999996,327.357,0.2309166666666666,0.271
13088,2016-02-15 17:00:00-06,1.2342,72.43,0.01,6.34,255.951,1,187.567,115.605,0.21371666666666664,0.8293833333333331
13099,2016-02-15 18:00:00-06,0.4689333333333332,69.15,0.01,4.05,52.4405,1,4.63845,16.1526,0.3238,1.2786666666666668
13110,2016-02-15 19:00:00-06,0.58225,64.36,0.02,2.81,-3.46276,1,-3.76197,-2.74376,0.49145,0.8877666666666666
13121,2016-02-15 20:00:00-06,0.3311,59.83,0.0,2.01,-3.39641,1,-3.7406099999999998,-3.06723,1.15885,2.3393333333333333
13132,2016-02-15 21:00:00-06,0.32705,56.26,0.0,1.16,-2.79755,1,-3.40165,-2.72222,1.06395,2.028916666666667
13143,2016-02-15 22:00:00-06,0.20046666666666665,53.47,0.0,0.94,-3.08143,1,-3.0167,-2.7223599999999997,0.6378166666666666,0.44325
13154,2016-02-15 23:00:00-06,0.19201666666666664,51.35,0.14,1.19,-2.71952,1,-3.06259,-2.96694,0.5640166666666666,0.4279833333333333
13165,2016-02-16 00:00:00-06,0.2489833333333333,50.76,0.0,1.13,-2.7197,1,-3.04587,-2.72323,0.5156,0.425
13176,2016-02-16 01:00:00-06,0.2432333333333333,49.94,0.0,1.38,-3.39479,1,-3.04093,-2.5303299999999997,0.4194833333333333,0.4354
13187,2016-02-16 02:00:00-06,0.19895,49.06,0.0,2.42,-2.72059,1,-3.06428,-2.72323,0.4660166666666666,0.4610833333333333
13198,2016-02-16 03:00:00-06,0.19565,48.15,0.0,2.24,-2.72134,1,-3.06491,-2.6155,0.4366833333333333,0.44721666666666654
13209,2016-02-16 04:00:00-06,0.20633333333333329,47.16,0.01,1.61,-2.72138,1,-2.72499,-2.53103,0.49545,0.4481333333333333
13220,2016-02-16 05:00:00-06,0.43746666666666656,46.25,0.01,1.36,-2.7216099999999996,1,-2.72517,-2.72415,0.4962833333333332,0.4439833333333333
13231,2016-02-16 06:00:00-06,0.6578666666666666,45.97,0.01,1.46,-2.72142,1,-3.00943,-2.72425,0.46505,1.0510666666666668
13242,2016-02-16 07:00:00-06,0.4841833333333332,46.21,0.03,2.28,-1.84827,1,-3.06644,-2.72425,0.55265,0.6364833333333332
13253,2016-02-16 08:00:00-06,0.2646833333333333,49.26,0.02,1.82,43.7519,1,104.587,55.2423,0.77395,0.6827
13264,2016-02-16 09:00:00-06,0.22506666666666664,57.07,0.02,3.66,131.135,1,302.82,276.072,0.5693666666666666,0.4130833333333333
13275,2016-02-16 10:00:00-06,0.22331666666666666,63.33,0.02,5.48,237.71,1,485.79900000000004,331.966,0.3489166666666666,0.3040666666666666
13286,2016-02-16 11:00:00-06,0.2480333333333333,68.51,0.04,7.93,726.949,1,643.5369999999999,707.523,0.4322666666666666,0.3572166666666666
13297,2016-02-16 12:00:00-06,0.2464666666666666,72.13,0.04,8.58,784.7719999999999,1,730.3960000000001,799.801,0.4411333333333333,0.4867833333333332
13308,2016-02-16 13:00:00-06,0.36163333333333325,74.61,0.05,6.28,810.9789999999999,1,744.8489999999999,821.323,0.6911333333333332,1.170216666666667
13319,2016-02-16 14:00:00-06,0.4423833333333333,76.65,0.06,4.39,196.095,1,690.41,770.972,0.6972333333333331,1.6506
13330,2016-02-16 15:00:00-06,0.2395166666666666,77.14,0.07,3.82,682.73,1,559.625,648.944,0.4240833333333333,1.6830666666666667
13341,2016-02-16 16:00:00-06,0.20793333333333328,76.67,0.05,3.18,470.208,1,381.907,466.032,0.4218333333333333,1.8332
13352,2016-02-16 17:00:00-06,0.3881333333333333,75.38,0.05,3.83,238.739,1,192.855,248.62,0.8854666666666666,0.92985
13363,2016-02-16 18:00:00-06,1.85965,73.08,0.01,4.74,46.685,1,3.53104,47.1986,0.41226666666666656,0.5808333333333332
13374,2016-02-16 19:00:00-06,0.6108666666666666,69.53,0.07,5.43,-2.7166099999999997,1,-3.06154,-4.078130000000001,0.4140333333333333,0.2602333333333333
13385,2016-02-16 20:00:00-06,0.3766,66.23,0.02,4.82,-3.02913,1,-2.72238,-3.4004,0.5396,0.5159833333333332
13396,2016-02-16 21:00:00-06,0.3386,63.42,0.0,5.41,-2.84892,1,-2.7232,-3.3563300000000003,0.5456166666666666,0.4555666666666666
13407,2016-02-16 22:00:00-06,0.22391666666666665,61.57,0.02,5.64,-2.8498,1,-2.8593900000000003,-3.3291199999999996,0.55495,0.3939166666666665
13418,2016-02-16 23:00:00-06,0.2515166666666666,59.32,0.02,4.99,-2.71982,1,-2.72379,-2.9896700000000003,0.5135166666666666,0.39886666666666654
13429,2016-02-17 00:00:00-06,0.20888333333333328,57.4,0.02,4.83,-1.70028,1,-2.72415,-3.06363,0.36966666666666653,0.3050666666666666
13440,2016-02-17 01:00:00-06,0.2033,55.72,0.02,3.97,-2.3804,1,-2.7243,-2.80265,0.4233,0.22716666666666666
13451,2016-02-17 02:00:00-06,0.18266666666666662,54.38,0.03,3.62,-1.90432,1,-2.72497,-3.06372,0.4095833333333333,0.2454333333333333
13462,2016-02-17 03:00:00-06,0.19973333333333326,52.63,0.03,2.77,-1.70029,1,-2.72507,-2.7240599999999997,0.4482833333333333,0.40141666666666653
13473,2016-02-17 04:00:00-06,0.22261666666666666,50.87,0.03,2.58,-1.9326599999999998,1,-2.72518,-2.72415,0.42425,0.4323833333333333
13484,2016-02-17 05:00:00-06,0.41025,49.32,0.08,2.24,-2.0516799999999997,1,-2.7255,-2.76955,0.42261666666666653,0.6759833333333332
13495,2016-02-17 06:00:00-06,0.7065166666666666,48.26,0.19,1.67,-2.38043,1,-2.7255,-2.7242599999999997,0.44096666666666656,0.8731666666666666
13506,2016-02-17 07:00:00-06,0.3519,47.99,0.26,2.01,-1.3829,1,-2.7254400000000003,-2.4008599999999998,0.5947833333333332,0.6402
13517,2016-02-17 08:00:00-06,0.21625,50.45,0.25,2.51,140.99,1,37.9474,138.804,0.5724333333333332,0.5697166666666666
13528,2016-02-17 09:00:00-06,0.2214333333333333,54.87,0.28,3.28,393.69699999999995,1,284.39099999999996,339.407,1.1088833333333332,0.4787166666666666
13539,2016-02-17 10:00:00-06,0.37466666666666654,58.87,0.14,4.3,383.39,1,575.274,549.231,0.6727833333333332,0.3498666666666666
13550,2016-02-17 11:00:00-06,0.3085333333333333,62.96,0.04,3.79,733.676,1,694.73,703.128,1.66565,0.277
13561,2016-02-17 12:00:00-06,0.3164666666666666,66.27,0.04,4.92,810.6619999999999,1,742.591,791.791,0.8157833333333331,0.2673666666666666
13572,2016-02-17 13:00:00-06,0.3564166666666666,69.05,0.02,5.43,838.779,1,793.128,810.904,0.2146,0.2877666666666666
13583,2016-02-17 14:00:00-06,0.2504166666666666,71.45,0.02,6.37,781.033,1,700.74,764.4789999999999,0.2505166666666666,0.27425
13594,2016-02-17 15:00:00-06,0.2503833333333333,72.73,0.02,7.07,671.143,1,559.327,635.0219999999999,0.47845,0.2914
13605,2016-02-17 16:00:00-06,0.3127833333333333,73.11,0.02,6.89,479.48900000000003,1,369.23400000000004,456.156,0.3319333333333333,0.2733166666666666
13616,2016-02-17 17:00:00-06,0.6880333333333332,72.88,0.02,7.1,266.70599999999996,1,185.25900000000001,242.81,0.6359833333333332,0.3038333333333333
13627,2016-02-17 18:00:00-06,1.5104666666666668,69.87,0.01,6.59,56.5734,1,5.62467,46.5955,0.5460833333333333,0.3584166666666666
13638,2016-02-17 19:00:00-06,2.1522666666666668,66.25,0.02,5.36,-3.2504,1,-3.0314200000000002,-3.93046,0.57745,1.3629
13649,2016-02-17 20:00:00-06,0.92095,63.81,0.0,5.48,-3.00255,1,-2.72095,-3.52403,0.85755,1.2545333333333333
13660,2016-02-17 21:00:00-06,0.708,61.25,0.02,5.6,-2.7199,1,-2.7214099999999997,-3.4006199999999995,0.51565,1.9989333333333332
13671,2016-02-17 22:00:00-06,2.7667,59.83,0.02,6.6,-2.7204599999999997,1,-2.72226,-3.24858,2.9109,1.5177
13682,2016-02-17 23:00:00-06,0.2418333333333333,57.59,0.02,6.86,-2.7717099999999997,1,-2.7225599999999996,-3.1693,1.0235333333333332,0.2940333333333333
13693,2016-02-18 00:00:00-06,0.2314833333333333,55.61,0.06,6.03,-2.72132,1,-2.72283,-3.0567599999999997,0.4175,0.2329666666666666
13704,2016-02-18 01:00:00-06,0.22796666666666665,54.23,0.26,5.49,-3.0218700000000003,1,-2.72322,-2.81305,0.4301833333333333,0.2487666666666666
13715,2016-02-18 02:00:00-06,0.2273333333333333,52.94,0.59,4.62,-2.72138,1,-2.72323,-2.77906,0.45105,0.2355166666666666
13726,2016-02-18 03:00:00-06,0.23555,52.77,0.63,4.39,-2.72173,1,-2.72323,-2.72263,0.44126666666666653,0.21278333333333327
13737,2016-02-18 04:00:00-06,0.2328333333333333,53.7,0.8,4.32,-2.72143,1,-2.72323,-2.96076,0.3883,0.3091666666666666
13748,2016-02-18 05:00:00-06,0.456,54.31,0.91,3.84,-2.57974,1,-2.72323,-2.7396599999999998,0.4607833333333333,0.5692166666666666
13759,2016-02-18 06:00:00-06,0.66375,55.27,0.79,4.3,-2.8574599999999997,1,-2.72323,-3.4036199999999996,1.0126166666666665,1.42995
13770,2016-02-18 07:00:00-06,0.39956666666666657,55.71,0.8,4.8,-1.1509200000000002,1,-2.72323,-2.67784,0.4384,0.4739333333333332
13781,2016-02-18 08:00:00-06,2.5629666666666666,56.78,0.88,5.05,76.4256,1,90.6778,145.31799999999998,0.38806666666666656,0.3020166666666666
13792,2016-02-18 09:00:00-06,1.3647,58.62,0.72,6.04,370.621,1,181.07299999999998,346.63699999999994,0.41436666666666655,0.2351333333333333
13803,2016-02-18 10:00:00-06,0.2938833333333333,61.15,0.73,6.96,582.185,1,254.213,557.357,0.4097833333333333,0.29505
13814,2016-02-18 11:00:00-06,0.3386166666666666,65.38,0.69,8.69,744.18,1,506.161,715.8560000000001,0.3322666666666666,0.2414833333333333
13825,2016-02-18 12:00:00-06,0.27725,69.34,0.48,9.32,817.8480000000001,1,431.76300000000003,804.623,0.3349,0.2381
13836,2016-02-18 13:00:00-06,0.22013333333333326,72.67,0.14,9.99,843.5110000000001,1,535.802,825.7080000000001,0.39431666666666654,0.2959666666666666
13847,2016-02-18 14:00:00-06,0.20963333333333328,74.63,0.09,11.16,801.8380000000001,1,306.01,770.9110000000001,0.24505,0.3905833333333333
13858,2016-02-18 15:00:00-06,0.20795,76.2,0.01,9.58,687.696,1,600.77,646.305,0.3492,0.38761666666666655
13869,2016-02-18 16:00:00-06,0.20995,77.82,0.01,9.19,506.491,1,457.871,456.704,0.30895,0.3764333333333333
13880,2016-02-18 17:00:00-06,0.5344,76.98,0.02,9.79,276.059,1,170.03099999999998,253.52700000000002,0.3169833333333333,0.4355333333333333
13891,2016-02-18 18:00:00-06,0.2898,74.06,0.01,8.74,60.2417,1,4.9614,50.4294,1.1726333333333332,0.5448333333333332
13902,2016-02-18 19:00:00-06,0.5018,71.12,0.0,8.25,-3.2959300000000002,1,-2.74777,-3.4321,0.4671,0.4693166666666666
13913,2016-02-18 20:00:00-06,0.4610333333333333,68.48,0.0,9.23,-3.09876,1,-2.7197400000000003,-3.3994400000000002,0.32425,0.39605
13924,2016-02-18 21:00:00-06,0.3741333333333333,65.67,0.09,10.5,-2.94617,1,-2.72045,-3.05471,0.3556833333333333,0.50245
13935,2016-02-18 22:00:00-06,0.2403833333333333,64.01,0.62,11.17,-2.72024,1,-1.9554200000000002,-2.94156,0.3846,0.3221166666666666
13946,2016-02-18 23:00:00-06,0.21758333333333327,63.52,0.87,10.92,-2.72053,1,-1.7005099999999997,-2.72097,0.4100666666666665,0.2554
13957,2016-02-19 00:00:00-06,0.22425,63.54,0.88,9.19,-2.72048,1,-2.38043,-2.72135,0.4192,0.2394666666666666
13968,2016-02-19 01:00:00-06,0.2812666666666666,63.27,0.89,8.5,-2.73241,1,-2.72053,-2.72138,0.4808,0.24305
13979,2016-02-19 02:00:00-06,0.2390666666666666,62.88,0.9,7.33,-2.72138,1,-2.7210099999999997,-2.72705,0.5741166666666666,0.2266333333333333
13990,2016-02-19 03:00:00-06,0.22655,62.34,0.9,7.39,-1.7008599999999998,1,-2.72138,-2.72138,0.4357666666666665,0.22711666666666666
14001,2016-02-19 04:00:00-06,0.2251833333333333,62.54,0.92,8.73,-2.3809,1,-2.57397,-2.7214400000000003,0.34035,0.2499666666666666
14012,2016-02-19 05:00:00-06,0.4734666666666666,62.6,0.92,7.81,-2.38065,1,-2.72138,-2.7444599999999997,0.8719333333333331,0.4680833333333332
14023,2016-02-19 06:00:00-06,0.7001333333333332,62.65,0.92,6.15,-3.1569700000000003,1,-2.64201,-3.3909599999999998,0.7685333333333331,0.77305
14034,2016-02-19 07:00:00-06,0.4813666666666666,62.46,0.92,7.41,-0.929645,1,-2.38121,-2.6597,0.7367833333333332,0.5183833333333332
14045,2016-02-19 08:00:00-06,0.3631166666666666,62.84,0.93,6.66,150.09799999999998,1,28.9374,139.11,0.5374833333333332,0.3754833333333333
14056,2016-02-19 09:00:00-06,0.3349333333333333,63.84,0.92,7.38,281.035,1,131.766,339.24699999999996,0.5029166666666666,0.3210833333333333
14067,2016-02-19 10:00:00-06,0.3851333333333333,66.33,0.72,6.61,602.319,1,290.71299999999997,547.955,0.5594833333333332,0.2814666666666666
14078,2016-02-19 11:00:00-06,0.3241666666666666,69.23,0.48,8.54,730.67,1,610.029,702.0089999999999,0.47795,0.2869833333333333
14089,2016-02-19 12:00:00-06,0.2326,72.44,0.4,8.66,815.909,1,708.294,792.31,0.3727333333333333,0.2820833333333333
14100,2016-02-19 13:00:00-06,0.2123,74.54,0.33,7.84,831.961,1,722.674,815.331,0.3306333333333333,0.3588666666666666
14111,2016-02-19 14:00:00-06,0.2768833333333333,76.34,0.26,7.91,785.551,1,663.9860000000001,757.6210000000001,0.2988666666666666,0.3091
14122,2016-02-19 15:00:00-06,0.3424,78.19,0.16,7.78,709.209,1,561.748,643.504,0.36335,0.2513
14133,2016-02-19 16:00:00-06,0.2527333333333333,78.94,0.16,6.71,497.934,1,387.403,452.495,0.4965666666666666,0.2937166666666666
14144,2016-02-19 17:00:00-06,0.5868666666666666,78.53,0.15,6.7,290.36,1,179.112,244.232,0.3454166666666666,0.3091
14155,2016-02-19 18:00:00-06,1.7713,76.7,0.07,6.17,31.1966,1,6.9865699999999995,40.39,0.6199,0.5135166666666666
14166,2016-02-19 19:00:00-06,0.79865,73.55,0.02,5.13,-2.37793,1,-2.71857,-3.3971,1.8913666666666669,0.6824166666666666
14177,2016-02-19 20:00:00-06,0.40841666666666654,71.45,0.01,5.44,-1.7216,1,-2.71938,-3.2513900000000002,1.72885,1.517116666666667
14188,2016-02-19 21:00:00-06,0.3983333333333333,68.88,0.02,6.15,-2.7074700000000003,1,-2.71957,-3.0935099999999998,1.2782166666666668,0.9913833333333332
14199,2016-02-19 22:00:00-06,0.2568333333333333,67.54,0.36,5.94,-2.1754,1,-1.70566,-3.2248099999999997,0.5074,0.2959666666666666
14210,2016-02-19 23:00:00-06,0.2418166666666666,66.81,0.74,5.89,-1.86402,1,-2.72,-3.06635,0.46435,0.3073333333333333
14221,2016-02-20 00:00:00-06,0.2585333333333333,66.37,0.9,5.8,-2.20396,0,-2.72038,-3.06153,0.38771666666666654,0.28555
14232,2016-02-20 01:00:00-06,0.36198333333333327,66.05,0.91,5.68,-2.20396,0,-2.7204599999999997,-2.9595,0.3848666666666665,0.2524333333333333
14243,2016-02-20 02:00:00-06,0.2940333333333333,65.83,0.92,5.37,-1.7677,0,-2.72053,-2.9316,0.3236833333333333,0.2959
14254,2016-02-20 03:00:00-06,0.2595166666666666,65.7,0.81,5.19,-2.39093,0,-2.7206,-3.15865,0.3487166666666666,0.2711833333333333
14265,2016-02-20 04:00:00-06,0.2394833333333333,65.66,0.95,5.2,-1.6997099999999998,0,-2.78327,-3.15319,0.3367333333333333,0.2522
14276,2016-02-20 05:00:00-06,0.23055,65.41,0.96,5.79,-1.75637,0,-2.72134,-2.7903599999999997,0.56835,0.2701833333333333
14287,2016-02-20 06:00:00-06,0.2962666666666666,65.0,0.97,5.37,-2.2322900000000003,0,-2.7554,-2.7223,1.4509333333333332,0.2904333333333333
14298,2016-02-20 07:00:00-06,0.6713833333333332,64.93,0.96,5.08,-1.5977299999999999,0,-3.06156,-2.3820200000000002,0.5346,0.57195
14309,2016-02-20 08:00:00-06,0.4438333333333333,64.58,0.88,4.72,34.9178,0,19.0213,68.7276,0.51355,0.49485
14320,2016-02-20 09:00:00-06,0.4425,65.43,0.77,5.01,85.9262,0,141.938,213.043,0.5167333333333332,0.3722
14331,2016-02-20 10:00:00-06,0.4044833333333333,66.6,0.81,5.32,199.99900000000002,0,453.454,581.77,0.4644,2.3009
14342,2016-02-20 11:00:00-06,0.36618333333333325,67.55,0.95,5.77,385.074,0,615.549,152.96200000000002,2.021716666666667,0.2505
14353,2016-02-20 12:00:00-06,0.3734,68.16,0.97,6.25,384.10699999999997,0,373.097,533.938,0.4034333333333333,0.2437833333333333
14364,2016-02-20 13:00:00-06,0.4988333333333332,69.79,0.92,6.12,410.195,0,676.73,858.2339999999999,0.3513666666666666,0.3042
14375,2016-02-20 14:00:00-06,0.55385,71.14,0.77,6.19,301.75,0,680.799,785.828,0.4144,0.2875666666666666
14386,2016-02-20 15:00:00-06,0.48805,72.83,0.67,5.6,583.725,0,560.516,650.952,0.4712666666666666,0.2691666666666666
14397,2016-02-20 16:00:00-06,0.3302833333333333,73.67,0.72,4.81,331.44300000000004,0,383.00699999999995,420.42800000000005,0.3421833333333333,0.2944666666666666
14408,2016-02-20 17:00:00-06,1.2143166666666667,73.72,0.84,5.42,280.233,0,198.43400000000003,278.485,0.43906666666666655,0.5648166666666666
14419,2016-02-20 18:00:00-06,1.1782666666666668,72.9,0.83,4.78,28.5538,0,9.2698,56.6126,0.5871166666666666,0.9046
14430,2016-02-20 19:00:00-06,0.4521666666666666,71.95,0.8,5.46,-2.2646,0,-3.39905,-2.90567,0.5083833333333332,1.4429
14441,2016-02-20 20:00:00-06,0.3797833333333333,70.99,0.55,6.11,-2.07818,0,-3.3997599999999997,-2.87817,0.8609333333333331,1.35365
14452,2016-02-20 21:00:00-06,1.2875333333333332,69.6,0.32,7.99,-2.71862,0,-3.40065,-2.88477,0.9559333333333332,1.2020666666666668
14463,2016-02-20 22:00:00-06,0.5105666666666666,68.0,0.42,8.34,-2.71923,0,-3.2486099999999998,-2.7206900000000003,0.4604166666666666,0.7401666666666666
14474,2016-02-20 23:00:00-06,0.42681666666666657,66.97,0.43,7.05,-2.7195400000000003,0,-3.1362099999999997,-2.72128,0.41116666666666657,0.6767833333333332
14485,2016-02-21 00:00:00-06,0.2963833333333333,64.63,0.89,2.86,-2.7196,0,-2.86446,-2.72138,0.4837833333333332,0.2855
14496,2016-02-21 01:00:00-06,0.2473,64.37,1.0,2.97,-2.71982,0,-2.82533,-2.72138,0.5126333333333332,0.2683666666666666
14507,2016-02-21 02:00:00-06,0.23955,64.12,1.0,2.7,-2.72002,0,-2.72323,-2.7383900000000003,0.5106833333333332,0.2817
14518,2016-02-21 03:00:00-06,0.2321166666666666,63.84,1.0,3.47,-2.72036,0,-3.04149,-2.72145,0.5055666666666666,0.2836166666666666
14529,2016-02-21 04:00:00-06,0.24635,63.47,1.0,2.95,-1.98934,0,-3.16099,-2.72166,0.5227833333333332,0.2733166666666666
14540,2016-02-21 05:00:00-06,0.22916666666666666,63.6,1.0,2.31,-2.3804,0,-2.7243,-2.72181,0.7248666666666665,0.2824666666666666
14551,2016-02-21 06:00:00-06,0.3380666666666666,63.52,0.78,2.12,-2.71985,0,-3.17267,-3.21517,1.0274666666666668,0.27175
14562,2016-02-21 07:00:00-06,0.4818666666666666,63.63,1.0,2.41,-0.946254,0,-3.0656,-2.00179,1.2810166666666667,0.2846333333333333
14573,2016-02-21 08:00:00-06,0.5171166666666666,63.86,1.0,1.59,76.2167,0,107.947,134.101,0.5238333333333332,0.7391166666666666
14584,2016-02-21 09:00:00-06,0.48135,64.22,1.0,2.95,99.1795,0,306.557,366.69800000000004,0.5683833333333332,0.8397666666666666
14595,2016-02-21 10:00:00-06,0.3708166666666666,65.85,0.9,2.67,196.608,0,493.88,575.182,0.41946666666666654,0.4748666666666666
14606,2016-02-21 11:00:00-06,0.3456666666666666,67.23,1.0,2.54,314.579,0,653.486,708.325,0.2779833333333333,0.79715
14617,2016-02-21 12:00:00-06,0.3493666666666666,68.21,1.0,2.86,431.605,0,746.703,810.965,0.3385666666666666,1.0324166666666668
14628,2016-02-21 13:00:00-06,0.3639166666666666,67.95,1.0,2.89,771.962,0,764.311,826.202,1.39975,0.3270166666666666
14639,2016-02-21 14:00:00-06,1.1708,68.34,0.87,2.25,214.05200000000002,0,710.54,748.2,0.9460666666666664,0.41385
14650,2016-02-21 15:00:00-06,0.69115,69.53,0.67,2.45,586.956,0,580.3969999999999,624.492,2.138583333333333,0.3639
14661,2016-02-21 16:00:00-06,2.5269166666666667,70.63,0.84,1.81,451.517,0,402.61699999999996,463.07800000000003,0.23145,0.29345
14672,2016-02-21 17:00:00-06,0.3377666666666666,70.0,0.83,1.53,252.99200000000002,0,212.06400000000002,290.04900000000004,1.2583,0.3798
14683,2016-02-21 18:00:00-06,0.9419666666666664,69.23,0.7,0.96,30.3658,0,13.9263,26.7791,1.33305,0.3506
14694,2016-02-21 19:00:00-06,0.5794333333333332,68.35,0.77,0.95,-2.5817799999999997,0,-3.9619,-2.7185099999999998,2.584783333333333,0.6507666666666666
14705,2016-02-21 20:00:00-06,0.38355,67.59,0.95,1.47,-2.43535,0,-3.40204,-2.43034,1.6598833333333332,0.4744666666666666
14716,2016-02-21 21:00:00-06,0.3535333333333333,66.79,0.62,2.41,-2.6056,0,-3.31236,-2.7195400000000003,0.5048333333333332,0.55155
14727,2016-02-21 22:00:00-06,0.2727833333333333,65.4,0.42,2.37,-2.3792,0,-3.07496,-2.71975,0.4267166666666666,0.4380833333333333
14738,2016-02-21 23:00:00-06,0.2338,64.63,0.52,2.56,-2.44758,0,-3.0527,-2.72007,0.46745,0.4596833333333333
14749,2016-02-22 00:00:00-06,0.2261,63.41,0.7,2.46,-2.70821,1,-3.06474,-2.7204599999999997,0.38965,0.3889833333333333
14760,2016-02-22 01:00:00-06,0.2479333333333333,62.69,0.72,2.8,-2.39093,1,-2.95742,-2.7204599999999997,0.4475833333333333,0.33335
14771,2016-02-22 02:00:00-06,0.1979,61.86,0.81,1.58,-2.71992,1,-2.83862,-2.72054,0.4062833333333333,0.3115833333333333
14782,2016-02-22 03:00:00-06,0.19151666666666664,61.53,0.98,1.43,-2.72001,1,-2.72554,-2.72076,0.41131666666666655,0.2964833333333333
14793,2016-02-22 04:00:00-06,0.20556666666666665,60.9,0.94,1.79,-2.3803799999999997,1,-2.7259900000000004,-2.72095,0.4229,0.27845
14804,2016-02-22 05:00:00-06,0.22101666666666664,60.73,0.98,2.95,-2.3804,1,-2.72611,-2.72136,0.4107833333333333,0.2752833333333333
14815,2016-02-22 06:00:00-06,0.40076666666666655,60.12,0.96,3.32,-2.7202599999999997,1,-3.0672200000000003,-2.8858,0.4795166666666666,0.7015
14826,2016-02-22 07:00:00-06,0.40076666666666655,59.96,0.81,3.14,-1.04834,1,-2.72646,-2.09758,0.6421666666666666,1.19375
14837,2016-02-22 08:00:00-06,0.35965,59.15,0.98,5.39,46.9954,1,112.147,130.445,0.6559166666666666,0.31825
14848,2016-02-22 09:00:00-06,0.36755,59.58,0.9,5.81,37.5991,1,307.343,359.106,0.5806166666666666,0.4918333333333332
14859,2016-02-22 10:00:00-06,0.3698,58.73,0.98,5.51,519.367,1,491.847,563.278,0.3317333333333333,0.4387
14870,2016-02-22 11:00:00-06,0.3746333333333333,58.94,1.0,4.8,454.945,1,652.997,717.5830000000001,0.21108333333333326,0.3757
14881,2016-02-22 12:00:00-06,0.3701333333333333,61.0,0.99,3.71,343.048,1,741.1569999999999,800.98,0.2376166666666666,0.28155
14892,2016-02-22 13:00:00-06,0.3834833333333333,63.21,0.92,3.49,193.393,1,759.4939999999999,817.258,0.3506833333333333,0.2658666666666666
14903,2016-02-22 14:00:00-06,0.4440333333333333,65.53,0.73,3.19,807.693,1,704.799,768.3430000000001,0.6557833333333332,0.4461833333333333
14914,2016-02-22 15:00:00-06,0.3468666666666666,66.67,0.58,2.96,655.794,1,574.631,653.587,0.4807,0.3205166666666666
14925,2016-02-22 16:00:00-06,0.40036666666666654,66.76,0.64,2.76,447.98699999999997,1,401.249,470.504,0.3506166666666666,0.2384833333333333
14936,2016-02-22 17:00:00-06,0.32,66.36,0.65,3.02,257.98900000000003,1,210.044,255.951,0.28505,1.2342
14947,2016-02-22 18:00:00-06,0.6194333333333332,65.42,0.85,3.64,28.8191,1,13.5987,52.4405,0.55485,0.4689333333333332
14958,2016-02-22 19:00:00-06,0.4373333333333333,64.43,0.72,4.79,-2.7176,1,-3.29925,-3.46276,0.5143666666666666,0.58225
14969,2016-02-22 20:00:00-06,1.29465,62.96,0.68,5.54,-2.71834,1,-2.98306,-3.39641,0.4573666666666666,0.3311
14980,2016-02-22 21:00:00-06,0.37651666666666656,61.8,0.86,6.0,-2.71882,1,-3.0634,-2.79755,0.6984666666666666,0.32705
14991,2016-02-22 22:00:00-06,0.3393333333333333,60.79,0.62,6.37,-2.71941,1,-2.7233,-3.08143,0.7172666666666666,0.20046666666666665
15002,2016-02-22 23:00:00-06,0.2499166666666666,59.99,0.81,8.03,-2.7195400000000003,1,-2.7694900000000002,-2.71952,0.6346,0.19201666666666664
15013,2016-02-23 00:00:00-06,0.2389166666666666,59.67,0.72,4.98,-2.71955,1,-2.72421,-2.7197,0.4619166666666666,0.2489833333333333
15024,2016-02-23 01:00:00-06,0.2609,58.91,0.64,2.98,-1.6998400000000002,1,-2.7242599999999997,-3.39479,0.4515166666666666,0.2432333333333333
15035,2016-02-23 02:00:00-06,0.2796,58.16,0.39,1.15,-2.37963,1,-2.72485,-2.72059,0.5006333333333332,0.19895
15046,2016-02-23 03:00:00-06,0.2478,57.51,0.44,1.97,-2.71956,1,-2.72507,-2.72134,0.4660333333333332,0.19565
15057,2016-02-23 04:00:00-06,0.2572,57.21,0.45,2.99,-2.71991,1,-2.61153,-2.72138,0.444,0.20633333333333329
15068,2016-02-23 05:00:00-06,0.2831333333333333,56.87,0.66,3.69,-2.72011,1,-2.72507,-2.7216099999999996,0.48645,0.43746666666666656
15079,2016-02-23 06:00:00-06,0.8197666666666666,56.37,0.62,2.43,-2.72002,1,-2.72458,-2.72142,0.4822833333333332,0.6578666666666666
15090,2016-02-23 07:00:00-06,0.3431333333333333,56.33,0.53,3.22,-0.158667,1,-2.57101,-1.84827,0.7279,0.4841833333333332
15101,2016-02-23 08:00:00-06,0.40195,55.99,0.41,5.81,92.2524,1,104.625,43.7519,0.8581666666666666,0.2646833333333333
15112,2016-02-23 09:00:00-06,0.3790833333333333,56.96,0.35,7.12,164.99200000000002,1,296.368,131.135,0.8073833333333331,0.22506666666666664
15123,2016-02-23 10:00:00-06,0.3218,57.85,0.43,9.83,590.575,1,477.23199999999997,237.71,1.2122333333333333,0.22331666666666666
15134,2016-02-23 11:00:00-06,0.3328166666666666,56.46,0.52,13.12,744.421,1,638.649,726.949,0.3539333333333333,0.2480333333333333
15145,2016-02-23 12:00:00-06,0.3743333333333333,56.87,0.51,14.54,832.8539999999999,1,726.7130000000001,784.7719999999999,0.4709333333333332,0.2464666666666666
15156,2016-02-23 13:00:00-06,0.39201666666666657,57.44,0.44,16.01,858.2,1,741.559,810.9789999999999,0.4635666666666666,0.36163333333333325
15167,2016-02-23 14:00:00-06,0.4829333333333332,56.8,0.34,17.54,813.1,1,678.543,196.095,0.70115,0.4423833333333333
15178,2016-02-23 15:00:00-06,0.5469333333333332,55.4,0.28,16.38,705.3969999999999,1,550.913,682.73,0.4642166666666666,0.2395166666666666
15189,2016-02-23 16:00:00-06,0.9329666666666664,54.64,0.33,15.92,513.844,1,387.267,470.208,0.3993,0.20793333333333328
15200,2016-02-23 17:00:00-06,1.0700166666666668,53.47,0.35,14.36,285.915,1,199.61700000000002,238.739,0.24825,0.3881333333333333
15211,2016-02-23 18:00:00-06,0.4168333333333333,51.98,0.47,14.31,67.3277,1,6.68427,46.685,0.8392666666666666,1.85965
15222,2016-02-23 19:00:00-06,0.5785333333333332,50.24,0.72,16.33,-3.83205,1,-2.80463,-2.7166099999999997,0.6056166666666666,0.6108666666666666
15233,2016-02-23 20:00:00-06,0.93995,48.8,0.74,15.69,-3.39825,1,-2.7204200000000003,-3.02913,0.3963333333333333,0.3766
15244,2016-02-23 21:00:00-06,1.0682833333333333,48.89,0.8,14.88,-3.13888,1,-2.72051,-2.84892,0.3656666666666666,0.3386
15255,2016-02-23 22:00:00-06,0.3150166666666666,48.08,0.7,15.37,-3.06055,1,-2.7204900000000003,-2.8498,0.2470333333333333,0.22391666666666665
15266,2016-02-23 23:00:00-06,0.414,47.56,0.51,13.68,-2.88578,1,-2.7205,-2.71982,0.2484166666666666,0.2515166666666666
15277,2016-02-24 00:00:00-06,0.42886666666666656,47.02,0.07,8.76,-2.8016799999999997,1,-2.72091,-1.70028,0.23765,0.20888333333333328
15288,2016-02-24 01:00:00-06,0.43486666666666657,45.78,0.05,7.91,-2.72295,1,-2.7212,-2.3804,0.2344666666666666,0.2033
15299,2016-02-24 02:00:00-06,0.4811,45.32,0.03,7.72,-2.7913099999999997,1,-2.72138,-1.90432,0.3453833333333333,0.18266666666666662
15310,2016-02-24 03:00:00-06,0.37241666666666656,44.55,0.0,7.13,-2.72323,1,-2.72138,-1.70029,0.3181166666666666,0.19973333333333326
15321,2016-02-24 04:00:00-06,0.4206,43.82,0.0,6.5,-2.84837,1,-2.72138,-1.9326599999999998,0.2981166666666666,0.22261666666666666
15332,2016-02-24 05:00:00-06,0.68135,43.21,0.0,6.52,-2.72412,1,-2.72138,-2.0516799999999997,0.7573666666666666,0.41025
15343,2016-02-24 06:00:00-06,0.6591166666666666,43.23,0.0,6.77,-2.87738,1,-2.72138,-2.38043,0.8462333333333331,0.7065166666666666
15354,2016-02-24 07:00:00-06,0.4458833333333333,43.23,0.02,7.64,0.9648030000000001,1,-2.72705,-1.3829,0.5121,0.3519
15365,2016-02-24 08:00:00-06,0.5326333333333332,44.79,0.0,9.31,178.44299999999998,1,56.9053,140.99,0.4361833333333333,0.21625
15376,2016-02-24 09:00:00-06,0.5197666666666666,48.18,0.02,10.96,404.4,1,248.423,393.69699999999995,0.3634,0.2214333333333333
15387,2016-02-24 10:00:00-06,0.41521666666666657,51.82,0.02,10.88,621.004,1,464.32099999999997,383.39,0.3289166666666666,0.37466666666666654
15398,2016-02-24 11:00:00-06,0.4809,55.19,0.0,9.94,778.9119999999999,1,360.561,733.676,0.2933166666666666,0.3085333333333333
15409,2016-02-24 12:00:00-06,0.38631666666666653,58.35,0.0,9.48,869.428,1,639.696,810.6619999999999,0.2664333333333333,0.3164666666666666
15420,2016-02-24 13:00:00-06,0.5139166666666666,60.42,0.0,8.83,860.4689999999999,1,691.5260000000001,838.779,0.3499,0.3564166666666666
15431,2016-02-24 14:00:00-06,0.3934666666666666,62.02,0.02,8.13,844.817,1,393.96,781.033,0.3357333333333333,0.2504166666666666
15442,2016-02-24 15:00:00-06,0.36345,62.97,0.02,8.32,730.013,1,348.74800000000005,671.143,0.2668666666666666,0.2503833333333333
15453,2016-02-24 16:00:00-06,0.37846666666666656,63.28,0.0,7.39,547.616,1,166.47299999999998,479.48900000000003,1.1408833333333332,0.3127833333333333
15464,2016-02-24 17:00:00-06,0.4302833333333333,63.02,0.0,7.51,316.746,1,94.6888,266.70599999999996,0.80965,0.6880333333333332
15475,2016-02-24 18:00:00-06,0.6975,60.34,0.0,5.66,40.3973,1,2.3949599999999998,56.5734,0.3031333333333333,1.5104666666666668
15486,2016-02-24 19:00:00-06,0.2984333333333333,56.45,0.02,3.17,-4.23255,1,-2.7185200000000003,-3.2504,0.2735666666666666,2.1522666666666668
15497,2016-02-24 20:00:00-06,0.3480166666666666,52.86,0.0,2.44,-3.74145,1,-2.62276,-3.00255,1.5366166666666667,0.92095
15508,2016-02-24 21:00:00-06,0.2895166666666666,50.25,0.0,1.41,-4.0826,1,-2.70819,-2.7199,1.0895666666666668,0.708
15519,2016-02-24 22:00:00-06,0.2769666666666666,46.27,0.0,1.55,-3.0628900000000003,1,-2.5553,-2.7204599999999997,0.2639,2.7667
15530,2016-02-24 23:00:00-06,0.3499,44.92,0.0,1.62,-3.40401,1,-2.61249,-2.7717099999999997,0.2690666666666666,0.2418333333333333
15541,2016-02-25 00:00:00-06,0.3490333333333333,44.42,0.0,1.43,-3.17143,1,-2.3804,-2.72132,0.2564,0.2314833333333333
15552,2016-02-25 01:00:00-06,0.4367,42.74,0.0,1.68,-3.00195,1,-2.3805099999999997,-3.0218700000000003,0.2417833333333333,0.22796666666666665
15563,2016-02-25 02:00:00-06,0.40795,41.13,0.0,1.99,-3.06467,1,-2.38048,-2.72138,0.25105,0.2273333333333333
15574,2016-02-25 03:00:00-06,0.36498333333333327,41.56,0.0,2.43,-2.7753099999999997,1,-2.38081,-2.72173,0.2671333333333333,0.23555
15585,2016-02-25 04:00:00-06,0.42941666666666656,40.16,0.0,2.29,-2.7356,1,-2.46599,-2.72143,0.3093166666666666,0.2328333333333333
15596,2016-02-25 05:00:00-06,0.6622833333333332,39.09,0.0,2.42,-2.78114,1,-2.72138,-2.57974,0.6146833333333332,0.456
15607,2016-02-25 06:00:00-06,0.8048166666666666,38.46,0.0,2.87,-3.03677,1,-2.72138,-2.8574599999999997,0.9759333333333332,0.66375
15618,2016-02-25 07:00:00-06,0.3940833333333333,38.84,0.02,2.75,2.32155,1,-2.60799,-1.1509200000000002,0.8998333333333332,0.39956666666666657
15629,2016-02-25 08:00:00-06,0.37301666666666655,42.19,0.02,3.69,190.113,1,13.794,76.4256,0.5640166666666666,2.5629666666666666
15640,2016-02-25 09:00:00-06,0.4524666666666666,49.44,0.02,4.43,418.68800000000005,1,100.64,370.621,0.5003333333333332,1.3647
15651,2016-02-25 10:00:00-06,0.37046666666666656,56.06,0.02,4.38,631.724,1,258.418,582.185,0.5011166666666667,0.2938833333333333
15662,2016-02-25 11:00:00-06,0.5641666666666666,61.58,0.02,3.19,778.492,1,547.691,744.18,0.4992833333333332,0.3386166666666666
15673,2016-02-25 12:00:00-06,0.4474833333333333,65.02,0.04,3.48,861.329,1,714.404,817.8480000000001,0.44385,0.27725
15684,2016-02-25 13:00:00-06,0.3901333333333333,66.23,0.04,3.44,882.085,1,254.90900000000002,843.5110000000001,0.3731,0.22013333333333326
15695,2016-02-25 14:00:00-06,0.5432833333333332,66.51,0.04,5.02,833.763,1,134.635,801.8380000000001,1.1227833333333332,0.20963333333333328
15706,2016-02-25 15:00:00-06,0.5844,65.72,0.04,6.3,703.052,1,208.362,687.696,0.8547166666666666,0.20795
15717,2016-02-25 16:00:00-06,0.3936333333333333,64.5,0.02,7.02,523.719,1,81.6698,506.491,0.7835666666666666,0.20995
15728,2016-02-25 17:00:00-06,0.3477,63.04,0.02,6.83,291.642,1,30.6723,276.059,0.9187,0.5344
15739,2016-02-25 18:00:00-06,1.183366666666667,59.99,0.01,5.85,72.4295,1,2.5914,60.2417,0.8477833333333331,0.2898
15750,2016-02-25 19:00:00-06,0.91175,56.72,0.01,6.1,-3.3536699999999997,1,-1.86591,-3.2959300000000002,0.7328166666666664,0.5018
15761,2016-02-25 20:00:00-06,0.8794666666666666,54.52,0.0,6.21,-3.06035,1,-1.70197,-3.09876,0.6769666666666666,0.4610333333333333
15772,2016-02-25 21:00:00-06,3.6717333333333326,52.51,0.0,5.12,-2.7324900000000003,1,-1.70202,-2.94617,0.5381833333333332,0.3741333333333333
15783,2016-02-25 22:00:00-06,0.28515,49.86,0.0,4.97,-2.84611,1,-1.70202,-2.72024,0.6024333333333332,0.2403833333333333
15794,2016-02-25 23:00:00-06,0.21648333333333328,48.47,0.0,3.76,-3.05687,1,-1.70202,-2.72053,0.4496333333333333,0.21758333333333327
15805,2016-02-26 00:00:00-06,0.20298333333333327,47.36,0.0,3.42,-2.72254,1,-1.7020400000000002,-2.72048,0.5378166666666666,0.22425
15816,2016-02-26 01:00:00-06,0.3379666666666666,46.01,0.01,3.8,-2.72305,1,-1.70218,-2.73241,0.5605333333333332,0.2812666666666666
15827,2016-02-26 02:00:00-06,0.39225,44.99,0.03,3.7,-2.72322,1,-1.7023,-2.72138,0.5303333333333332,0.2390666666666666
15838,2016-02-26 03:00:00-06,0.41441666666666654,44.05,0.04,3.81,-2.83102,1,-1.7763099999999998,-1.7008599999999998,0.4675833333333332,0.22655
15849,2016-02-26 04:00:00-06,0.4106,43.23,0.05,2.84,-3.06363,1,-2.02034,-2.3809,0.44706666666666656,0.2251833333333333
15860,2016-02-26 05:00:00-06,0.5989,41.83,0.06,2.67,-3.06373,1,-3.77408,-2.38065,0.72605,0.4734666666666666
15871,2016-02-26 06:00:00-06,0.65205,40.26,0.07,2.44,-3.22356,1,-2.04316,-3.1569700000000003,0.9774833333333331,0.7001333333333332
15882,2016-02-26 07:00:00-06,0.3987333333333333,40.16,0.09,2.49,3.00841,1,-2.04315,-0.929645,0.5553333333333332,0.4813666666666666
15893,2016-02-26 08:00:00-06,0.3798166666666665,43.15,0.12,2.72,186.963,1,8.67802,150.09799999999998,0.51685,0.3631166666666666
15904,2016-02-26 09:00:00-06,0.4884833333333332,47.36,0.12,2.68,413.05199999999996,1,69.7307,281.035,0.4763,0.3349333333333333
15915,2016-02-26 10:00:00-06,0.5890833333333332,51.0,0.11,2.32,624.72,1,59.3378,602.319,0.41336666666666655,0.3851333333333333
15926,2016-02-26 11:00:00-06,0.5134833333333332,54.41,0.08,2.12,773.633,1,118.99,730.67,0.3608666666666666,0.3241666666666666
15937,2016-02-26 12:00:00-06,0.4163,57.58,0.09,3.11,854.071,1,161.075,815.909,0.2808666666666666,0.2326
15948,2016-02-26 13:00:00-06,0.5297166666666666,59.67,0.07,3.46,877.817,1,126.71600000000001,831.961,0.2364,0.2123
15959,2016-02-26 14:00:00-06,0.4115,61.31,0.1,3.67,822.9630000000001,1,180.697,785.551,0.277,0.2768833333333333
15970,2016-02-26 15:00:00-06,0.3426333333333333,63.2,0.09,4.35,725.65,1,162.612,709.209,0.2928333333333333,0.3424
15981,2016-02-26 16:00:00-06,0.3841833333333333,63.91,0.13,3.39,326.592,1,205.173,497.934,0.3003333333333333,0.2527333333333333
15992,2016-02-26 17:00:00-06,0.44441666666666657,63.34,0.14,3.98,257.785,1,49.4642,290.36,0.2458333333333333,0.5868666666666666
16003,2016-02-26 18:00:00-06,0.6387333333333332,61.3,0.1,3.7,25.2544,1,4.88432,31.1966,0.9934166666666664,1.7713
16014,2016-02-26 19:00:00-06,0.7509666666666666,56.99,0.01,3.02,-2.71943,1,-2.20127,-2.37793,1.4599166666666668,0.79865
16025,2016-02-26 20:00:00-06,0.38005,54.41,0.0,2.74,-2.72035,1,-2.38282,-1.7216,1.69415,0.40841666666666654
16036,2016-02-26 21:00:00-06,0.3466666666666666,52.19,0.0,3.02,-2.7208200000000002,1,-2.72337,-2.7074700000000003,3.033583333333333,0.3983333333333333
16047,2016-02-26 22:00:00-06,0.47395,50.76,0.02,2.6,-2.72138,1,-2.7298,-2.1754,0.6748666666666666,0.2568333333333333
16058,2016-02-26 23:00:00-06,0.3533333333333333,48.79,0.01,2.25,-2.72159,1,-2.72476,-1.86402,0.6469166666666666,0.2418166666666666
16069,2016-02-27 00:00:00-06,0.3362833333333333,47.32,0.05,3.11,-2.72226,0,-2.7253,-2.20396,0.7110666666666666,0.2585333333333333
16080,2016-02-27 01:00:00-06,0.4017,46.03,0.12,2.6,-2.38769,0,-2.7255700000000003,-2.20396,0.63585,0.36198333333333327
16091,2016-02-27 02:00:00-06,0.4406833333333333,45.21,0.09,2.08,-2.18351,0,-2.5840099999999997,-1.7677,0.6408333333333333,0.2940333333333333
16102,2016-02-27 03:00:00-06,0.4433833333333333,44.94,0.16,1.95,-2.04173,0,-2.726,-2.39093,0.6601,0.2595166666666666
16113,2016-02-27 04:00:00-06,0.4746,43.6,0.18,2.19,-2.72227,0,-2.72612,-1.6997099999999998,0.6168,0.2394833333333333
16124,2016-02-27 05:00:00-06,0.4972,42.8,0.19,2.28,-2.2118700000000002,0,-2.72646,-1.75637,0.6937833333333332,0.23055
16135,2016-02-27 06:00:00-06,0.8740666666666665,42.45,0.24,2.17,-2.57485,0,-2.72655,-2.2322900000000003,1.12005,0.2962666666666666
16146,2016-02-27 07:00:00-06,0.5728166666666666,43.29,0.23,2.12,-0.011343,0,-2.72655,-1.5977299999999999,0.8472,0.6713833333333332
16157,2016-02-27 08:00:00-06,0.5421,47.07,0.24,2.29,78.4364,0,110.82,34.9178,0.6917,0.4438333333333333
16168,2016-02-27 09:00:00-06,0.4921333333333332,53.54,0.39,4.95,316.496,0,312.295,85.9262,0.5672833333333333,0.4425
16179,2016-02-27 10:00:00-06,0.4774833333333332,59.59,0.28,7.19,357.327,0,520.535,199.99900000000002,0.4853,0.4044833333333333
16190,2016-02-27 11:00:00-06,0.7924,63.57,0.36,9.06,362.495,0,676.2660000000001,385.074,0.3598833333333333,0.36618333333333325
16201,2016-02-27 12:00:00-06,0.4343166666666666,66.8,0.4,9.8,339.379,0,768.738,384.10699999999997,0.3663166666666666,0.3734
16212,2016-02-27 13:00:00-06,0.3609,68.8,0.36,10.22,307.313,0,788.586,410.195,0.3600333333333333,0.4988333333333332
16223,2016-02-27 14:00:00-06,0.3867,70.22,0.29,10.81,282.64099999999996,0,737.7919999999999,301.75,0.37661666666666654,0.55385
16234,2016-02-27 15:00:00-06,0.41601666666666653,71.32,0.21,10.85,49.5729,0,616.93,583.725,0.46615,0.48805
16245,2016-02-27 16:00:00-06,0.40426666666666655,71.41,0.19,9.85,55.2628,0,424.539,331.44300000000004,0.7724,0.3302833333333333
16256,2016-02-27 17:00:00-06,0.37156666666666655,70.33,0.26,8.66,44.9914,0,216.53599999999997,280.233,0.2731833333333333,1.2143166666666667
16267,2016-02-27 18:00:00-06,0.36445,67.72,0.16,7.33,23.796,0,23.8256,28.5538,0.5818,1.1782666666666668
16278,2016-02-27 19:00:00-06,0.34415,64.21,0.04,6.18,-2.36836,0,-3.89874,-2.2646,0.6409666666666666,0.4521666666666666
16289,2016-02-27 20:00:00-06,0.2833,62.3,0.17,6.66,-2.23263,0,-3.92271,-2.07818,0.3491333333333333,0.3797833333333333
16300,2016-02-27 21:00:00-06,0.39656666666666657,60.55,0.04,6.23,-2.19328,0,-3.3394699999999995,-2.71862,0.2328,1.2875333333333332
16311,2016-02-27 22:00:00-06,0.3388333333333333,58.15,0.02,8.07,-2.18771,0,-2.98316,-2.71923,0.2415,0.5105666666666666
16322,2016-02-27 23:00:00-06,0.2746833333333333,56.86,0.07,8.23,-2.1537,0,-3.05167,-2.7195400000000003,0.2270833333333333,0.42681666666666657
16333,2016-02-28 00:00:00-06,0.28725,55.79,0.47,7.45,-2.21604,0,-2.75725,-2.7196,0.2277833333333333,0.2963833333333333
16344,2016-02-28 01:00:00-06,0.2668833333333333,55.62,0.54,6.99,-2.11405,0,-2.84826,-2.71982,0.3477833333333333,0.2473
16355,2016-02-28 02:00:00-06,0.2669,54.9,0.43,6.84,-2.38041,0,-2.72418,-2.72002,0.41326666666666656,0.23955
16366,2016-02-28 03:00:00-06,0.3286,53.82,0.45,6.18,-2.30108,0,-2.73,-2.72036,0.4452,0.2321166666666666
16377,2016-02-28 04:00:00-06,0.3506166666666666,53.32,0.52,5.69,-2.28412,0,-2.72485,-1.98934,0.42456666666666654,0.24635
16388,2016-02-28 05:00:00-06,0.3777833333333333,54.0,0.59,5.25,-2.38049,0,-2.72507,-2.3804,0.6540833333333332,0.22916666666666666
16399,2016-02-28 06:00:00-06,0.3405166666666666,54.4,0.54,4.83,-2.82253,0,-2.8331,-2.71985,1.084,0.3380666666666666
16410,2016-02-28 07:00:00-06,1.18275,55.32,0.58,4.84,3.62744,0,-2.72552,-0.946254,0.5784,0.4818666666666666
16421,2016-02-28 08:00:00-06,1.5735833333333331,56.77,0.75,5.92,112.579,0,105.052,76.2167,0.45215,0.5171166666666666
16432,2016-02-28 09:00:00-06,2.0660166666666666,59.69,0.75,7.8,365.149,0,327.07,99.1795,0.3256166666666666,0.48135
16443,2016-02-28 10:00:00-06,1.38395,62.24,0.87,9.28,336.663,0,485.9,196.608,0.2730166666666666,0.3708166666666666
16454,2016-02-28 11:00:00-06,0.8686,64.86,0.88,10.35,323.151,0,692.795,314.579,0.27515,0.3456666666666666
16465,2016-02-28 12:00:00-06,0.4047833333333333,67.62,0.93,11.6,293.991,0,741.221,431.605,0.2912666666666666,0.3493666666666666
16476,2016-02-28 13:00:00-06,0.3753166666666666,70.37,0.86,11.43,396.51,0,816.81,771.962,0.2889666666666666,0.3639166666666666
16487,2016-02-28 14:00:00-06,0.36996666666666655,72.8,0.73,11.35,457.496,0,699.703,214.05200000000002,0.3322666666666666,1.1708
16498,2016-02-28 15:00:00-06,0.38935,74.54,0.59,10.38,362.981,0,585.003,586.956,0.3610166666666666,0.69115
16509,2016-02-28 16:00:00-06,0.3678,75.27,0.63,9.49,269.64599999999996,0,296.813,451.517,0.2977833333333333,2.5269166666666667
16520,2016-02-28 17:00:00-06,0.3568333333333333,74.4,0.62,8.46,278.112,0,247.713,252.99200000000002,0.2444833333333333,0.3377666666666666
16531,2016-02-28 18:00:00-06,1.12655,72.4,0.52,6.63,72.9482,0,26.9389,30.3658,0.2669666666666666,0.9419666666666664
16542,2016-02-28 19:00:00-06,0.77035,69.98,0.54,4.58,-2.7185799999999998,0,-3.3991300000000004,-2.5817799999999997,0.2336333333333333,0.5794333333333332
16553,2016-02-28 20:00:00-06,0.55585,67.86,0.59,4.63,-2.8496599999999996,0,-3.21913,-2.43535,0.2266333333333333,0.38355
16564,2016-02-28 21:00:00-06,0.5481833333333332,65.5,0.43,5.7,-2.8045299999999997,0,-2.88576,-2.6056,0.2333,0.3535333333333333
16575,2016-02-28 22:00:00-06,0.4277333333333333,63.46,0.35,5.94,-2.73127,0,-2.72169,-2.3792,0.3002833333333333,0.2727833333333333
16586,2016-02-28 23:00:00-06,0.3287333333333333,61.81,0.16,5.93,-2.3804,0,-2.72229,-2.44758,0.42381666666666656,0.2338
16597,2016-02-29 00:00:00-06,0.3157333333333333,61.76,0.88,5.44,-2.7204900000000003,1,-2.85275,-2.70821,0.2369,0.2261
16608,2016-02-29 01:00:00-06,0.3145833333333333,62.53,0.9,6.21,-2.72047,1,-2.7223,-2.39093,0.23315,0.2479333333333333
16619,2016-02-29 02:00:00-06,0.27185,62.85,0.93,5.47,-2.72056,1,-2.7225099999999998,-2.71992,0.2975666666666666,0.1979
16630,2016-02-29 03:00:00-06,0.2493833333333333,62.49,0.96,4.83,-2.72091,1,-2.72275,-2.72001,0.36033333333333323,0.19151666666666664
16641,2016-02-29 04:00:00-06,0.24935,62.68,0.97,4.3,-2.72131,1,-2.72284,-2.3803799999999997,0.3847,0.20556666666666665
16652,2016-02-29 05:00:00-06,0.4313,62.79,0.96,3.87,-2.90848,1,-2.77993,-2.3804,0.39516666666666656,0.22101666666666664
16663,2016-02-29 06:00:00-06,0.7841,62.79,0.96,3.38,-2.72138,1,-3.08059,-2.7202599999999997,0.4108833333333333,0.40076666666666655
16674,2016-02-29 07:00:00-06,1.4328833333333333,62.87,0.97,3.2,0.997841,1,-2.96718,-1.04834,0.43901666666666656,0.40076666666666655
16685,2016-02-29 08:00:00-06,0.4028833333333333,63.03,0.99,3.59,65.9142,1,57.914,46.9954,0.5600666666666666,0.35965
16696,2016-02-29 09:00:00-06,0.41621666666666657,64.05,1.0,4.17,289.257,1,336.356,37.5991,0.8021333333333331,0.36755
16707,2016-02-29 10:00:00-06,0.4206,65.72,0.98,2.84,229.87400000000002,1,532.352,519.367,0.56625,0.3698
16718,2016-02-29 11:00:00-06,0.3651666666666666,68.71,0.78,4.31,422.975,1,676.9680000000001,454.945,0.3380833333333333,0.3746333333333333
16729,2016-02-29 12:00:00-06,0.3732666666666665,70.83,0.52,4.52,563.976,1,574.793,343.048,0.26505,0.3701333333333333
16740,2016-02-29 13:00:00-06,0.377,73.3,0.3,5.01,736.038,1,763.17,193.393,0.2764166666666666,0.3834833333333333
16751,2016-02-29 14:00:00-06,0.4563333333333333,74.73,0.32,4.67,364.856,1,734.775,807.693,0.2964166666666666,0.4440333333333333
16762,2016-02-29 15:00:00-06,0.4864,75.47,0.57,5.97,855.459,1,610.207,655.794,0.41301666666666653,0.3468666666666666
16773,2016-02-29 16:00:00-06,0.798933333333333,76.36,0.51,5.38,286.738,1,270.906,447.98699999999997,0.30515,0.40036666666666654
16784,2016-02-29 17:00:00-06,1.1584833333333333,75.89,0.13,4.59,315.159,1,286.651,257.98900000000003,0.2858666666666666,0.32
16795,2016-02-29 18:00:00-06,0.6657166666666666,74.3,0.23,4.55,78.1107,1,14.3547,28.8191,0.4557666666666666,0.6194333333333332
16806,2016-02-29 19:00:00-06,0.5325166666666666,72.26,0.19,5.47,-2.75726,1,-2.7191,-2.7176,1.44555,0.4373333333333333
16817,2016-02-29 20:00:00-06,0.36075,70.37,0.07,6.63,-2.7186,1,-2.47028,-2.71834,0.4535666666666666,1.29465
16828,2016-02-29 21:00:00-06,0.38595,68.34,0.06,7.58,-2.71919,1,-2.71983,-2.71882,0.3794833333333333,0.37651666666666656
16839,2016-02-29 22:00:00-06,0.31505,66.61,0.16,8.25,-2.7195400000000003,1,-2.39738,-2.71941,0.4368833333333333,0.3393333333333333
16850,2016-02-29 23:00:00-06,0.2615,65.59,0.8,8.87,-2.71959,1,-2.4372,-2.7195400000000003,0.36648333333333327,0.2499166666666666
16861,2016-03-01 00:00:00-06,0.2343333333333333,64.3,0.76,5.73,-2.7198700000000002,1,-2.72055,-2.71955,0.26235,0.2389166666666666
16872,2016-03-01 01:00:00-06,0.2357833333333333,64.13,0.7,5.55,-2.61236,1,-2.7208900000000003,-1.6998400000000002,0.2873333333333333,0.2609
16883,2016-03-01 02:00:00-06,0.2384333333333333,63.88,0.68,6.75,-2.72024,1,-2.72103,-2.37963,0.28625,0.2796
16894,2016-03-01 03:00:00-06,0.39556666666666657,63.43,0.67,6.07,-2.45397,1,-2.72138,-2.71956,0.2534666666666666,0.2478
16905,2016-03-01 04:00:00-06,0.2981833333333333,63.27,0.69,6.38,-1.7851700000000001,1,-2.72138,-2.71991,0.2679333333333333,0.2572
16916,2016-03-01 05:00:00-06,0.4564333333333333,63.45,0.75,6.53,-2.2723400000000002,1,-2.72138,-2.72011,0.2623,0.2831333333333333
16927,2016-03-01 06:00:00-06,0.5368,64.01,0.78,6.28,-2.37981,1,-3.40173,-2.72002,0.2564166666666666,0.8197666666666666
16938,2016-03-01 07:00:00-06,0.2834666666666666,64.5,0.75,6.3,2.7479299999999998,1,-3.1579599999999997,-0.158667,0.3073666666666666,0.3431333333333333
16949,2016-03-01 08:00:00-06,0.3828166666666665,65.14,0.69,5.58,31.8697,1,104.113,92.2524,0.5786,0.40195
16960,2016-03-01 09:00:00-06,0.4391,66.6,0.66,6.11,178.082,1,303.21299999999997,164.99200000000002,0.3266833333333333,0.3790833333333333
16971,2016-03-01 10:00:00-06,0.4145833333333333,69.35,0.53,6.82,405.569,1,517.529,590.575,0.3081,0.3218
16982,2016-03-01 11:00:00-06,0.4196833333333333,72.81,0.49,5.29,327.681,1,670.2869999999999,744.421,0.8514166666666666,0.3328166666666666
16993,2016-03-01 12:00:00-06,0.4439,75.5,0.56,4.55,852.6010000000001,1,759.02,832.8539999999999,0.3400833333333333,0.3743333333333333
17004,2016-03-01 13:00:00-06,0.42696666666666655,76.98,0.46,6.44,795.015,1,782.034,858.2,0.2483666666666666,0.39201666666666657
17015,2016-03-01 14:00:00-06,0.50685,76.71,0.3,6.39,760.69,1,724.258,813.1,0.40445,0.4829333333333332
17026,2016-03-01 15:00:00-06,0.5089,75.56,0.28,8.04,621.953,1,600.888,705.3969999999999,0.2907166666666666,0.5469333333333332
17037,2016-03-01 16:00:00-06,0.40166666666666656,74.4,0.27,7.65,492.401,1,416.6,513.844,2.5034666666666667,0.9329666666666664
17048,2016-03-01 17:00:00-06,0.38946666666666657,73.89,0.19,6.97,97.8637,1,221.80900000000003,285.915,0.2885,1.0700166666666668
17059,2016-03-01 18:00:00-06,1.373,71.55,0.16,6.59,73.2558,1,25.26,67.3277,0.8458833333333331,0.4168333333333333
17070,2016-03-01 19:00:00-06,0.9679333333333332,68.26,0.07,6.9,-3.39471,1,-4.75239,-3.83205,0.615,0.5785333333333332
17081,2016-03-01 20:00:00-06,2.742383333333333,65.63,0.01,5.55,-3.09632,1,-4.7544,-3.39825,0.4918,0.93995
17092,2016-03-01 21:00:00-06,1.5077166666666668,63.07,0.0,5.27,-2.71794,1,-3.18253,-3.13888,0.40925,1.0682833333333333
17103,2016-03-01 22:00:00-06,0.67975,60.58,0.01,5.17,-2.71861,1,-3.39923,-3.06055,0.27795,0.3150166666666666
17114,2016-03-01 23:00:00-06,0.26235,58.76,0.05,5.39,-2.54347,1,-2.8845,-2.88578,0.26915,0.414
17125,2016-03-02 00:00:00-06,0.294,58.21,0.2,3.96,-2.3795900000000003,1,-2.3465,-2.8016799999999997,0.25945,0.42886666666666656
17136,2016-03-02 01:00:00-06,0.39411666666666656,56.85,0.21,2.65,-2.3796,1,-2.2671,-2.72295,0.2771166666666666,0.43486666666666657
17147,2016-03-02 02:00:00-06,0.33595,54.93,0.21,2.51,-2.3796,1,-2.72055,-2.7913099999999997,0.2667,0.4811
17158,2016-03-02 03:00:00-06,0.28015,53.3,0.22,1.83,-2.7195400000000003,1,-2.36916,-2.72323,0.25985,0.37241666666666656
17169,2016-03-02 04:00:00-06,0.27325,51.91,0.23,0.85,-2.06803,1,-2.27297,-2.84837,0.2698333333333333,0.4206
17180,2016-03-02 05:00:00-06,0.4858833333333332,49.85,0.23,1.26,-2.19263,1,-2.19932,-2.72412,0.5402666666666666,0.68135
17191,2016-03-02 06:00:00-06,0.8404,48.1,0.11,1.71,-2.4929200000000002,1,-2.31835,-2.87738,0.8097666666666666,0.6591166666666666
17202,2016-03-02 07:00:00-06,2.2938666666666667,48.81,0.13,1.88,-1.02547,1,-1.71165,0.9648030000000001,0.4156,0.4458833333333333
17213,2016-03-02 08:00:00-06,0.36425,52.46,0.14,1.29,103.49,1,93.0911,178.44299999999998,0.3148333333333333,0.5326333333333332
17224,2016-03-02 09:00:00-06,0.40071666666666655,56.83,0.08,4.38,206.43200000000002,1,291.15,404.4,0.2647333333333333,0.5197666666666666
17235,2016-03-02 10:00:00-06,0.41265,60.33,0.06,4.4,258.015,1,510.218,621.004,0.27395,0.41521666666666657
17246,2016-03-02 11:00:00-06,0.389,64.16,0.1,4.71,748.317,1,663.888,778.9119999999999,0.3026666666666666,0.4809
17257,2016-03-02 12:00:00-06,0.42,68.04,0.1,5.14,417.389,1,766.074,869.428,0.2403666666666666,0.38631666666666653
17268,2016-03-02 13:00:00-06,0.53495,71.43,0.1,5.46,456.875,1,784.2189999999999,860.4689999999999,0.24485,0.5139166666666666
17279,2016-03-02 14:00:00-06,0.44775,73.12,0.07,6.42,632.721,1,738.443,844.817,0.3399666666666666,0.3934666666666666
17290,2016-03-02 15:00:00-06,0.38866666666666655,74.68,0.09,6.88,717.443,1,602.284,730.013,0.2829,0.36345
17301,2016-03-02 16:00:00-06,0.5498166666666666,75.1,0.38,6.31,296.616,1,428.26,547.616,0.2875666666666666,0.37846666666666656
17312,2016-03-02 17:00:00-06,1.1652166666666668,74.01,0.48,7.42,103.09,1,214.923,316.746,0.9934333333333332,0.4302833333333333
17323,2016-03-02 18:00:00-06,0.7984666666666665,72.25,0.58,7.46,70.2828,1,25.7141,40.3973,0.72505,0.6975
17334,2016-03-02 19:00:00-06,0.7877333333333331,69.75,0.4,9.64,-3.03423,1,-3.3975699999999995,-4.23255,0.52225,0.2984333333333333
17345,2016-03-02 20:00:00-06,1.0049166666666665,66.91,0.28,9.77,-2.89356,1,-2.80985,-3.74145,0.3615166666666666,0.3480166666666666
17356,2016-03-02 21:00:00-06,0.5119,65.78,0.65,10.94,-2.7073,1,-2.7195400000000003,-4.0826,0.3665166666666666,0.2895166666666666
17367,2016-03-02 22:00:00-06,0.3046166666666666,65.79,0.96,10.15,-2.71906,1,-2.71976,-3.0628900000000003,0.2348,0.2769666666666666
17378,2016-03-02 23:00:00-06,0.37905,65.79,0.98,10.69,-2.37356,1,-2.71997,-3.40401,0.2424333333333333,0.3499
17389,2016-03-03 00:00:00-06,0.3310833333333333,64.01,0.73,8.97,-2.71953,1,-2.72004,-3.17143,0.2224333333333333,0.3490333333333333
17400,2016-03-03 01:00:00-06,0.2970666666666666,64.63,0.66,8.81,-2.37393,1,-2.86179,-3.00195,0.2516833333333333,0.4367
17411,2016-03-03 02:00:00-06,0.28685,64.17,0.59,8.67,-2.7195400000000003,1,-2.72045,-3.06467,0.26855,0.40795
17422,2016-03-03 03:00:00-06,0.2643666666666666,64.04,0.53,9.06,-2.7195400000000003,1,-2.78281,-2.7753099999999997,0.3977333333333333,0.36498333333333327
17433,2016-03-03 04:00:00-06,0.2738,64.01,0.56,8.4,-2.7196,1,-2.89616,-2.7356,0.3203833333333333,0.42941666666666656
17444,2016-03-03 05:00:00-06,0.3530833333333333,64.14,0.64,6.45,-2.71978,1,-2.81687,-2.78114,0.52155,0.6622833333333332
17455,2016-03-03 06:00:00-06,0.8346333333333331,64.76,0.69,6.1,-2.71972,1,-3.3559300000000003,-3.03677,2.2602333333333333,0.8048166666666666
17466,2016-03-03 07:00:00-06,0.4181666666666666,65.76,0.66,5.19,0.861196,1,-2.72138,2.32155,2.8223333333333334,0.3940833333333333
17477,2016-03-03 08:00:00-06,1.44925,67.35,0.58,4.69,88.9179,1,20.7222,190.113,0.2453166666666666,0.37301666666666655
17488,2016-03-03 09:00:00-06,1.2909833333333331,69.55,0.38,5.21,389.54900000000004,1,86.5032,418.68800000000005,0.2270833333333333,0.4524666666666666
17499,2016-03-03 10:00:00-06,0.4477333333333333,73.05,0.2,6.03,593.495,1,186.62,631.724,0.22761666666666666,0.37046666666666656
17510,2016-03-03 11:00:00-06,0.3965333333333333,76.0,0.13,9.58,746.051,1,463.345,778.492,0.25215,0.5641666666666666
17521,2016-03-03 12:00:00-06,0.4017833333333333,77.4,0.07,9.76,825.3860000000001,1,764.63,861.329,0.2359666666666666,0.4474833333333333
17532,2016-03-03 13:00:00-06,0.4178333333333333,78.78,0.04,9.65,839.51,1,792.877,882.085,0.2384666666666666,0.3901333333333333
17543,2016-03-03 14:00:00-06,0.40231666666666654,79.49,0.03,9.76,790.0189999999999,1,738.3539999999999,833.763,0.3521166666666666,0.5432833333333332
17554,2016-03-03 15:00:00-06,0.41391666666666654,79.09,0.02,9.52,659.054,1,625.523,703.052,0.3414666666666666,0.5844
17565,2016-03-03 16:00:00-06,0.4978166666666666,78.41,0.01,8.45,476.416,1,434.397,523.719,0.25125,0.3936333333333333
17576,2016-03-03 17:00:00-06,0.4435833333333333,77.0,0.02,7.74,260.58,1,224.25599999999997,291.642,0.25715,0.3477
17587,2016-03-03 18:00:00-06,0.4038333333333333,74.53,0.01,6.6,64.824,1,28.1152,72.4295,0.8584833333333332,1.183366666666667
17598,2016-03-03 19:00:00-06,0.5443333333333332,70.46,0.01,5.78,-3.39319,1,-3.8061199999999995,-3.3536699999999997,0.4525833333333333,0.91175
17609,2016-03-03 20:00:00-06,0.5479333333333332,66.87,0.0,5.17,-2.7160900000000003,1,-3.39983,-3.06035,0.39166666666666655,0.8794666666666666
17620,2016-03-03 21:00:00-06,0.5683333333333332,63.92,0.0,3.75,-2.7170900000000002,1,-3.1798900000000003,-2.7324900000000003,0.46025,3.6717333333333326
17631,2016-03-03 22:00:00-06,0.43205,61.14,0.01,3.94,-2.71801,1,-3.40173,-2.84611,0.2769,0.28515
17642,2016-03-03 23:00:00-06,0.3274333333333333,58.85,0.11,2.82,-2.76396,1,-3.05668,-3.05687,0.2349166666666666,0.21648333333333328
17653,2016-03-04 00:00:00-06,0.269,57.14,0.01,2.63,-3.11585,1,-2.99453,-2.72254,0.2374166666666666,0.20298333333333327
17664,2016-03-04 01:00:00-06,0.2805666666666666,55.32,0.01,2.16,-3.39943,1,-2.72267,-2.72305,0.2371833333333333,0.3379666666666666
17675,2016-03-04 02:00:00-06,0.2827833333333333,53.77,0.01,2.06,-2.2096299999999998,1,-2.81374,-2.72322,0.3157833333333333,0.39225
17686,2016-03-04 03:00:00-06,0.2532333333333333,52.36,0.03,2.22,-2.56657,1,-2.72323,-2.83102,0.3060833333333333,0.41441666666666654
17697,2016-03-04 04:00:00-06,0.2745833333333333,50.72,0.05,2.1,-2.09078,1,-2.72323,-3.06363,0.3492333333333333,0.4106
17708,2016-03-04 05:00:00-06,0.4940833333333332,48.84,0.1,2.28,-3.4003900000000002,1,-2.72371,-3.06373,0.6318,0.5989
17719,2016-03-04 06:00:00-06,0.5101666666666665,48.03,0.1,3.2,-3.735,1,-2.7241400000000002,-3.22356,0.91145,0.65205
17730,2016-03-04 07:00:00-06,0.39226666666666654,48.84,0.28,2.07,8.67942,1,-2.7408799999999998,3.00841,0.4354,0.3987333333333333
17741,2016-03-04 08:00:00-06,0.39675,52.75,0.28,1.64,198.655,1,86.2322,186.963,0.42911666666666654,0.3798166666666665
17752,2016-03-04 09:00:00-06,0.4633333333333332,58.32,0.28,2.28,412.478,1,276.585,413.05199999999996,0.4535833333333333,0.4884833333333332
17763,2016-03-04 10:00:00-06,0.43735,62.22,0.28,3.1,618.9069999999999,1,530.431,624.72,0.27825,0.5890833333333332
17774,2016-03-04 11:00:00-06,0.4089833333333333,65.75,0.11,4.29,769.435,1,691.0269999999999,773.633,0.2407,0.5134833333333332
17785,2016-03-04 12:00:00-06,0.4164333333333333,68.44,0.07,4.63,857.33,1,772.5010000000001,854.071,0.2575833333333333,0.4163
17796,2016-03-04 13:00:00-06,0.39721666666666655,70.62,0.05,5.25,872.675,1,801.5060000000001,877.817,0.2545833333333333,0.5297166666666666
17807,2016-03-04 14:00:00-06,0.39435,72.52,0.07,5.49,823.7819999999999,1,750.938,822.9630000000001,0.2891,0.4115
17818,2016-03-04 15:00:00-06,0.3784833333333333,73.68,0.08,6.05,709.355,1,631.024,725.65,0.3424833333333333,0.3426333333333333
17829,2016-03-04 16:00:00-06,0.3718333333333333,74.26,0.09,6.18,528.596,1,445.13599999999997,326.592,0.2678833333333333,0.3841833333333333
17840,2016-03-04 17:00:00-06,0.8992,73.56,0.09,5.93,288.471,1,232.882,257.785,0.2395166666666666,0.44441666666666657
17851,2016-03-04 18:00:00-06,0.6342666666666666,70.4,0.07,5.26,83.6594,1,32.2436,25.2544,0.5749833333333332,0.6387333333333332
17862,2016-03-04 19:00:00-06,0.5762333333333332,66.15,0.11,4.34,-3.01792,1,-3.5764400000000003,-2.71943,0.7824666666666666,0.7509666666666666
17873,2016-03-04 20:00:00-06,1.1261,63.35,0.08,4.26,-2.9852,1,-3.4019699999999995,-2.72035,0.9738,0.38005
17884,2016-03-04 21:00:00-06,0.6389833333333332,60.96,0.05,4.25,-2.83285,1,-3.19334,-2.7208200000000002,1.5407166666666667,0.3466666666666666
17895,2016-03-04 22:00:00-06,0.25965,59.8,0.06,4.99,-2.74263,1,-3.0636200000000002,-2.72138,0.365,0.47395
17906,2016-03-04 23:00:00-06,0.2567166666666666,58.18,0.08,5.43,-2.7828,1,-2.9729900000000002,-2.72159,0.4094833333333333,0.3533333333333333
17917,2016-03-05 00:00:00-06,0.25995,58.27,0.24,3.66,-2.7204900000000003,0,-2.72412,-2.72226,0.4895333333333332,0.3362833333333333
17928,2016-03-05 01:00:00-06,0.2304833333333333,56.3,0.8,2.98,-1.7004299999999999,0,-2.72427,-2.38769,0.57435,0.4017
17939,2016-03-05 02:00:00-06,0.2620666666666666,56.96,0.78,2.93,-2.02338,0,-2.89527,-2.18351,0.4592833333333333,0.4406833333333333
17950,2016-03-05 03:00:00-06,0.2430833333333333,56.51,0.72,3.13,-2.32373,0,-3.00326,-2.04173,0.5044333333333332,0.4433833333333333
17961,2016-03-05 04:00:00-06,0.2253,56.43,0.8,1.89,-1.9383,0,-2.72518,-2.72227,0.4512666666666666,0.4746
17972,2016-03-05 05:00:00-06,0.2399666666666666,56.58,0.86,1.75,-2.1364,0,-2.72553,-2.2118700000000002,0.6667666666666666,0.4972
17983,2016-03-05 06:00:00-06,0.29485,56.9,0.9,1.91,-2.2663900000000003,0,-3.06623,-2.57485,1.9551833333333333,0.8740666666666665
17994,2016-03-05 07:00:00-06,0.4942833333333332,57.06,0.95,1.64,3.6034699999999997,0,-2.72598,-0.011343,0.8063,0.5728166666666666
18005,2016-03-05 08:00:00-06,0.5513166666666666,58.18,0.9,2.48,68.085,0,121.244,78.4364,0.7033166666666666,0.5421
18016,2016-03-05 09:00:00-06,0.4881166666666666,60.5,0.85,3.26,85.813,0,327.024,316.496,0.4521666666666666,0.4921333333333332
18027,2016-03-05 10:00:00-06,0.3904666666666666,63.48,0.66,3.53,196.21,0,538.7869999999999,357.327,0.30255,0.4774833333333332
18038,2016-03-05 11:00:00-06,0.4455833333333333,66.43,0.28,3.64,441.38699999999994,0,695.949,362.495,0.9351833333333333,0.7924
18049,2016-03-05 12:00:00-06,0.44621666666666654,69.6,0.17,4.04,135.41299999999998,0,791.534,339.379,0.8468666666666665,0.4343166666666666
18060,2016-03-05 13:00:00-06,0.41581666666666656,72.02,0.15,3.74,476.825,0,813.4839999999999,307.313,0.6562833333333332,0.3609
18071,2016-03-05 14:00:00-06,0.4205,74.35,0.12,4.52,444.457,0,750.9630000000001,282.64099999999996,0.4905666666666666,0.3867
18082,2016-03-05 15:00:00-06,0.3650666666666666,75.84,0.08,5.63,360.88699999999994,0,639.9259999999999,49.5729,0.41735,0.41601666666666653
18093,2016-03-05 16:00:00-06,0.36453333333333326,76.23,0.14,5.53,213.49599999999998,0,449.10400000000004,55.2628,0.3782,0.40426666666666655
18104,2016-03-05 17:00:00-06,0.4915166666666666,75.49,0.15,6.44,233.31799999999998,0,234.467,44.9914,0.7505666666666666,0.37156666666666655
18115,2016-03-05 18:00:00-06,0.9875,73.64,0.15,5.25,43.3953,0,33.7915,23.796,0.7837,0.36445
18126,2016-03-05 19:00:00-06,0.5517,70.32,0.1,4.23,-2.71794,0,-3.36275,-2.36836,0.9071,0.34415
18137,2016-03-05 20:00:00-06,0.52035,67.99,0.08,4.16,-2.7189099999999997,0,-3.08059,-2.23263,0.8226166666666666,0.2833
18148,2016-03-05 21:00:00-06,0.4008833333333333,65.58,0.08,4.65,-1.8752400000000002,0,-3.0587400000000002,-2.19328,0.8040833333333332,0.39656666666666657
18159,2016-03-05 22:00:00-06,0.37121666666666653,63.93,0.04,4.87,-2.07931,0,-2.84348,-2.18771,0.6534333333333332,0.3388333333333333
18170,2016-03-05 23:00:00-06,0.37505,62.02,0.15,5.78,-2.3796,0,-3.06502,-2.1537,0.5850166666666666,0.2746833333333333
18181,2016-03-06 00:00:00-06,0.2857666666666666,60.85,0.29,6.72,-2.3796,0,-2.8102099999999997,-2.21604,0.6885,0.28725
18192,2016-03-06 01:00:00-06,0.2720333333333333,59.0,0.35,5.94,-2.34564,0,-2.86707,-2.11405,0.5817833333333332,0.2668833333333333
18203,2016-03-06 02:00:00-06,0.2755333333333333,57.39,0.48,5.2,-1.8416599999999999,0,-2.8278,-2.38041,0.54605,0.2669
18214,2016-03-06 03:00:00-06,0.2732666666666666,56.83,0.83,4.63,-1.8418700000000001,0,-3.0667400000000002,-2.30108,0.5478333333333332,0.3286
18225,2016-03-06 04:00:00-06,0.2755833333333333,56.81,0.84,4.92,-2.38022,0,-2.7261599999999997,-2.28412,0.5892333333333332,0.3506166666666666
18236,2016-03-06 05:00:00-06,0.3239,57.0,0.88,5.07,-1.70009,0,-2.72645,-2.38049,0.9260833333333331,0.3777833333333333
18247,2016-03-06 06:00:00-06,0.2796166666666666,57.12,0.93,5.13,-2.37995,0,-3.06727,-2.82253,1.0863833333333333,0.3405166666666666
18258,2016-03-06 07:00:00-06,0.5476333333333332,57.6,0.96,5.19,1.5071,0,-2.67548,3.62744,0.8117166666666666,1.18275
18269,2016-03-06 08:00:00-06,0.6874666666666666,59.02,0.89,6.63,96.1662,0,116.399,112.579,0.4824333333333332,1.5735833333333331
18280,2016-03-06 09:00:00-06,0.6431333333333332,61.18,0.86,7.98,178.84400000000002,0,312.048,365.149,0.32235,2.0660166666666666
18291,2016-03-06 10:00:00-06,0.52015,64.01,0.86,9.51,430.81,0,515.53,336.663,0.2909833333333333,1.38395
18302,2016-03-06 11:00:00-06,0.7841166666666666,66.45,0.81,9.98,343.031,0,682.932,323.151,0.3389333333333333,0.8686
18313,2016-03-06 12:00:00-06,0.69305,68.27,0.78,10.84,247.301,0,828.2339999999999,293.991,0.2657166666666666,0.4047833333333333
18324,2016-03-06 13:00:00-06,0.4992666666666666,70.02,0.81,11.34,327.37,0,168.97799999999998,396.51,0.2580166666666666,0.3753166666666666
18335,2016-03-06 14:00:00-06,0.56725,71.88,0.64,11.48,900.39,0,107.87700000000001,457.496,0.2984333333333333,0.36996666666666655
18346,2016-03-06 15:00:00-06,0.41015,73.41,0.63,12.03,765.243,0,84.977,362.981,0.2725666666666666,0.38935
18357,2016-03-06 16:00:00-06,2.931633333333333,73.57,0.7,12.06,556.9680000000001,0,80.948,269.64599999999996,0.2879166666666666,0.3678
18368,2016-03-06 17:00:00-06,1.1992333333333332,73.9,0.68,12.54,292.619,0,55.3537,278.112,1.1784666666666668,0.3568333333333333
18379,2016-03-06 18:00:00-06,2.3951333333333333,72.14,0.82,11.58,45.5915,0,4.00767,72.9482,1.0416,1.12655
18390,2016-03-06 19:00:00-06,1.4914666666666667,69.95,0.82,9.94,-2.37794,0,-2.2450099999999997,-2.7185799999999998,1.3407833333333332,0.77035
18401,2016-03-06 20:00:00-06,1.001183333333333,67.84,0.78,10.94,-2.1858299999999997,0,-2.38121,-2.8496599999999996,0.3367666666666666,0.55585
18412,2016-03-06 21:00:00-06,0.41476666666666656,65.91,0.63,11.87,-2.37879,0,-2.38121,-2.8045299999999997,1.0983666666666667,0.5481833333333332
18423,2016-03-06 22:00:00-06,0.2558166666666666,64.38,0.57,11.45,-2.71895,0,-2.72145,-2.73127,0.9030166666666666,0.4277333333333333
18434,2016-03-06 23:00:00-06,0.2416333333333333,63.93,0.71,10.8,-2.34521,0,-3.06252,-2.3804,0.5145666666666666,0.3287333333333333
18445,2016-03-07 00:00:00-06,0.2499833333333333,64.45,0.91,10.8,-2.71923,1,-2.72273,-2.7204900000000003,0.38465,0.3157333333333333
18456,2016-03-07 01:00:00-06,0.2332166666666666,64.06,0.93,10.81,-1.6996799999999999,1,-2.74591,-2.72047,0.4296833333333333,0.3145833333333333
18467,2016-03-07 02:00:00-06,0.2315833333333333,63.88,0.88,10.04,-1.69947,1,-2.72323,-2.72056,0.39005,0.27185
18478,2016-03-07 03:00:00-06,0.2942666666666666,63.65,0.8,8.94,-1.83552,1,-1.9973599999999998,-2.72091,0.40061666666666657,0.2493833333333333
18489,2016-03-07 04:00:00-06,0.2428666666666666,63.76,0.84,9.92,-1.6996,1,-2.82539,-2.72131,0.4587166666666666,0.24935
18500,2016-03-07 05:00:00-06,0.2365666666666666,64.3,0.95,9.76,-1.6995,1,-2.72377,-2.90848,0.39661666666666656,0.4313
18511,2016-03-07 06:00:00-06,0.3137833333333333,64.56,1.0,9.62,-2.23758,1,-3.00791,-2.72138,0.4778333333333332,0.7841
18522,2016-03-07 07:00:00-06,0.37751666666666656,65.19,0.95,10.35,6.67875,1,-2.5823099999999997,0.997841,0.7489166666666666,1.4328833333333333
18533,2016-03-07 08:00:00-06,0.5982333333333332,65.95,0.86,11.28,96.8391,1,122.23100000000001,65.9142,0.6085,0.4028833333333333
18544,2016-03-07 09:00:00-06,0.4528666666666666,67.02,0.86,12.65,532.6569999999999,1,319.346,289.257,0.4992833333333332,0.41621666666666657
18555,2016-03-07 10:00:00-06,0.4790166666666666,68.78,0.78,13.09,378.445,1,535.943,229.87400000000002,0.3306,0.4206
18566,2016-03-07 11:00:00-06,0.4344833333333333,70.71,0.89,13.92,571.6030000000001,1,699.4110000000001,422.975,0.3138,0.3651666666666666
18577,2016-03-07 12:00:00-06,0.46545,72.27,0.93,13.38,306.557,1,806.492,563.976,0.2733666666666666,0.3732666666666665
18588,2016-03-07 13:00:00-06,0.8673166666666666,73.94,0.87,13.6,410.25800000000004,1,828.2810000000001,736.038,0.3190833333333333,0.377
18599,2016-03-07 14:00:00-06,0.7268166666666666,74.97,0.69,13.92,481.026,1,780.934,364.856,0.3370333333333333,0.4563333333333333
18610,2016-03-07 15:00:00-06,0.9100833333333332,75.19,0.52,13.11,260.66200000000003,1,656.2760000000001,855.459,0.3327333333333333,0.4864
18621,2016-03-07 16:00:00-06,0.5791666666666666,74.26,0.72,13.02,260.476,1,469.971,286.738,0.2499,0.798933333333333
18632,2016-03-07 17:00:00-06,0.5087666666666666,72.34,0.79,12.89,174.75,1,253.822,315.159,0.2978666666666666,1.1584833333333333
18643,2016-03-07 18:00:00-06,0.5855666666666666,70.85,0.85,12.93,57.0138,1,42.9153,78.1107,0.7069666666666666,0.6657166666666666
18654,2016-03-07 19:00:00-06,0.5881333333333332,69.44,0.97,13.54,-2.2537,1,-4.08064,-2.75726,0.2418666666666666,0.5325166666666666
18665,2016-03-07 20:00:00-06,0.4662666666666666,68.99,0.99,14.24,-1.9143,1,-4.0822400000000005,-2.7186,0.5277833333333332,0.36075
18676,2016-03-07 21:00:00-06,0.4796333333333332,68.77,1.0,12.42,-2.37879,1,-3.56736,-2.71919,0.8008333333333331,0.38595
18687,2016-03-07 22:00:00-06,0.4267333333333333,68.66,1.0,11.83,-2.37879,1,-3.35851,-2.7195400000000003,0.4760333333333332,0.31505
18698,2016-03-07 23:00:00-06,0.41541666666666655,68.6,0.97,11.22,-1.8464099999999999,1,-3.53455,-2.71959,0.5466166666666666,0.2615
18709,2016-03-08 00:00:00-06,0.29545,67.72,0.94,10.5,-2.3788,1,-3.3994699999999995,-2.7198700000000002,0.5307833333333332,0.2343333333333333
18720,2016-03-08 01:00:00-06,0.2752833333333333,67.41,0.94,10.04,-2.08435,1,-3.3599900000000003,-2.61236,0.42751666666666654,0.2357833333333333
18731,2016-03-08 02:00:00-06,0.3224333333333333,67.3,0.88,10.14,-1.7331299999999998,1,-2.82157,-2.72024,0.42295,0.2384333333333333
18742,2016-03-08 03:00:00-06,0.2947833333333333,66.9,0.8,9.58,-1.74445,1,-2.83933,-2.45397,0.4842,0.39556666666666657
18753,2016-03-08 04:00:00-06,0.2746333333333333,66.67,0.84,10.57,-1.69914,1,-2.79983,-1.7851700000000001,0.4208,0.2981833333333333
18764,2016-03-08 05:00:00-06,0.2697,67.17,0.95,10.83,-2.2315400000000003,1,-2.72618,-2.2723400000000002,0.4883833333333332,0.4564333333333333
18775,2016-03-08 06:00:00-06,0.2912833333333333,67.2,1.0,9.13,-2.3788,1,-3.02164,-2.37981,0.4553333333333333,0.5368
18786,2016-03-08 07:00:00-06,0.5955666666666666,68.04,0.98,7.65,0.96851,1,-2.6409,2.7479299999999998,0.5025166666666666,0.2834666666666666
18797,2016-03-08 08:00:00-06,0.5722666666666666,67.8,0.94,7.67,53.6136,1,157.872,31.8697,3.4978333333333333,0.3828166666666665
18808,2016-03-08 09:00:00-06,0.6803166666666666,68.31,0.9,8.79,126.416,1,344.57,178.082,0.5623833333333332,0.4391
18819,2016-03-08 10:00:00-06,0.5491666666666666,68.56,0.79,8.49,206.56599999999997,1,553.635,405.569,0.3315166666666666,0.4145833333333333
18830,2016-03-08 11:00:00-06,0.44661666666666655,70.36,0.96,9.6,275.075,1,696.7660000000001,327.681,0.3049666666666666,0.4196833333333333
18841,2016-03-08 12:00:00-06,0.4106833333333333,72.87,0.87,10.45,382.783,1,821.075,852.6010000000001,0.3367166666666666,0.4439
18852,2016-03-08 13:00:00-06,0.5222833333333332,75.33,0.63,8.12,718.78,1,843.035,795.015,0.2829833333333333,0.42696666666666655
18863,2016-03-08 14:00:00-06,0.50735,77.3,0.54,7.58,626.471,1,802.88,760.69,0.4891,0.50685
18874,2016-03-08 15:00:00-06,0.3951,78.48,0.49,5.91,436.468,1,446.215,621.953,0.5282666666666666,0.5089
18885,2016-03-08 16:00:00-06,0.39695,78.68,0.54,6.24,435.98199999999997,1,487.908,492.401,0.40935,0.40166666666666656
18896,2016-03-08 17:00:00-06,0.36305,77.52,0.55,6.9,139.128,1,180.222,97.8637,0.2628333333333333,0.38946666666666657
18907,2016-03-08 18:00:00-06,0.4942166666666666,76.6,0.49,6.34,40.7653,1,17.9655,73.2558,0.84565,1.373
18918,2016-03-08 19:00:00-06,1.54835,74.25,0.25,6.61,-2.71713,1,-3.3994199999999997,-3.39471,0.89165,0.9679333333333332
18929,2016-03-08 20:00:00-06,0.8859333333333331,72.88,0.33,7.0,-1.95335,1,-3.14551,-3.09632,0.7212166666666665,2.742383333333333
18940,2016-03-08 21:00:00-06,0.7785666666666666,71.6,0.84,7.26,-2.2368,1,-2.72136,-2.71794,1.1406166666666668,1.5077166666666668
18951,2016-03-08 22:00:00-06,0.96705,71.36,0.97,4.65,-2.2708,1,-2.72143,-2.71861,0.4736,0.67975
18962,2016-03-08 23:00:00-06,0.4689,70.61,0.73,3.14,-2.37839,1,-2.72191,-2.54347,0.3512666666666666,0.26235
18973,2016-03-09 00:00:00-06,0.4127,67.39,0.87,1.9,-2.52593,1,-2.7223,-2.3795900000000003,0.36613333333333326,0.294
18984,2016-03-09 01:00:00-06,0.4237333333333333,65.73,0.84,1.23,-2.67897,1,-2.6320799999999998,-2.3796,0.4121333333333333,0.39411666666666656
18995,2016-03-09 02:00:00-06,0.36428333333333324,61.82,0.67,3.94,-2.71904,1,-2.38282,-2.3796,0.42715,0.33595
19006,2016-03-09 03:00:00-06,0.3562833333333333,61.13,0.64,3.37,-2.71358,1,-2.536,-2.7195400000000003,0.3914833333333333,0.28015
19017,2016-03-09 04:00:00-06,0.37056666666666654,60.42,0.7,5.04,-2.57223,1,-2.64947,-2.06803,0.4418833333333333,0.27325
19028,2016-03-09 05:00:00-06,0.3584666666666666,60.21,0.85,6.99,-2.3796,1,-2.72323,-2.19263,0.6621166666666666,0.4858833333333332
19039,2016-03-09 06:00:00-06,0.36658333333333326,60.27,0.94,10.55,-1.6997,1,-2.74592,-2.4929200000000002,0.8140666666666666,0.8404
19050,2016-03-09 07:00:00-06,0.616,60.11,0.85,9.75,-0.685551,1,-2.87118,-1.02547,0.5095166666666666,2.2938666666666667
19061,2016-03-09 08:00:00-06,1.5828666666666669,60.28,0.83,10.18,18.1627,1,102.20299999999999,103.49,0.4488833333333333,0.36425
19072,2016-03-09 09:00:00-06,3.6987166666666664,61.0,0.75,10.51,49.5116,1,275.154,206.43200000000002,0.39656666666666657,0.40071666666666655
19083,2016-03-09 10:00:00-06,0.8708,60.58,0.83,9.67,7.512810000000001,1,462.44599999999997,258.015,0.2996,0.41265
19094,2016-03-09 11:00:00-06,0.5428333333333332,60.53,0.81,8.65,206.075,1,451.99800000000005,748.317,0.26035,0.389
19105,2016-03-09 12:00:00-06,1.5254,60.86,0.95,8.48,66.3574,1,619.789,417.389,0.2975666666666666,0.42
19116,2016-03-09 13:00:00-06,1.8973166666666668,61.79,0.91,9.91,198.3,1,552.2280000000001,456.875,0.2814666666666666,0.53495
19127,2016-03-09 14:00:00-06,1.37845,62.77,0.88,9.96,598.894,1,531.871,632.721,0.2613833333333333,0.44775
19138,2016-03-09 15:00:00-06,0.6522166666666666,63.23,0.85,10.55,264.89,1,449.406,717.443,0.2504333333333333,0.38866666666666655
19149,2016-03-09 16:00:00-06,0.38696666666666657,63.16,0.93,8.42,22.9065,1,327.357,296.616,0.271,0.5498166666666666
19160,2016-03-09 17:00:00-06,0.3778666666666666,62.07,0.98,6.56,47.0216,1,115.605,103.09,0.8293833333333331,1.1652166666666668
19171,2016-03-09 18:00:00-06,0.9596666666666664,61.13,0.94,7.03,8.93516,1,16.1526,70.2828,1.2786666666666668,0.7984666666666665
19182,2016-03-09 19:00:00-06,0.7276,59.83,1.0,6.59,-1.40038,1,-2.74376,-3.03423,0.8877666666666666,0.7877333333333331
19193,2016-03-09 20:00:00-06,0.7077833333333332,60.04,1.0,4.82,-1.7008599999999998,1,-3.06723,-2.89356,2.3393333333333333,1.0049166666666665
19204,2016-03-09 21:00:00-06,0.44556666666666656,59.56,0.81,7.41,-1.70107,1,-2.72222,-2.7073,2.028916666666667,0.5119
19215,2016-03-09 22:00:00-06,0.40426666666666655,59.68,0.91,8.25,-1.70113,1,-2.7223599999999997,-2.71906,0.44325,0.3046166666666666
19226,2016-03-09 23:00:00-06,0.3605166666666666,59.59,0.91,9.73,-1.71258,1,-2.96694,-2.37356,0.4279833333333333,0.37905
19237,2016-03-10 00:00:00-06,0.3282333333333333,59.55,1.0,6.12,-1.9962099999999998,1,-2.72323,-2.71953,0.425,0.3310833333333333
19248,2016-03-10 01:00:00-06,0.28845,59.03,0.89,5.55,-1.9054099999999998,1,-2.5303299999999997,-2.37393,0.4354,0.2970666666666666
19259,2016-03-10 02:00:00-06,0.27725,59.02,0.79,6.98,-2.3816200000000003,1,-2.72323,-2.7195400000000003,0.4610833333333333,0.28685
19270,2016-03-10 03:00:00-06,0.2632166666666666,58.41,0.85,6.54,-2.16615,1,-2.6155,-2.7195400000000003,0.44721666666666654,0.2643666666666666
19281,2016-03-10 04:00:00-06,0.2861666666666666,58.17,0.87,7.09,-2.27412,1,-2.53103,-2.7196,0.4481333333333333,0.2738
19292,2016-03-10 05:00:00-06,0.3148166666666666,58.11,0.91,8.22,-2.16083,1,-2.72415,-2.71978,0.4439833333333333,0.3530833333333333
19303,2016-03-10 06:00:00-06,0.33245,58.09,0.96,6.63,-2.72202,1,-2.72425,-2.71972,1.0510666666666668,0.8346333333333331
19314,2016-03-10 07:00:00-06,0.3325166666666666,58.38,0.85,9.32,-0.272171,1,-2.72425,0.861196,0.6364833333333332,0.4181666666666666
19325,2016-03-10 08:00:00-06,0.82305,59.36,0.8,7.76,31.4263,1,55.2423,88.9179,0.6827,1.44925
19336,2016-03-10 09:00:00-06,0.8280666666666666,60.26,0.49,7.5,124.20299999999999,1,276.072,389.54900000000004,0.4130833333333333,1.2909833333333331
19347,2016-03-10 10:00:00-06,0.8898,61.23,0.7,9.25,169.55700000000002,1,331.966,593.495,0.3040666666666666,0.4477333333333333
19358,2016-03-10 11:00:00-06,0.92405,62.43,0.79,7.04,881.087,1,707.523,746.051,0.3572166666666666,0.3965333333333333
19369,2016-03-10 12:00:00-06,1.11805,63.19,0.9,9.38,678.8580000000001,1,799.801,825.3860000000001,0.4867833333333332,0.4017833333333333
19380,2016-03-10 13:00:00-06,0.8115666666666665,63.29,0.84,6.53,897.4780000000001,1,821.323,839.51,1.170216666666667,0.4178333333333333
19391,2016-03-10 14:00:00-06,0.4547166666666666,63.92,0.74,7.61,503.996,1,770.972,790.0189999999999,1.6506,0.40231666666666654
19402,2016-03-10 15:00:00-06,0.4261,64.32,0.73,7.53,859.752,1,648.944,659.054,1.6830666666666667,0.41391666666666654
19413,2016-03-10 16:00:00-06,0.41581666666666656,64.05,0.8,7.76,574.8,1,466.032,476.416,1.8332,0.4978166666666666
19424,2016-03-10 17:00:00-06,0.4293833333333333,63.82,0.82,7.47,374.00199999999995,1,248.62,260.58,0.92985,0.4435833333333333
19435,2016-03-10 18:00:00-06,0.4335833333333333,62.78,0.86,7.03,37.5234,1,47.1986,64.824,0.5808333333333332,0.4038333333333333
19446,2016-03-10 19:00:00-06,0.4264,61.84,0.89,7.96,-2.71889,1,-4.078130000000001,-3.39319,0.2602333333333333,0.5443333333333332
19457,2016-03-10 20:00:00-06,0.3618166666666666,61.72,0.92,8.54,-1.96603,1,-3.4004,-2.7160900000000003,0.5159833333333332,0.5479333333333332
19468,2016-03-10 21:00:00-06,0.3422166666666666,61.77,1.0,9.21,-2.99801,1,-3.3563300000000003,-2.7170900000000002,0.4555666666666666,0.5683333333333332
19479,2016-03-10 22:00:00-06,0.3436833333333333,61.83,1.0,9.35,-2.61357,1,-3.3291199999999996,-2.71801,0.3939166666666665,0.43205
19490,2016-03-10 23:00:00-06,0.36275,61.87,1.0,8.75,-2.7218,1,-2.9896700000000003,-2.76396,0.39886666666666654,0.3274333333333333
19501,2016-03-11 00:00:00-06,0.40866666666666657,61.35,1.0,7.19,-2.7223,1,-3.06363,-3.11585,0.3050666666666666,0.269
19512,2016-03-11 01:00:00-06,0.3369833333333333,61.25,0.95,7.31,-2.68267,1,-2.80265,-3.39943,0.22716666666666666,0.2805666666666666
19523,2016-03-11 02:00:00-06,0.3704333333333333,61.08,0.85,6.26,-2.72269,1,-3.06372,-2.2096299999999998,0.2454333333333333,0.2827833333333333
19534,2016-03-11 03:00:00-06,0.3420333333333333,60.95,0.81,5.65,-2.52438,1,-2.7240599999999997,-2.56657,0.40141666666666653,0.2532333333333333
19545,2016-03-11 04:00:00-06,0.34025,60.92,0.91,4.77,-2.72319,1,-2.72415,-2.09078,0.4323833333333333,0.2745833333333333
19556,2016-03-11 05:00:00-06,0.3314833333333333,60.84,0.94,4.32,-2.72323,1,-2.76955,-3.4003900000000002,0.6759833333333332,0.4940833333333332
19567,2016-03-11 06:00:00-06,0.3361,60.96,0.97,2.42,-2.72323,1,-2.7242599999999997,-3.735,0.8731666666666666,0.5101666666666665
19578,2016-03-11 07:00:00-06,0.3534166666666666,61.48,0.81,3.35,27.028,1,-2.4008599999999998,8.67942,0.6402,0.39226666666666654
19589,2016-03-11 08:00:00-06,0.4318,62.16,0.72,3.5,92.7299,1,138.804,198.655,0.5697166666666666,0.39675
19600,2016-03-11 09:00:00-06,0.4361,62.84,0.8,3.17,479.88300000000004,1,339.407,412.478,0.4787166666666666,0.4633333333333332
19611,2016-03-11 10:00:00-06,0.4388833333333333,63.63,0.69,3.74,905.919,1,549.231,618.9069999999999,0.3498666666666666,0.43735
19622,2016-03-11 11:00:00-06,0.4513833333333333,64.68,0.83,4.01,579.252,1,703.128,769.435,0.277,0.4089833333333333
19633,2016-03-11 12:00:00-06,0.4492833333333333,65.71,0.86,3.21,589.774,1,791.791,857.33,0.2673666666666666,0.4164333333333333
19644,2016-03-11 13:00:00-06,0.52855,67.9,0.78,3.44,924.99,1,810.904,872.675,0.2877666666666666,0.39721666666666655
19655,2016-03-11 14:00:00-06,0.4932833333333332,70.03,0.54,3.25,221.753,1,764.4789999999999,823.7819999999999,0.27425,0.39435
19666,2016-03-11 15:00:00-06,0.4405833333333333,70.49,0.49,3.94,413.954,1,635.0219999999999,709.355,0.2914,0.3784833333333333
19677,2016-03-11 16:00:00-06,0.43001666666666655,69.61,0.61,2.78,113.542,1,456.156,528.596,0.2733166666666666,0.3718333333333333
19688,2016-03-11 17:00:00-06,0.43156666666666654,67.51,0.67,1.71,48.3207,1,242.81,288.471,0.3038333333333333,0.8992
19699,2016-03-11 18:00:00-06,0.43371666666666653,65.0,0.65,2.61,27.3201,1,46.5955,83.6594,0.3584166666666666,0.6342666666666666
19710,2016-03-11 19:00:00-06,0.4112333333333333,62.96,0.76,2.03,-2.56657,1,-3.93046,-3.01792,1.3629,0.5762333333333332
19721,2016-03-11 20:00:00-06,0.3315666666666666,61.46,0.87,1.1,-2.91293,1,-3.52403,-2.9852,1.2545333333333333,1.1261
19732,2016-03-11 21:00:00-06,0.3166833333333333,60.62,0.87,1.1,-2.85086,1,-3.4006199999999995,-2.83285,1.9989333333333332,0.6389833333333332
19743,2016-03-11 22:00:00-06,0.3081333333333333,59.6,0.87,0.99,-2.72083,1,-3.24858,-2.74263,1.5177,0.25965
19754,2016-03-11 23:00:00-06,0.3087666666666666,59.3,0.86,1.48,-2.72105,1,-3.1693,-2.7828,0.2940333333333333,0.2567166666666666
19765,2016-03-12 00:00:00-06,0.3153,59.27,0.42,0.87,-2.72138,0,-3.0567599999999997,-2.7204900000000003,0.2329666666666666,0.25995
19776,2016-03-12 01:00:00-06,0.3543833333333333,58.8,0.41,0.3,-2.72138,0,-2.81305,-1.7004299999999999,0.2487666666666666,0.2304833333333333
19787,2016-03-12 02:00:00-06,0.4061833333333333,58.23,0.3,0.42,-2.72154,0,-2.77906,-2.02338,0.2355166666666666,0.2620666666666666
19798,2016-03-12 03:00:00-06,0.37055,58.19,0.29,1.07,-2.7220400000000002,0,-2.72263,-2.32373,0.21278333333333327,0.2430833333333333
19809,2016-03-12 04:00:00-06,0.35595,57.6,0.4,0.9,-2.7223,0,-2.96076,-1.9383,0.3091666666666666,0.2253
19820,2016-03-12 05:00:00-06,0.3930833333333333,57.29,0.63,0.8,-2.7223,0,-2.7396599999999998,-2.1364,0.5692166666666666,0.2399666666666666
19831,2016-03-12 06:00:00-06,0.37155,57.18,0.84,1.56,-2.7223,0,-3.4036199999999996,-2.2663900000000003,1.42995,0.29485
19842,2016-03-12 07:00:00-06,0.3806333333333333,57.63,0.73,2.6,27.6484,0,-2.67784,3.6034699999999997,0.4739333333333332,0.4942833333333332
19853,2016-03-12 08:00:00-06,0.43851666666666655,58.75,0.47,3.89,240.66099999999997,0,145.31799999999998,68.085,0.3020166666666666,0.5513166666666666
19864,2016-03-12 09:00:00-06,0.4306833333333333,61.74,0.33,3.84,470.991,0,346.63699999999994,85.813,0.2351333333333333,0.4881166666666666
19875,2016-03-12 10:00:00-06,0.424,64.34,0.28,4.73,677.84,0,557.357,196.21,0.29505,0.3904666666666666
19886,2016-03-12 11:00:00-06,0.4384,66.76,0.27,5.7,832.544,0,715.8560000000001,441.38699999999994,0.2414833333333333,0.4455833333333333
19897,2016-03-12 12:00:00-06,0.4599,68.43,0.27,6.08,914.78,0,804.623,135.41299999999998,0.2381,0.44621666666666654
19908,2016-03-12 13:00:00-06,0.42841666666666656,70.7,0.31,6.09,949.923,0,825.7080000000001,476.825,0.2959666666666666,0.41581666666666656
19919,2016-03-12 14:00:00-06,0.4262333333333333,72.42,0.37,4.74,879.954,0,770.9110000000001,444.457,0.3905833333333333,0.4205
19930,2016-03-12 15:00:00-06,0.52555,73.21,0.34,5.09,754.0210000000001,0,646.305,360.88699999999994,0.38761666666666655,0.3650666666666666
19941,2016-03-12 16:00:00-06,0.5238166666666666,72.9,0.2,5.26,568.023,0,456.704,213.49599999999998,0.3764333333333333,0.36453333333333326
19952,2016-03-12 17:00:00-06,0.43385,72.21,0.18,4.6,337.346,0,253.52700000000002,233.31799999999998,0.4355333333333333,0.4915166666666666
19963,2016-03-12 18:00:00-06,1.3117166666666669,69.86,0.15,4.63,106.352,0,50.4294,43.3953,0.5448333333333332,0.9875
19974,2016-03-12 19:00:00-06,1.5793166666666667,66.91,0.01,4.44,-3.39589,0,-3.4321,-2.71794,0.4693166666666666,0.5517
19985,2016-03-12 20:00:00-06,2.699266666666667,64.88,0.0,3.48,-3.0632599999999996,0,-3.3994400000000002,-2.7189099999999997,0.39605,0.52035
19996,2016-03-12 21:00:00-06,0.5910333333333332,62.27,0.0,3.1,-2.934,0,-3.05471,-1.8752400000000002,0.50245,0.4008833333333333
20007,2016-03-12 22:00:00-06,0.4591,60.92,0.0,3.01,-2.81581,0,-2.94156,-2.07931,0.3221166666666666,0.37121666666666653
20018,2016-03-12 23:00:00-06,0.3425833333333333,59.32,0.0,2.63,-2.71968,0,-2.72097,-2.3796,0.2554,0.37505
20029,2016-03-13 00:00:00-06,0.3492333333333333,58.93,0.0,3.22,-2.72039,0,-2.72135,-2.3796,0.2394666666666666,0.2857666666666666
20040,2016-03-13 01:00:00-06,0.3319,57.88,0.0,2.81,-2.3803900000000002,0,-2.72138,-2.34564,0.24305,0.2720333333333333
20051,2016-03-13 03:00:00-05,0.3342166666666666,58.21,0.0,2.87,-2.56744,0,-2.72705,-1.8416599999999999,0.2266333333333333,0.2755333333333333
20062,2016-03-13 04:00:00-05,0.37551666666666655,57.26,0.13,2.14,-2.7204599999999997,0,-2.72138,-1.8418700000000001,0.22711666666666666,0.2732666666666666
20073,2016-03-13 05:00:00-05,0.3332166666666666,58.11,0.7,1.94,-2.7204599999999997,0,-2.7214400000000003,-2.38022,0.2499666666666666,0.2755833333333333
20084,2016-03-13 06:00:00-05,0.327,58.21,0.65,1.91,-2.9811900000000002,0,-2.7444599999999997,-1.70009,0.4680833333333332,0.3239
20095,2016-03-13 07:00:00-05,0.3385,58.43,0.51,1.92,26.2525,0,-3.3909599999999998,-2.37995,0.77305,0.2796166666666666
20106,2016-03-13 08:00:00-05,0.3448666666666666,57.64,0.09,1.98,245.238,0,-2.6597,1.5071,0.5183833333333332,0.5476333333333332
20117,2016-03-13 09:00:00-05,0.7062166666666666,60.29,0.18,3.52,472.08099999999996,0,139.11,96.1662,0.3754833333333333,0.6874666666666666
20128,2016-03-13 10:00:00-05,0.813083333333333,63.82,0.55,4.77,681.528,0,339.24699999999996,178.84400000000002,0.3210833333333333,0.6431333333333332
20139,2016-03-13 11:00:00-05,1.3557666666666668,68.52,0.06,6.41,829.2239999999999,0,547.955,430.81,0.2814666666666666,0.52015
20150,2016-03-13 12:00:00-05,0.4626166666666666,76.23,0.03,5.5,917.875,0,702.0089999999999,343.031,0.2869833333333333,0.7841166666666666
20161,2016-03-13 13:00:00-05,0.4555666666666666,80.24,0.02,6.93,939.092,0,792.31,247.301,0.2820833333333333,0.69305
20172,2016-03-13 14:00:00-05,0.5104,82.18,0.01,7.4,879.612,0,815.331,327.37,0.3588666666666666,0.4992666666666666
20183,2016-03-13 15:00:00-05,0.51835,82.71,0.0,6.99,754.309,0,757.6210000000001,900.39,0.3091,0.56725
20194,2016-03-13 16:00:00-05,0.49145,82.99,0.0,7.27,561.131,0,643.504,765.243,0.2513,0.41015
20205,2016-03-13 17:00:00-05,0.3997833333333333,83.34,0.0,6.57,335.52099999999996,0,452.495,556.9680000000001,0.2937166666666666,2.931633333333333
20216,2016-03-13 18:00:00-05,0.43535,82.65,0.0,5.13,95.218,0,244.232,292.619,0.3091,1.1992333333333332
20227,2016-03-13 19:00:00-05,1.2667666666666668,80.02,0.0,4.11,-3.72705,0,40.39,45.5915,0.5135166666666666,2.3951333333333333
20238,2016-03-13 20:00:00-05,1.2052333333333332,75.4,0.0,2.32,-4.07379,0,-3.3971,-2.37794,0.6824166666666666,1.4914666666666667
20249,2016-03-13 21:00:00-05,3.8283833333333326,68.28,0.0,1.26,-3.39607,0,-3.2513900000000002,-2.1858299999999997,1.517116666666667,1.001183333333333
20260,2016-03-13 22:00:00-05,0.5093,66.43,0.0,2.05,-3.14249,0,-3.0935099999999998,-2.37879,0.9913833333333332,0.41476666666666656
20271,2016-03-13 23:00:00-05,0.37286666666666657,65.49,0.0,3.36,-3.2284,0,-3.2248099999999997,-2.71895,0.2959666666666666,0.2558166666666666
20282,2016-03-14 00:00:00-05,0.3343166666666666,64.9,0.0,3.33,-3.13858,1,-3.06635,-2.34521,0.3073333333333333,0.2416333333333333
20293,2016-03-14 01:00:00-05,0.3252,62.84,0.0,3.35,-3.08215,1,-3.06153,-2.71923,0.28555,0.2499833333333333
20304,2016-03-14 02:00:00-05,0.3221833333333333,61.3,0.0,2.59,-2.37961,1,-2.9595,-1.6996799999999999,0.2524333333333333,0.2332166666666666
20315,2016-03-14 03:00:00-05,0.3214666666666666,60.56,0.0,1.8,-2.37403,1,-2.9316,-1.69947,0.2959,0.2315833333333333
20326,2016-03-14 04:00:00-05,0.3249833333333333,58.73,0.0,2.1,-1.8357700000000001,1,-3.15865,-1.83552,0.2711833333333333,0.2942666666666666
20337,2016-03-14 05:00:00-05,0.6052666666666666,57.86,0.0,3.57,-2.37964,1,-3.15319,-1.6996,0.2522,0.2428666666666666
20348,2016-03-14 06:00:00-05,0.3979333333333333,56.7,0.0,3.29,-2.37986,1,-2.7903599999999997,-1.6995,0.2701833333333333,0.2365666666666666
20359,2016-03-14 07:00:00-05,0.4497,56.13,0.0,2.31,7.30312,1,-2.7223,-2.23758,0.2904333333333333,0.3137833333333333
20370,2016-03-14 08:00:00-05,1.4412333333333331,57.07,0.01,2.36,164.919,1,-2.3820200000000002,6.67875,0.57195,0.37751666666666656
20381,2016-03-14 09:00:00-05,0.539,62.42,0.01,2.12,246.362,1,68.7276,96.8391,0.49485,0.5982333333333332
20392,2016-03-14 10:00:00-05,0.40295,69.5,0.01,3.88,620.81,1,213.043,532.6569999999999,0.3722,0.4528666666666666
20403,2016-03-14 11:00:00-05,0.38291666666666657,76.27,0.01,6.78,832.04,1,581.77,378.445,2.3009,0.4790166666666666
20414,2016-03-14 12:00:00-05,0.3891,81.96,0.01,8.46,921.5189999999999,1,152.96200000000002,571.6030000000001,0.2505,0.4344833333333333
20425,2016-03-14 13:00:00-05,0.4090666666666665,86.12,0.01,8.56,846.115,1,533.938,306.557,0.2437833333333333,0.46545
20436,2016-03-14 14:00:00-05,0.3949166666666665,87.99,0.01,7.91,896.942,1,858.2339999999999,410.25800000000004,0.3042,0.8673166666666666
20447,2016-03-14 15:00:00-05,0.3914833333333333,88.75,0.02,7.38,498.51599999999996,1,785.828,481.026,0.2875666666666666,0.7268166666666666
20458,2016-03-14 16:00:00-05,0.5670666666666666,89.47,0.02,6.82,517.293,1,650.952,260.66200000000003,0.2691666666666666,0.9100833333333332
20469,2016-03-14 17:00:00-05,0.5311666666666666,88.57,0.01,6.05,238.856,1,420.42800000000005,260.476,0.2944666666666666,0.5791666666666666
20480,2016-03-14 18:00:00-05,0.5602166666666666,87.14,0.02,5.72,76.3887,1,278.485,174.75,0.5648166666666666,0.5087666666666666
20491,2016-03-14 19:00:00-05,0.5377666666666666,84.29,0.0,5.17,-3.3788099999999996,1,56.6126,57.0138,0.9046,0.5855666666666666
20502,2016-03-14 20:00:00-05,0.42451666666666654,79.42,0.01,5.09,-2.82527,1,-2.90567,-2.2537,1.4429,0.5881333333333332
20513,2016-03-14 21:00:00-05,0.5113333333333332,75.1,0.01,4.97,-2.7185799999999998,1,-2.87817,-1.9143,1.35365,0.4662666666666666
20524,2016-03-14 22:00:00-05,0.5700833333333332,72.96,0.0,4.83,-2.71902,1,-2.88477,-2.37879,1.2020666666666668,0.4796333333333332
20535,2016-03-14 23:00:00-05,0.4154333333333333,70.87,0.01,4.6,-2.71923,1,-2.7206900000000003,-2.37879,0.7401666666666666,0.4267333333333333
20546,2016-03-15 00:00:00-05,0.2782666666666666,69.35,0.04,3.66,-2.71953,1,-2.72128,-1.8464099999999999,0.6767833333333332,0.41541666666666655
20557,2016-03-15 01:00:00-05,0.29395,67.6,0.03,3.7,-2.3796,1,-2.72138,-2.3788,0.2855,0.29545
20568,2016-03-15 02:00:00-05,0.2755166666666666,66.55,0.08,2.88,-2.3796,1,-2.72138,-2.08435,0.2683666666666666,0.2752833333333333
20579,2016-03-15 03:00:00-05,0.2831,65.62,0.48,4.36,-2.5779,1,-2.7383900000000003,-1.7331299999999998,0.2817,0.3224333333333333
20590,2016-03-15 04:00:00-05,0.4165,64.74,0.6,4.21,-2.7195400000000003,1,-2.72145,-1.74445,0.2836166666666666,0.2947833333333333
20601,2016-03-15 05:00:00-05,0.3455,64.13,0.65,4.71,-2.7195400000000003,1,-2.72166,-1.69914,0.2733166666666666,0.2746333333333333
20612,2016-03-15 06:00:00-05,0.3481666666666666,63.9,0.72,4.5,-2.7195400000000003,1,-2.72181,-2.2315400000000003,0.2824666666666666,0.2697
20623,2016-03-15 07:00:00-05,0.38301666666666656,63.95,0.76,5.15,24.9801,1,-3.21517,-2.3788,0.27175,0.2912833333333333
20634,2016-03-15 08:00:00-05,0.6980166666666666,64.69,0.72,4.51,91.32,1,-2.00179,0.96851,0.2846333333333333,0.5955666666666666
20645,2016-03-15 09:00:00-05,0.5382166666666666,65.94,0.65,5.49,211.922,1,134.101,53.6136,0.7391166666666666,0.5722666666666666
20656,2016-03-15 10:00:00-05,0.39156666666666656,68.07,0.54,5.79,324.068,1,366.69800000000004,126.416,0.8397666666666666,0.6803166666666666
20667,2016-03-15 11:00:00-05,0.3838333333333333,71.85,0.27,5.3,738.81,1,575.182,206.56599999999997,0.4748666666666666,0.5491666666666666
20678,2016-03-15 12:00:00-05,0.38765,75.58,0.32,5.11,822.987,1,708.325,275.075,0.79715,0.44661666666666655
20689,2016-03-15 13:00:00-05,0.4186833333333333,79.66,0.29,5.03,810.763,1,810.965,382.783,1.0324166666666668,0.4106833333333333
20700,2016-03-15 14:00:00-05,0.4899833333333332,82.78,0.26,4.33,653.743,1,826.202,718.78,0.3270166666666666,0.5222833333333332
20711,2016-03-15 15:00:00-05,0.4661666666666666,85.63,0.21,3.64,433.535,1,748.2,626.471,0.41385,0.50735
20722,2016-03-15 16:00:00-05,0.5106333333333332,86.48,0.26,3.1,278.508,1,624.492,436.468,0.3639,0.3951
20733,2016-03-15 17:00:00-05,0.5217666666666666,85.97,0.27,1.94,171.125,1,463.07800000000003,435.98199999999997,0.29345,0.39695
20744,2016-03-15 18:00:00-05,0.5335,84.89,0.36,1.25,66.622,1,290.04900000000004,139.128,0.3798,0.36305
20755,2016-03-15 19:00:00-05,0.3921333333333333,82.58,0.25,1.61,-2.71667,1,26.7791,40.7653,0.3506,0.4942166666666666
20766,2016-03-15 20:00:00-05,0.3116833333333333,78.86,0.13,3.0,-2.7174099999999997,1,-2.7185099999999998,-2.71713,0.6507666666666666,1.54835
20777,2016-03-15 21:00:00-05,0.5959333333333332,75.61,0.24,4.8,-2.71792,1,-2.43034,-1.95335,0.4744666666666666,0.8859333333333331
20788,2016-03-15 22:00:00-05,0.5180333333333332,73.05,0.26,5.71,-2.65062,1,-2.7195400000000003,-2.2368,0.55155,0.7785666666666666
20799,2016-03-15 23:00:00-05,0.5339666666666666,70.32,0.15,5.79,-2.54304,1,-2.71975,-2.2708,0.4380833333333333,0.96705
20810,2016-03-16 00:00:00-05,0.43001666666666655,68.04,0.55,3.82,-1.90884,1,-2.72007,-2.37839,0.4596833333333333,0.4689
20821,2016-03-16 01:00:00-05,0.4089,65.78,0.65,2.78,-2.1975700000000002,1,-2.7204599999999997,-2.52593,0.3889833333333333,0.4127
20832,2016-03-16 02:00:00-05,0.36528333333333324,63.73,0.65,1.89,-1.96534,1,-2.7204599999999997,-2.67897,0.33335,0.4237333333333333
20843,2016-03-16 03:00:00-05,0.3599166666666666,62.19,0.59,2.42,-2.2088799999999997,1,-2.72054,-2.71904,0.3115833333333333,0.36428333333333324
20854,2016-03-16 04:00:00-05,0.37565,60.5,0.59,2.4,-2.32216,1,-2.72076,-2.71358,0.2964833333333333,0.3562833333333333
20865,2016-03-16 05:00:00-05,0.3535333333333333,59.97,0.65,2.46,-2.21455,1,-2.72095,-2.57223,0.27845,0.37056666666666654
20876,2016-03-16 06:00:00-05,0.6369833333333332,59.05,0.75,2.08,-2.3788,1,-2.72136,-2.3796,0.2752833333333333,0.3584666666666666
20887,2016-03-16 07:00:00-05,0.5476833333333332,59.04,0.82,2.24,1.0138200000000002,1,-2.8858,-1.6997,0.7015,0.36658333333333326
20898,2016-03-16 08:00:00-05,0.41746666666666654,59.81,0.77,2.47,54.5821,1,-2.09758,-0.685551,1.19375,0.616
20909,2016-03-16 09:00:00-05,0.53785,62.54,0.67,3.1,64.7713,1,130.445,18.1627,0.31825,1.5828666666666669
20920,2016-03-16 10:00:00-05,0.5073166666666666,65.69,0.61,4.35,72.8131,1,359.106,49.5116,0.4918333333333332,3.6987166666666664
20931,2016-03-16 11:00:00-05,0.4353,68.88,0.58,5.46,332.777,1,563.278,7.512810000000001,0.4387,0.8708
20942,2016-03-16 12:00:00-05,0.4388333333333333,71.51,0.54,5.43,319.783,1,717.5830000000001,206.075,0.3757,0.5428333333333332
20953,2016-03-16 13:00:00-05,0.4581166666666666,74.19,0.51,5.21,214.73,1,800.98,66.3574,0.28155,1.5254
20964,2016-03-16 14:00:00-05,0.4703833333333332,76.28,0.45,5.81,143.599,1,817.258,198.3,0.2658666666666666,1.8973166666666668
20975,2016-03-16 15:00:00-05,0.9056,77.57,0.38,5.92,171.291,1,768.3430000000001,598.894,0.4461833333333333,1.37845
20986,2016-03-16 16:00:00-05,1.2009333333333332,77.77,0.42,6.82,268.803,1,653.587,264.89,0.3205166666666666,0.6522166666666666
20997,2016-03-16 17:00:00-05,0.5866666666666666,77.39,0.67,6.19,98.8287,1,470.504,22.9065,0.2384833333333333,0.38696666666666657
21008,2016-03-16 18:00:00-05,0.43515,76.51,0.68,6.61,41.4651,1,255.951,47.0216,1.2342,0.3778666666666666
21019,2016-03-16 19:00:00-05,0.37916666666666654,74.83,0.72,6.18,-2.60417,1,52.4405,8.93516,0.4689333333333332,0.9596666666666664
21030,2016-03-16 20:00:00-05,0.3354833333333333,72.45,0.66,5.77,-2.37799,1,-3.46276,-1.40038,0.58225,0.7276
21041,2016-03-16 21:00:00-05,0.5261666666666666,71.19,0.44,4.88,-2.37833,1,-3.39641,-1.7008599999999998,0.3311,0.7077833333333332
21052,2016-03-16 22:00:00-05,0.47615,70.3,0.87,4.36,-1.93694,1,-2.79755,-1.70107,0.32705,0.44556666666666656
21063,2016-03-16 23:00:00-05,1.1991166666666668,69.6,0.91,4.23,-2.32782,1,-3.08143,-1.70113,0.20046666666666665,0.40426666666666655
21074,2016-03-17 00:00:00-05,0.43255,69.6,0.87,3.46,-1.9879900000000001,1,-2.71952,-1.71258,0.19201666666666664,0.3605166666666666
21085,2016-03-17 01:00:00-05,0.4283,68.72,0.89,3.33,-1.76147,1,-2.7197,-1.9962099999999998,0.2489833333333333,0.3282333333333333
21096,2016-03-17 02:00:00-05,0.41545,68.03,0.88,2.96,-1.72754,1,-3.39479,-1.9054099999999998,0.2432333333333333,0.28845
21107,2016-03-17 03:00:00-05,0.4155333333333333,67.59,0.86,2.65,-1.85212,1,-2.72059,-2.3816200000000003,0.19895,0.27725
21118,2016-03-17 04:00:00-05,0.3842833333333333,67.09,0.79,3.2,-2.0956200000000003,1,-2.72134,-2.16615,0.19565,0.2632166666666666
21129,2016-03-17 05:00:00-05,0.3604666666666666,66.62,0.75,2.36,-2.71866,1,-2.72138,-2.27412,0.20633333333333329,0.2861666666666666
21140,2016-03-17 06:00:00-05,0.6632833333333332,66.49,0.85,2.47,-2.71887,1,-2.7216099999999996,-2.16083,0.43746666666666656,0.3148166666666666
21151,2016-03-17 07:00:00-05,0.8436166666666666,66.55,0.85,2.56,5.21092,1,-2.72142,-2.72202,0.6578666666666666,0.33245
21162,2016-03-17 08:00:00-05,1.2132,66.79,0.86,1.84,18.7869,1,-1.84827,-0.272171,0.4841833333333332,0.3325166666666666
21173,2016-03-17 09:00:00-05,0.523,67.16,0.89,3.17,33.9318,1,43.7519,31.4263,0.2646833333333333,0.82305
21184,2016-03-17 10:00:00-05,0.44785,68.41,0.66,3.95,113.523,1,131.135,124.20299999999999,0.22506666666666664,0.8280666666666666
21195,2016-03-17 11:00:00-05,0.42286666666666656,69.17,0.9,3.19,154.092,1,237.71,169.55700000000002,0.22331666666666666,0.8898
21206,2016-03-17 12:00:00-05,0.5034333333333332,70.86,0.92,3.24,288.93,1,726.949,881.087,0.2480333333333333,0.92405
21217,2016-03-17 13:00:00-05,0.5178,72.62,0.91,3.15,375.48900000000003,1,784.7719999999999,678.8580000000001,0.2464666666666666,1.11805
21228,2016-03-17 14:00:00-05,0.6217333333333332,75.0,0.72,2.46,292.468,1,810.9789999999999,897.4780000000001,0.36163333333333325,0.8115666666666665
21239,2016-03-17 15:00:00-05,1.4798333333333331,76.84,0.58,2.8,331.61400000000003,1,196.095,503.996,0.4423833333333333,0.4547166666666666
21250,2016-03-17 16:00:00-05,0.3971333333333333,77.87,0.5,2.85,371.904,1,682.73,859.752,0.2395166666666666,0.4261
21261,2016-03-17 17:00:00-05,0.7186166666666666,77.57,0.65,2.42,154.709,1,470.208,574.8,0.20793333333333328,0.41581666666666656
21272,2016-03-17 18:00:00-05,0.5384833333333332,77.73,0.58,2.18,111.514,1,238.739,374.00199999999995,0.3881333333333333,0.4293833333333333
21283,2016-03-17 19:00:00-05,0.43086666666666656,76.3,0.12,2.94,-2.37764,1,46.685,37.5234,1.85965,0.4335833333333333
21294,2016-03-17 20:00:00-05,0.4886166666666666,73.43,0.18,3.51,-2.22512,1,-2.7166099999999997,-2.71889,0.6108666666666666,0.4264
21305,2016-03-17 21:00:00-05,0.6012333333333332,71.74,0.12,3.49,-2.36698,1,-3.02913,-1.96603,0.3766,0.3618166666666666
21316,2016-03-17 22:00:00-05,0.6031166666666666,70.5,0.2,3.19,-1.8406,1,-2.84892,-2.99801,0.3386,0.3422166666666666
21327,2016-03-17 23:00:00-05,0.3421833333333333,69.29,0.24,2.75,-2.71296,1,-2.8498,-2.61357,0.22391666666666665,0.3436833333333333
21338,2016-03-18 00:00:00-05,0.32425,68.72,0.66,2.27,-1.83507,1,-2.71982,-2.7218,0.2515166666666666,0.36275
21349,2016-03-18 01:00:00-05,0.3413666666666666,66.86,0.84,1.85,-2.67331,1,-1.70028,-2.7223,0.20888333333333328,0.40866666666666657
21360,2016-03-18 02:00:00-05,0.3219166666666666,67.03,0.97,1.45,-2.57157,1,-2.3804,-2.68267,0.2033,0.3369833333333333
21371,2016-03-18 03:00:00-05,0.3179833333333333,67.16,0.99,0.73,-2.21489,1,-1.90432,-2.72269,0.18266666666666662,0.3704333333333333
21382,2016-03-18 04:00:00-05,0.3269666666666666,66.83,1.0,0.73,-2.3792,1,-1.70029,-2.52438,0.19973333333333326,0.3420333333333333
21393,2016-03-18 05:00:00-05,0.3212166666666666,66.51,1.0,0.65,-1.84119,1,-1.9326599999999998,-2.72319,0.22261666666666666,0.34025
21404,2016-03-18 06:00:00-05,0.6062833333333332,66.03,0.99,0.8,-2.7191,1,-2.0516799999999997,-2.72323,0.41025,0.3314833333333333
21415,2016-03-18 07:00:00-05,0.4642833333333332,65.51,0.99,0.27,28.8789,1,-2.38043,-2.72323,0.7065166666666666,0.3361
21426,2016-03-18 08:00:00-05,0.40265,65.69,0.98,1.02,68.0454,1,-1.3829,27.028,0.3519,0.3534166666666666
21437,2016-03-18 09:00:00-05,0.3514666666666666,66.12,0.98,1.38,124.47200000000001,1,140.99,92.7299,0.21625,0.4318
21448,2016-03-18 10:00:00-05,0.3225833333333333,67.27,0.97,1.35,47.6666,1,393.69699999999995,479.88300000000004,0.2214333333333333,0.4361
21459,2016-03-18 11:00:00-05,0.31315,68.47,0.71,2.5,568.238,1,383.39,905.919,0.37466666666666654,0.4388833333333333
21470,2016-03-18 12:00:00-05,0.30385,69.71,0.66,2.65,292.32,1,733.676,579.252,0.3085333333333333,0.4513833333333333
21481,2016-03-18 13:00:00-05,0.3873666666666665,70.63,0.63,2.51,902.8939999999999,1,810.6619999999999,589.774,0.3164666666666666,0.4492833333333333
21492,2016-03-18 14:00:00-05,0.44411666666666655,72.1,0.51,2.01,850.9630000000001,1,838.779,924.99,0.3564166666666666,0.52855
21503,2016-03-18 15:00:00-05,0.3364833333333333,73.72,0.42,2.32,728.455,1,781.033,221.753,0.2504166666666666,0.4932833333333332
21514,2016-03-18 16:00:00-05,0.32665,74.75,0.36,1.74,540.003,1,671.143,413.954,0.2503833333333333,0.4405833333333333
21525,2016-03-18 17:00:00-05,0.26765,75.01,0.39,2.81,99.7006,1,479.48900000000003,113.542,0.3127833333333333,0.43001666666666655
21536,2016-03-18 18:00:00-05,0.8242666666666666,74.83,0.34,4.11,101.905,1,266.70599999999996,48.3207,0.6880333333333332,0.43156666666666654
21547,2016-03-18 19:00:00-05,0.3827,73.17,0.19,4.37,-2.50627,1,56.5734,27.3201,1.5104666666666668,0.43371666666666653
21558,2016-03-18 20:00:00-05,0.4898,71.52,0.51,6.71,-2.38278,1,-3.2504,-2.56657,2.1522666666666668,0.4112333333333333
21569,2016-03-18 21:00:00-05,0.32095,66.57,0.65,8.89,-2.5307,1,-3.00255,-2.91293,0.92095,0.3315666666666666
21580,2016-03-18 22:00:00-05,0.8268,62.46,0.77,11.31,-2.7177,1,-2.7199,-2.85086,0.708,0.3166833333333333
21591,2016-03-18 23:00:00-05,1.44555,59.89,0.98,12.32,-2.37865,1,-2.7204599999999997,-2.72083,2.7667,0.3081333333333333
21602,2016-03-19 00:00:00-05,1.9419666666666668,57.61,0.6,9.81,-2.71862,0,-2.7717099999999997,-2.72105,0.2418333333333333,0.3087666666666666
21613,2016-03-19 01:00:00-05,0.3973333333333333,55.77,0.57,10.36,-2.37918,0,-2.72132,-2.72138,0.2314833333333333,0.3153
21624,2016-03-19 02:00:00-05,0.2546,54.54,0.7,9.61,-2.3798,0,-3.0218700000000003,-2.72138,0.22796666666666665,0.3543833333333333
21635,2016-03-19 03:00:00-05,0.28,53.79,0.59,9.83,-2.56176,0,-2.72138,-2.72154,0.2273333333333333,0.4061833333333333
21646,2016-03-19 04:00:00-05,0.26,52.88,0.54,9.19,-2.72085,0,-2.72173,-2.7220400000000002,0.23555,0.37055
21657,2016-03-19 05:00:00-05,0.2552,51.69,0.59,9.54,-1.7461799999999998,0,-2.72143,-2.7223,0.2328333333333333,0.35595
21668,2016-03-19 06:00:00-05,0.26165,50.26,0.7,10.32,-1.9444599999999999,0,-2.57974,-2.7223,0.456,0.3930833333333333
21679,2016-03-19 07:00:00-05,0.5538833333333332,48.97,0.76,10.75,19.9458,0,-2.8574599999999997,-2.7223,0.66375,0.37155
21690,2016-03-19 08:00:00-05,1.1189166666666668,47.73,0.7,10.4,48.5739,0,-1.1509200000000002,27.6484,0.39956666666666657,0.3806333333333333
21701,2016-03-19 09:00:00-05,0.6131833333333332,47.8,0.56,11.99,264.204,0,76.4256,240.66099999999997,2.5629666666666666,0.43851666666666655
21712,2016-03-19 10:00:00-05,0.6537666666666666,49.27,0.45,11.54,428.102,0,370.621,470.991,1.3647,0.4306833333333333
21723,2016-03-19 11:00:00-05,0.34855,51.89,0.22,11.34,333.092,0,582.185,677.84,0.2938833333333333,0.424
21734,2016-03-19 12:00:00-05,0.2758666666666666,55.16,0.13,11.55,325.442,0,744.18,832.544,0.3386166666666666,0.4384
21745,2016-03-19 13:00:00-05,0.3133,57.78,0.1,11.59,533.977,0,817.8480000000001,914.78,0.27725,0.4599
21756,2016-03-19 14:00:00-05,0.3100333333333333,59.87,0.05,11.32,522.92,0,843.5110000000001,949.923,0.22013333333333326,0.42841666666666656
21767,2016-03-19 15:00:00-05,0.4731166666666666,60.57,0.04,9.91,346.749,0,801.8380000000001,879.954,0.20963333333333328,0.4262333333333333
21778,2016-03-19 16:00:00-05,0.4506,61.13,0.02,10.16,300.816,0,687.696,754.0210000000001,0.20795,0.52555
21789,2016-03-19 17:00:00-05,0.40866666666666657,61.48,0.0,9.75,139.126,0,506.491,568.023,0.20995,0.5238166666666666
21800,2016-03-19 18:00:00-05,0.7822166666666666,60.6,0.02,9.99,17.4217,0,276.059,337.346,0.5344,0.43385
21811,2016-03-19 19:00:00-05,1.3232,58.25,0.01,9.4,-2.3796,0,60.2417,106.352,0.2898,1.3117166666666669
21822,2016-03-19 20:00:00-05,0.4856833333333332,56.29,0.0,7.06,-2.35756,0,-3.2959300000000002,-3.39589,0.5018,1.5793166666666667
21833,2016-03-19 21:00:00-05,0.4965833333333332,54.08,0.0,6.63,-2.26143,0,-3.09876,-3.0632599999999996,0.4610333333333333,2.699266666666667
21844,2016-03-19 22:00:00-05,0.38355,52.02,0.0,5.38,-2.38056,0,-2.94617,-2.934,0.3741333333333333,0.5910333333333332
21855,2016-03-19 23:00:00-05,0.3299,50.12,0.0,4.81,-2.20522,0,-2.72024,-2.81581,0.2403833333333333,0.4591
21866,2016-03-20 00:00:00-05,0.2983,48.94,0.0,3.87,-2.19411,0,-2.72053,-2.71968,0.21758333333333327,0.3425833333333333
21877,2016-03-20 01:00:00-05,0.4493666666666665,47.66,0.0,3.45,-2.38121,0,-2.72048,-2.72039,0.22425,0.3492333333333333
21888,2016-03-20 02:00:00-05,0.38566666666666655,46.44,0.0,3.07,-2.3703,0,-2.73241,-2.3803900000000002,0.2812666666666666,0.3319
21899,2016-03-20 03:00:00-05,0.3510833333333333,45.04,0.0,3.39,-2.04173,0,-2.72138,-2.56744,0.2390666666666666,0.3342166666666666
21910,2016-03-20 04:00:00-05,0.3543166666666666,44.37,0.0,3.12,-2.3820200000000002,0,-1.7008599999999998,-2.7204599999999997,0.22655,0.37551666666666655
21921,2016-03-20 05:00:00-05,0.3416666666666666,43.19,0.0,3.03,-2.03071,0,-2.3809,-2.7204599999999997,0.2251833333333333,0.3332166666666666
21932,2016-03-20 06:00:00-05,0.43011666666666654,42.18,0.0,3.4,-2.22359,0,-2.38065,-2.9811900000000002,0.4734666666666666,0.327
21943,2016-03-20 07:00:00-05,0.58755,42.23,0.0,3.71,17.9305,0,-3.1569700000000003,26.2525,0.7001333333333332,0.3385
21954,2016-03-20 08:00:00-05,0.6039666666666667,41.73,0.0,3.37,77.2471,0,-0.929645,245.238,0.4813666666666666,0.3448666666666666
21965,2016-03-20 09:00:00-05,0.3014666666666666,45.9,0.0,4.69,398.61199999999997,0,150.09799999999998,472.08099999999996,0.3631166666666666,0.7062166666666666
21976,2016-03-20 10:00:00-05,0.3060666666666666,50.39,0.0,6.03,396.119,0,281.035,681.528,0.3349333333333333,0.813083333333333
21987,2016-03-20 11:00:00-05,0.26725,53.76,0.0,5.6,676.14,0,602.319,829.2239999999999,0.3851333333333333,1.3557666666666668
21998,2016-03-20 12:00:00-05,0.3649,56.6,0.0,5.07,697.7669999999999,0,730.67,917.875,0.3241666666666666,0.4626166666666666
22009,2016-03-20 13:00:00-05,0.4479,59.39,0.0,5.61,1083.28,0,815.909,939.092,0.2326,0.4555666666666666
22020,2016-03-20 14:00:00-05,0.6846666666666666,60.79,0.0,6.18,911.155,0,831.961,879.612,0.2123,0.5104
22031,2016-03-20 15:00:00-05,0.3047666666666666,62.02,0.0,7.46,780.438,0,785.551,754.309,0.2768833333333333,0.51835
22042,2016-03-20 16:00:00-05,0.5794166666666666,62.58,0.01,6.95,591.08,0,709.209,561.131,0.3424,0.49145
22053,2016-03-20 17:00:00-05,0.6706833333333332,62.16,0.0,6.85,361.034,0,497.934,335.52099999999996,0.2527333333333333,0.3997833333333333
22064,2016-03-20 18:00:00-05,0.9476666666666664,61.37,0.02,5.95,120.72,0,290.36,95.218,0.5868666666666666,0.43535
22075,2016-03-20 19:00:00-05,3.4225833333333333,59.03,0.01,5.33,-3.4794400000000003,0,31.1966,-3.72705,1.7713,1.2667666666666668
22086,2016-03-20 20:00:00-05,0.4732833333333332,55.1,0.0,4.89,-3.20321,0,-2.37793,-4.07379,0.79865,1.2052333333333332
22097,2016-03-20 21:00:00-05,0.5108333333333333,51.77,0.0,3.5,-2.9716299999999998,0,-1.7216,-3.39607,0.40841666666666654,3.8283833333333326
22108,2016-03-20 22:00:00-05,0.3591,49.72,0.0,2.18,-3.05721,0,-2.7074700000000003,-3.14249,0.3983333333333333,0.5093
22119,2016-03-20 23:00:00-05,0.2406166666666666,47.53,0.0,2.07,-2.72322,0,-2.1754,-3.2284,0.2568333333333333,0.37286666666666657
22130,2016-03-21 00:00:00-05,0.3472666666666666,46.88,0.0,1.53,-2.90477,1,-1.86402,-3.13858,0.2418166666666666,0.3343166666666666
22141,2016-03-21 01:00:00-05,0.3031833333333333,44.91,0.0,1.29,-2.79155,1,-2.20396,-3.08215,0.2585333333333333,0.3252
22152,2016-03-21 02:00:00-05,0.2555166666666666,43.43,0.0,0.54,-2.93413,1,-2.20396,-2.37961,0.36198333333333327,0.3221833333333333
22163,2016-03-21 03:00:00-05,0.2836333333333333,42.1,0.0,0.53,-2.72419,1,-1.7677,-2.37403,0.2940333333333333,0.3214666666666666
22174,2016-03-21 04:00:00-05,0.20931666666666665,40.67,0.0,0.77,-3.06485,1,-2.39093,-1.8357700000000001,0.2595166666666666,0.3249833333333333
22185,2016-03-21 05:00:00-05,0.4684333333333332,38.86,0.0,1.18,-2.80952,1,-1.6997099999999998,-2.37964,0.2394833333333333,0.6052666666666666
22196,2016-03-21 06:00:00-05,0.78965,37.79,0.0,1.47,-2.7307200000000003,1,-1.75637,-2.37986,0.23055,0.3979333333333333
22207,2016-03-21 07:00:00-05,0.43596666666666656,37.99,0.0,1.58,53.6215,1,-2.2322900000000003,7.30312,0.2962666666666666,0.4497
22218,2016-03-21 08:00:00-05,0.2384666666666666,39.36,0.02,2.81,282.815,1,-1.5977299999999999,164.919,0.6713833333333332,1.4412333333333331
22229,2016-03-21 09:00:00-05,0.22565,44.58,0.17,3.72,523.727,1,34.9178,246.362,0.4438333333333333,0.539
22240,2016-03-21 10:00:00-05,0.22846666666666665,50.34,0.32,6.08,731.113,1,85.9262,620.81,0.4425,0.40295
22251,2016-03-21 11:00:00-05,0.2317333333333333,54.8,0.32,7.16,885.941,1,199.99900000000002,832.04,0.4044833333333333,0.38291666666666657
22262,2016-03-21 12:00:00-05,0.2544833333333333,59.03,0.27,7.88,968.975,1,385.074,921.5189999999999,0.36618333333333325,0.3891
22273,2016-03-21 13:00:00-05,0.3396333333333333,62.45,0.27,8.19,980.012,1,384.10699999999997,846.115,0.3734,0.4090666666666665
22284,2016-03-21 14:00:00-05,0.2873,64.64,0.27,8.58,918.0260000000001,1,410.195,896.942,0.4988333333333332,0.3949166666666665
22295,2016-03-21 15:00:00-05,0.2579833333333333,66.03,0.2,8.65,786.1289999999999,1,301.75,498.51599999999996,0.55385,0.3914833333333333
22306,2016-03-21 16:00:00-05,0.2199,66.38,0.13,8.37,596.0219999999999,1,583.725,517.293,0.48805,0.5670666666666666
22317,2016-03-21 17:00:00-05,0.27955,66.92,0.21,8.49,359.61300000000006,1,331.44300000000004,238.856,0.3302833333333333,0.5311666666666666
22328,2016-03-21 18:00:00-05,0.2389166666666666,65.84,0.15,8.59,121.34200000000001,1,280.233,76.3887,1.2143166666666667,0.5602166666666666
22339,2016-03-21 19:00:00-05,0.22905,63.65,0.1,8.38,-2.7193400000000003,1,28.5538,-3.3788099999999996,1.1782666666666668,0.5377666666666666
22350,2016-03-21 20:00:00-05,0.41981666666666656,59.78,0.0,6.51,-2.79413,1,-2.2646,-2.82527,0.4521666666666666,0.42451666666666654
22361,2016-03-21 21:00:00-05,0.902,56.41,0.0,5.79,-3.0105,1,-2.07818,-2.7185799999999998,0.3797833333333333,0.5113333333333332
22372,2016-03-21 22:00:00-05,1.3803666666666667,54.06,0.0,5.98,-2.88084,1,-2.71862,-2.71902,1.2875333333333332,0.5700833333333332
22383,2016-03-21 23:00:00-05,0.3663,52.89,0.0,6.47,-2.7734400000000003,1,-2.71923,-2.71923,0.5105666666666666,0.4154333333333333
22394,2016-03-22 00:00:00-05,0.35435,51.99,0.27,8.51,-2.7229799999999997,1,-2.7195400000000003,-2.71953,0.42681666666666657,0.2782666666666666
22405,2016-03-22 01:00:00-05,0.39506666666666657,50.91,0.27,9.04,-2.72323,1,-2.7196,-2.3796,0.2963833333333333,0.29395
22416,2016-03-22 02:00:00-05,0.3120666666666666,49.7,0.27,8.89,-2.72323,1,-2.71982,-2.3796,0.2473,0.2755166666666666
22427,2016-03-22 03:00:00-05,0.21601666666666666,48.56,0.27,8.3,-2.72323,1,-2.72002,-2.5779,0.23955,0.2831
22438,2016-03-22 04:00:00-05,0.21995,47.53,0.27,7.65,-2.72323,1,-2.72036,-2.7195400000000003,0.2321166666666666,0.4165
22449,2016-03-22 05:00:00-05,0.64975,46.72,0.28,6.98,-2.72323,1,-1.98934,-2.7195400000000003,0.24635,0.3455
22460,2016-03-22 06:00:00-05,1.1199,46.45,0.28,6.65,-2.8423700000000003,1,-2.3804,-2.7195400000000003,0.22916666666666666,0.3481666666666666
22471,2016-03-22 07:00:00-05,0.7887666666666666,46.59,0.28,6.34,50.6974,1,-2.71985,24.9801,0.3380666666666666,0.38301666666666656
22482,2016-03-22 08:00:00-05,0.7267333333333332,48.73,0.28,7.64,274.878,1,-0.946254,91.32,0.4818666666666666,0.6980166666666666
22493,2016-03-22 09:00:00-05,0.22103333333333328,53.94,0.28,9.71,507.399,1,76.2167,211.922,0.5171166666666666,0.5382166666666666
22504,2016-03-22 10:00:00-05,0.2278,59.64,0.28,12.42,763.664,1,99.1795,324.068,0.48135,0.39156666666666656
22515,2016-03-22 11:00:00-05,0.2818333333333333,64.22,0.28,14.11,838.4630000000001,1,196.608,738.81,0.3708166666666666,0.3838333333333333
22526,2016-03-22 12:00:00-05,0.2393,67.75,0.29,15.06,975.311,1,314.579,822.987,0.3456666666666666,0.38765
22537,2016-03-22 13:00:00-05,0.2352,71.15,0.27,14.86,667.007,1,431.605,810.763,0.3493666666666666,0.4186833333333333
22548,2016-03-22 14:00:00-05,0.3085833333333333,73.24,0.31,15.13,968.061,1,771.962,653.743,0.3639166666666666,0.4899833333333332
22559,2016-03-22 15:00:00-05,0.2528833333333333,74.81,0.37,15.31,262.589,1,214.05200000000002,433.535,1.1708,0.4661666666666666
22570,2016-03-22 16:00:00-05,0.2481333333333333,75.81,0.37,14.85,361.085,1,586.956,278.508,0.69115,0.5106333333333332
22581,2016-03-22 17:00:00-05,0.2944333333333333,75.83,0.4,14.61,201.533,1,451.517,171.125,2.5269166666666667,0.5217666666666666
22592,2016-03-22 18:00:00-05,0.2383166666666666,74.39,0.26,14.46,43.3967,1,252.99200000000002,66.622,0.3377666666666666,0.5335
22603,2016-03-22 19:00:00-05,0.40691666666666654,71.77,0.16,14.12,-2.64507,1,30.3658,-2.71667,0.9419666666666664,0.3921333333333333
22614,2016-03-22 20:00:00-05,0.37875,68.42,0.16,13.17,-2.71949,1,-2.5817799999999997,-2.7174099999999997,0.5794333333333332,0.3116833333333333
22625,2016-03-22 21:00:00-05,0.2563666666666666,66.44,0.18,13.24,-2.71958,1,-2.43535,-2.71792,0.38355,0.5959333333333332
22636,2016-03-22 22:00:00-05,0.2450833333333333,65.91,0.55,14.1,-2.3797200000000003,1,-2.6056,-2.65062,0.3535333333333333,0.5180333333333332
22647,2016-03-22 23:00:00-05,0.2480833333333333,64.96,0.62,14.78,-2.3742900000000002,1,-2.3792,-2.54304,0.2727833333333333,0.5339666666666666
22658,2016-03-23 00:00:00-05,0.24685,65.28,0.65,10.55,-1.8246099999999998,1,-2.44758,-1.90884,0.2338,0.43001666666666655
22669,2016-03-23 01:00:00-05,0.3299833333333333,65.46,0.74,9.78,-1.73395,1,-2.70821,-2.1975700000000002,0.2261,0.4089
22680,2016-03-23 02:00:00-05,0.3046333333333333,65.02,0.81,8.74,-1.69996,1,-2.39093,-1.96534,0.2479333333333333,0.36528333333333324
22691,2016-03-23 03:00:00-05,0.2496666666666666,64.49,0.71,7.29,-2.7200599999999997,1,-2.71992,-2.2088799999999997,0.1979,0.3599166666666666
22702,2016-03-23 04:00:00-05,0.2427333333333333,63.58,0.73,8.85,-2.7204599999999997,1,-2.72001,-2.32216,0.19151666666666664,0.37565
22713,2016-03-23 05:00:00-05,0.4876333333333332,63.84,0.76,6.2,-2.56744,1,-2.3803799999999997,-2.21455,0.20556666666666665,0.3535333333333333
22724,2016-03-23 06:00:00-05,0.72335,64.09,0.92,6.7,-2.7204099999999998,1,-2.3804,-2.3788,0.22101666666666664,0.6369833333333332
22735,2016-03-23 07:00:00-05,0.4756333333333332,64.12,0.91,5.65,20.8262,1,-2.7202599999999997,1.0138200000000002,0.40076666666666655,0.5476833333333332
22746,2016-03-23 08:00:00-05,0.3065333333333333,64.34,0.9,5.51,258.08099999999996,1,-1.04834,54.5821,0.40076666666666655,0.41746666666666654
22757,2016-03-23 09:00:00-05,0.4076333333333333,64.59,0.86,5.59,510.035,1,46.9954,64.7713,0.35965,0.53785
22768,2016-03-23 10:00:00-05,0.3468666666666666,66.26,0.72,6.04,723.475,1,37.5991,72.8131,0.36755,0.5073166666666666
22779,2016-03-23 11:00:00-05,0.2996666666666666,68.75,0.71,6.06,849.557,1,519.367,332.777,0.3698,0.4353
22790,2016-03-23 12:00:00-05,0.2985,71.69,0.64,6.36,931.852,1,454.945,319.783,0.3746333333333333,0.4388333333333333
22801,2016-03-23 13:00:00-05,0.2512,74.89,0.8,6.37,938.939,1,343.048,214.73,0.3701333333333333,0.4581166666666666
22812,2016-03-23 14:00:00-05,0.2478333333333333,76.19,0.31,5.64,881.2769999999999,1,193.393,143.599,0.3834833333333333,0.4703833333333332
22823,2016-03-23 15:00:00-05,0.2695166666666666,76.74,0.46,6.84,752.2710000000001,1,807.693,171.291,0.4440333333333333,0.9056
22834,2016-03-23 16:00:00-05,0.3686,77.34,0.42,6.56,560.645,1,655.794,268.803,0.3468666666666666,1.2009333333333332
22845,2016-03-23 17:00:00-05,0.4772,77.34,0.43,6.68,343.851,1,447.98699999999997,98.8287,0.40036666666666654,0.5866666666666666
22856,2016-03-23 18:00:00-05,1.004233333333333,76.41,0.43,7.03,105.962,1,257.98900000000003,41.4651,0.32,0.43515
22867,2016-03-23 19:00:00-05,0.5187833333333332,74.47,0.45,6.8,-2.71705,1,28.8191,-2.60417,0.6194333333333332,0.37916666666666654
22878,2016-03-23 20:00:00-05,0.8555666666666666,72.43,0.54,8.07,-2.71833,1,-2.7176,-2.37799,0.4373333333333333,0.3354833333333333
22889,2016-03-23 21:00:00-05,0.7595166666666666,70.29,0.7,9.11,-2.37901,1,-2.71834,-2.37833,1.29465,0.5261666666666666
22900,2016-03-23 22:00:00-05,0.3569333333333333,69.2,0.8,8.95,-2.71908,1,-2.71882,-1.93694,0.37651666666666656,0.47615
22911,2016-03-23 23:00:00-05,0.3301833333333333,69.18,0.99,7.53,-2.71949,1,-2.71941,-2.32782,0.3393333333333333,1.1991166666666668
22922,2016-03-25 00:00:00-05,0.2506666666666666,52.31,0.0,1.12,-3.2203,1,-2.7195400000000003,-1.9879900000000001,0.2499166666666666,0.43255
22933,2016-03-25 01:00:00-05,0.261,48.98,0.01,0.56,-2.72211,1,-2.71955,-1.76147,0.2389166666666666,0.4283
22944,2016-03-25 02:00:00-05,0.2352166666666666,48.19,0.0,0.86,-2.7223,1,-1.6998400000000002,-1.72754,0.2609,0.41545
22955,2016-03-25 03:00:00-05,0.2356666666666666,46.67,0.0,0.68,-2.7223,1,-2.37963,-1.85212,0.2796,0.4155333333333333
22966,2016-03-25 04:00:00-05,0.2396166666666666,45.13,0.0,0.7,-2.72798,1,-2.71956,-2.0956200000000003,0.2478,0.3842833333333333
22977,2016-03-25 05:00:00-05,0.2297833333333333,44.13,0.01,0.25,-2.38804,1,-2.71991,-2.71866,0.2572,0.3604666666666666
22988,2016-03-25 06:00:00-05,0.2387,42.93,0.04,0.84,-3.06337,1,-2.72011,-2.71887,0.2831333333333333,0.6632833333333332
22999,2016-03-25 07:00:00-05,0.6531333333333332,42.51,0.04,0.23,44.9332,1,-2.72002,5.21092,0.8197666666666666,0.8436166666666666
23010,2016-03-25 08:00:00-05,0.7001333333333332,44.18,0.13,0.8,293.449,1,-0.158667,18.7869,0.3431333333333333,1.2132
23021,2016-03-25 09:00:00-05,0.74995,50.45,0.18,2.07,529.385,1,92.2524,33.9318,0.40195,0.523
23032,2016-03-25 10:00:00-05,0.6155166666666666,56.59,0.16,3.37,557.805,1,164.99200000000002,113.523,0.3790833333333333,0.44785
23043,2016-03-25 11:00:00-05,0.4232166666666666,60.04,0.13,3.94,875.311,1,590.575,154.092,0.3218,0.42286666666666656
23054,2016-03-25 12:00:00-05,0.3809333333333333,63.38,0.1,3.54,988.654,1,744.421,288.93,0.3328166666666666,0.5034333333333332
23065,2016-03-25 13:00:00-05,0.3607,66.62,0.04,3.53,946.3810000000001,1,832.8539999999999,375.48900000000003,0.3743333333333333,0.5178
23076,2016-03-25 14:00:00-05,1.4801666666666669,68.9,0.04,4.66,925.627,1,858.2,292.468,0.39201666666666657,0.6217333333333332
23087,2016-03-25 15:00:00-05,0.40345,70.9,0.04,5.72,596.739,1,813.1,331.61400000000003,0.4829333333333332,1.4798333333333331
23098,2016-03-25 16:00:00-05,0.53945,71.55,0.06,6.59,517.91,1,705.3969999999999,371.904,0.5469333333333332,0.3971333333333333
23109,2016-03-25 17:00:00-05,0.55925,72.11,0.15,6.7,368.775,1,513.844,154.709,0.9329666666666664,0.7186166666666666
23120,2016-03-25 18:00:00-05,0.4955,71.51,0.17,7.15,76.5365,1,285.915,111.514,1.0700166666666668,0.5384833333333332
23131,2016-03-25 19:00:00-05,0.5703666666666666,68.43,0.18,6.62,-2.71889,1,67.3277,-2.37764,0.4168333333333333,0.43086666666666656
23142,2016-03-25 20:00:00-05,0.4778166666666666,64.35,0.03,4.48,-2.71957,1,-3.83205,-2.22512,0.5785333333333332,0.4886166666666666
23153,2016-03-25 21:00:00-05,0.41826666666666656,61.22,0.01,4.28,-2.7204099999999998,1,-3.39825,-2.36698,0.93995,0.6012333333333332
23164,2016-03-25 22:00:00-05,0.4436,58.91,0.0,3.9,-2.72055,1,-3.13888,-1.8406,1.0682833333333333,0.6031166666666666
23175,2016-03-25 23:00:00-05,0.3268666666666666,58.02,0.01,4.68,-2.7210900000000002,1,-3.06055,-2.71296,0.3150166666666666,0.3421833333333333
23186,2016-03-27 00:00:00-05,0.29735,60.09,0.19,2.27,-2.71936,0,-2.88578,-1.83507,0.414,0.32425
23197,2016-03-27 01:00:00-05,0.2754333333333333,58.81,0.22,1.94,-2.18696,0,-2.8016799999999997,-2.67331,0.42886666666666656,0.3413666666666666
23208,2016-03-27 02:00:00-05,0.22176666666666664,58.57,0.25,1.78,-1.966,0,-2.72295,-2.57157,0.43486666666666657,0.3219166666666666
23219,2016-03-27 03:00:00-05,0.22441666666666665,58.33,0.59,2.46,-2.1529700000000003,0,-2.7913099999999997,-2.21489,0.4811,0.3179833333333333
23230,2016-03-27 04:00:00-05,0.2468833333333333,58.17,0.59,1.64,-2.37393,0,-2.72323,-2.3792,0.37241666666666656,0.3269666666666666
23241,2016-03-27 05:00:00-05,0.3003666666666666,59.43,0.64,2.4,-1.88668,0,-2.84837,-1.84119,0.4206,0.3212166666666666
23252,2016-03-27 06:00:00-05,0.24555,60.27,0.81,1.44,-2.37942,0,-2.72412,-2.7191,0.68135,0.6062833333333332
23263,2016-03-27 07:00:00-05,0.2995,60.75,0.8,1.56,8.29321,0,-2.87738,28.8789,0.6591166666666666,0.4642833333333332
23274,2016-03-27 08:00:00-05,0.6983333333333333,62.23,0.68,3.08,89.2818,0,0.9648030000000001,68.0454,0.4458833333333333,0.40265
23285,2016-03-27 09:00:00-05,0.6191166666666666,63.67,0.28,3.15,165.033,0,178.44299999999998,124.47200000000001,0.5326333333333332,0.3514666666666666
23296,2016-03-27 10:00:00-05,0.8974,65.77,0.46,4.87,247.261,0,404.4,47.6666,0.5197666666666666,0.3225833333333333
23307,2016-03-27 11:00:00-05,0.9252333333333332,63.84,0.65,7.16,377.164,0,621.004,568.238,0.41521666666666657,0.31315
23318,2016-03-27 12:00:00-05,0.28725,63.75,0.5,5.72,189.162,0,778.9119999999999,292.32,0.4809,0.30385
23329,2016-03-27 13:00:00-05,0.2496666666666666,65.79,0.58,5.97,974.8439999999999,0,869.428,902.8939999999999,0.38631666666666653,0.3873666666666665
23340,2016-03-27 14:00:00-05,0.2696666666666666,69.67,0.13,5.32,341.77099999999996,0,860.4689999999999,850.9630000000001,0.5139166666666666,0.44411666666666655
23351,2016-03-27 15:00:00-05,0.2515833333333333,71.79,0.07,5.29,379.439,0,844.817,728.455,0.3934666666666666,0.3364833333333333
23362,2016-03-27 16:00:00-05,0.2484,72.83,0.04,6.2,584.194,0,730.013,540.003,0.36345,0.32665
23373,2016-03-27 17:00:00-05,0.39181666666666654,72.93,0.04,4.55,396.486,0,547.616,99.7006,0.37846666666666656,0.26765
23384,2016-03-27 18:00:00-05,3.015,72.04,0.05,5.21,108.611,0,316.746,101.905,0.4302833333333333,0.8242666666666666
23395,2016-03-27 19:00:00-05,0.8063333333333331,69.7,0.03,4.93,-2.37711,0,40.3973,-2.50627,0.6975,0.3827
23406,2016-03-27 20:00:00-05,0.443,66.05,0.0,3.8,-2.8252200000000003,0,-4.23255,-2.38278,0.2984333333333333,0.4898
23417,2016-03-27 21:00:00-05,0.4678333333333332,63.05,0.0,2.93,-2.8769400000000003,0,-3.74145,-2.5307,0.3480166666666666,0.32095
23428,2016-03-27 22:00:00-05,0.28065,60.65,0.0,3.12,-2.83212,0,-4.0826,-2.7177,0.2895166666666666,0.8268
23439,2016-03-27 23:00:00-05,0.2681,58.43,0.0,3.22,-2.71937,0,-3.0628900000000003,-2.37865,0.2769666666666666,1.44555
23450,2016-03-28 00:00:00-05,0.2394166666666666,56.83,0.1,3.13,-2.34564,1,-3.40401,-2.71862,0.3499,1.9419666666666668
23461,2016-03-28 01:00:00-05,0.2413833333333333,55.01,0.1,2.36,-2.39093,1,-3.17143,-2.37918,0.3490333333333333,0.3973333333333333
23472,2016-03-28 02:00:00-05,0.2661666666666666,53.79,0.1,1.68,-2.7195400000000003,1,-3.00195,-2.3798,0.4367,0.2546
23483,2016-03-28 03:00:00-05,0.2445,52.08,0.11,1.87,-2.71975,1,-3.06467,-2.56176,0.40795,0.28
23494,2016-03-28 04:00:00-05,0.2392,50.92,0.1,2.47,-2.72035,1,-2.7753099999999997,-2.72085,0.36498333333333327,0.26
23505,2016-03-28 05:00:00-05,0.5000333333333332,50.45,0.11,1.23,-2.72051,1,-2.7356,-1.7461799999999998,0.42941666666666656,0.2552
23516,2016-03-28 06:00:00-05,0.6224333333333332,48.9,0.11,1.05,-2.78288,1,-2.78114,-1.9444599999999999,0.6622833333333332,0.26165
23527,2016-03-28 07:00:00-05,0.3409833333333333,48.76,0.11,1.19,21.9824,1,-3.03677,19.9458,0.8048166666666666,0.5538833333333332
23538,2016-03-28 08:00:00-05,0.29745,48.99,0.11,2.73,108.272,1,2.32155,48.5739,0.3940833333333333,1.1189166666666668
23549,2016-03-28 09:00:00-05,0.2476833333333333,52.86,0.11,4.4,200.891,1,190.113,264.204,0.37301666666666655,0.6131833333333332
23560,2016-03-28 10:00:00-05,0.2601333333333333,57.18,0.11,5.3,297.11,1,418.68800000000005,428.102,0.4524666666666666,0.6537666666666666
23571,2016-03-28 11:00:00-05,0.3164833333333333,60.68,0.11,5.46,200.21200000000002,1,631.724,333.092,0.37046666666666656,0.34855
23582,2016-03-28 12:00:00-05,0.2808166666666666,63.63,0.12,3.91,417.05800000000005,1,778.492,325.442,0.5641666666666666,0.2758666666666666
23593,2016-03-28 13:00:00-05,0.2483166666666666,66.42,0.13,3.91,914.071,1,861.329,533.977,0.4474833333333333,0.3133
23604,2016-03-28 14:00:00-05,0.25715,68.82,0.16,4.1,419.24,1,882.085,522.92,0.3901333333333333,0.3100333333333333
23615,2016-03-28 15:00:00-05,0.3051833333333333,70.93,0.24,4.65,790.951,1,833.763,346.749,0.5432833333333332,0.4731166666666666
23626,2016-03-28 16:00:00-05,0.3118,72.37,0.14,4.99,291.743,1,703.052,300.816,0.5844,0.4506
23637,2016-03-28 17:00:00-05,0.4696666666666666,72.86,0.13,5.34,175.455,1,523.719,139.126,0.3936333333333333,0.40866666666666657
23648,2016-03-28 18:00:00-05,0.7059666666666666,72.37,0.12,5.41,109.851,1,291.642,17.4217,0.3477,0.7822166666666666
23659,2016-03-28 19:00:00-05,1.1351,71.17,0.07,4.51,-2.37815,1,72.4295,-2.3796,1.183366666666667,1.3232
23670,2016-03-28 20:00:00-05,0.4693166666666666,67.34,0.0,3.06,-2.71884,1,-3.3536699999999997,-2.35756,0.91175,0.4856833333333332
23681,2016-03-28 21:00:00-05,0.4167,64.61,0.11,2.95,-2.71952,1,-3.06035,-2.26143,0.8794666666666666,0.4965833333333332
23692,2016-03-28 22:00:00-05,0.3089,63.22,0.65,3.35,-2.37973,1,-2.7324900000000003,-2.38056,3.6717333333333326,0.38355
23703,2016-03-28 23:00:00-05,0.2622,62.44,0.84,3.16,-2.71965,1,-2.84611,-2.20522,0.28515,0.3299
23714,2016-03-29 00:00:00-05,0.2511666666666666,62.45,0.78,3.45,-1.87579,1,-3.05687,-2.19411,0.21648333333333328,0.2983
23725,2016-03-29 01:00:00-05,0.23765,61.29,0.79,3.47,-2.07978,1,-2.72254,-2.38121,0.20298333333333327,0.4493666666666665
23736,2016-03-29 02:00:00-05,0.24655,60.26,0.78,3.05,-2.38002,1,-2.72305,-2.3703,0.3379666666666666,0.38566666666666655
23747,2016-03-29 03:00:00-05,0.2737833333333333,59.92,0.68,3.57,-1.938,1,-2.72322,-2.04173,0.39225,0.3510833333333333
23758,2016-03-29 04:00:00-05,0.27245,58.47,0.3,4.61,-2.22125,1,-2.83102,-2.3820200000000002,0.41441666666666654,0.3543166666666666
23769,2016-03-29 05:00:00-05,0.48695,58.66,0.68,4.62,-1.6998400000000002,1,-3.06363,-2.03071,0.4106,0.3416666666666666
23780,2016-03-29 06:00:00-05,0.7309,59.75,0.92,4.34,-3.2521299999999997,1,-3.06373,-2.22359,0.5989,0.43011666666666654
23791,2016-03-29 07:00:00-05,0.32985,60.13,0.97,3.29,19.66,1,-3.22356,17.9305,0.65205,0.58755
23802,2016-03-29 08:00:00-05,0.2426,61.08,0.95,3.79,94.9064,1,3.00841,77.2471,0.3987333333333333,0.6039666666666667
23813,2016-03-29 09:00:00-05,0.2370166666666666,62.59,0.93,2.93,82.4633,1,186.963,398.61199999999997,0.3798166666666665,0.3014666666666666
23824,2016-03-29 10:00:00-05,0.2402833333333333,63.99,0.83,3.43,59.9259,1,413.05199999999996,396.119,0.4884833333333332,0.3060666666666666
23835,2016-03-29 11:00:00-05,0.2421333333333333,65.15,0.74,3.75,230.30200000000002,1,624.72,676.14,0.5890833333333332,0.26725
23846,2016-03-29 12:00:00-05,0.2636,66.04,0.98,4.93,246.399,1,773.633,697.7669999999999,0.5134833333333332,0.3649
23857,2016-03-29 13:00:00-05,0.3298333333333333,67.68,1.0,5.3,977.548,1,854.071,1083.28,0.4163,0.4479
23868,2016-03-29 14:00:00-05,0.2884166666666666,68.46,0.98,5.73,975.334,1,877.817,911.155,0.5297166666666666,0.6846666666666666
23879,2016-03-29 15:00:00-05,0.4835333333333332,69.18,0.95,6.43,660.54,1,822.9630000000001,780.438,0.4115,0.3047666666666666
23890,2016-03-29 16:00:00-05,0.39271666666666655,68.65,0.94,6.1,343.19599999999997,1,725.65,591.08,0.3426333333333333,0.5794166666666666
23901,2016-03-29 17:00:00-05,0.2965833333333333,68.98,0.97,5.83,102.84,1,326.592,361.034,0.3841833333333333,0.6706833333333332
23912,2016-03-29 18:00:00-05,0.6161666666666666,69.11,0.99,5.38,61.7582,1,257.785,120.72,0.44441666666666657,0.9476666666666664
23923,2016-03-29 19:00:00-05,0.43521666666666653,69.36,1.0,5.71,-2.37799,1,25.2544,-3.4794400000000003,0.6387333333333332,3.4225833333333333
23934,2016-03-29 20:00:00-05,0.39515,68.68,1.0,6.29,-2.71798,1,-2.71943,-3.20321,0.7509666666666666,0.4732833333333332
23945,2016-03-29 21:00:00-05,0.40375,68.17,1.0,6.38,-2.3786400000000003,1,-2.72035,-2.9716299999999998,0.38005,0.5108333333333333
23956,2016-03-29 22:00:00-05,0.3048,68.09,1.0,7.32,-1.9087,1,-2.7208200000000002,-3.05721,0.3466666666666666,0.3591
23967,2016-03-29 23:00:00-05,0.25455,68.21,1.0,7.19,-1.80675,1,-2.72138,-2.72322,0.47395,0.2406166666666666
23978,2016-03-30 00:00:00-05,0.2893166666666666,68.57,0.97,7.94,-2.4750799999999997,1,-2.72159,-2.90477,0.3533333333333333,0.3472666666666666
23989,2016-03-30 01:00:00-05,0.2983,67.96,1.0,8.06,-1.8973799999999998,1,-2.72226,-2.79155,0.3362833333333333,0.3031833333333333
24000,2016-03-30 02:00:00-05,0.25375,68.99,0.98,8.07,-1.86905,1,-2.38769,-2.93413,0.4017,0.2555166666666666
24011,2016-03-30 03:00:00-05,0.2697,68.88,0.95,6.67,-2.22021,1,-2.18351,-2.72419,0.4406833333333333,0.2836333333333333
24022,2016-03-30 04:00:00-05,0.2398666666666666,68.59,0.94,6.68,-1.7104700000000002,1,-2.04173,-3.06485,0.4433833333333333,0.20931666666666665
24033,2016-03-30 05:00:00-05,0.4706333333333332,68.43,0.92,6.82,-1.7841,1,-2.72227,-2.80952,0.4746,0.4684333333333332
24044,2016-03-30 06:00:00-05,0.6059,67.7,0.98,6.19,-2.3788,1,-2.2118700000000002,-2.7307200000000003,0.4972,0.78965
24055,2016-03-30 07:00:00-05,0.3295333333333333,68.22,1.0,6.21,5.4146,1,-2.57485,53.6215,0.8740666666666665,0.43596666666666656
24066,2016-03-30 08:00:00-05,0.22715,68.31,0.98,6.39,54.1686,1,-0.011343,282.815,0.5728166666666666,0.2384666666666666
24077,2016-03-30 09:00:00-05,0.2744333333333333,69.19,0.95,6.97,63.344,1,78.4364,523.727,0.5421,0.22565
24088,2016-03-30 10:00:00-05,0.2459666666666666,69.87,0.94,7.38,131.345,1,316.496,731.113,0.4921333333333332,0.22846666666666665
24099,2016-03-30 11:00:00-05,0.2400333333333333,70.27,0.93,6.98,217.824,1,357.327,885.941,0.4774833333333332,0.2317333333333333
24110,2016-03-30 12:00:00-05,0.3232,71.22,0.98,7.36,261.476,1,362.495,968.975,0.7924,0.2544833333333333
24121,2016-03-30 13:00:00-05,0.3193833333333333,72.16,0.96,7.59,353.809,1,339.379,980.012,0.4343166666666666,0.3396333333333333
24132,2016-03-30 14:00:00-05,0.2618166666666666,72.48,0.84,7.25,472.654,1,307.313,918.0260000000001,0.3609,0.2873
24143,2016-03-30 15:00:00-05,0.2634333333333333,73.91,0.68,7.04,449.316,1,282.64099999999996,786.1289999999999,0.3867,0.2579833333333333
24154,2016-03-30 16:00:00-05,0.36063333333333325,75.71,0.76,8.22,128.251,1,49.5729,596.0219999999999,0.41601666666666653,0.2199
24165,2016-03-30 17:00:00-05,0.4523666666666666,76.2,0.84,7.66,66.0502,1,55.2628,359.61300000000006,0.40426666666666655,0.27955
24176,2016-03-30 18:00:00-05,0.4360333333333333,75.97,0.85,6.96,11.4331,1,44.9914,121.34200000000001,0.37156666666666655,0.2389166666666666
24187,2016-03-30 19:00:00-05,1.1628166666666668,75.08,0.84,5.68,-2.43945,1,23.796,-2.7193400000000003,0.36445,0.22905
24198,2016-03-30 20:00:00-05,0.823133333333333,73.75,0.55,6.72,-2.55318,1,-2.36836,-2.79413,0.34415,0.41981666666666656
24209,2016-03-30 21:00:00-05,0.4351333333333333,71.7,0.84,4.38,-2.14019,1,-2.23263,-3.0105,0.2833,0.902
24220,2016-03-30 22:00:00-05,0.3087666666666666,71.36,0.83,3.87,-2.37813,1,-2.19328,-2.88084,0.39656666666666657,1.3803666666666667
24231,2016-03-30 23:00:00-05,0.3068333333333333,70.51,0.5,3.89,-2.214,1,-2.18771,-2.7734400000000003,0.3388333333333333,0.3663
24242,2016-03-31 00:00:00-05,0.2585833333333333,70.74,0.73,4.89,-2.36692,1,-2.1537,-2.7229799999999997,0.2746833333333333,0.35435
24253,2016-03-31 01:00:00-05,0.2556333333333333,70.06,0.91,4.53,-2.24812,1,-2.21604,-2.72323,0.28725,0.39506666666666657
24264,2016-03-31 02:00:00-05,0.2499333333333333,69.71,0.74,4.43,-2.37839,1,-2.11405,-2.72323,0.2668833333333333,0.3120666666666666
24275,2016-03-31 03:00:00-05,0.2551,69.28,0.7,4.62,-2.37853,1,-2.38041,-2.72323,0.2669,0.21601666666666666
24286,2016-03-31 04:00:00-05,0.2531166666666666,68.72,0.63,3.69,-2.37879,1,-2.30108,-2.72323,0.3286,0.21995
24297,2016-03-31 05:00:00-05,0.48565,68.22,0.61,2.47,-2.38446,1,-2.28412,-2.72323,0.3506166666666666,0.64975
24308,2016-03-31 06:00:00-05,0.6679,68.08,0.68,0.91,-2.5657,1,-2.38049,-2.8423700000000003,0.3777833333333333,1.1199
24319,2016-03-31 07:00:00-05,0.6276333333333332,67.6,0.76,0.65,23.1083,1,-2.82253,50.6974,0.3405166666666666,0.7887666666666666
24330,2016-03-31 08:00:00-05,0.4144833333333333,67.6,0.66,0.35,216.838,1,3.62744,274.878,1.18275,0.7267333333333332
24341,2016-03-31 09:00:00-05,0.3142333333333333,70.16,0.47,3.2,568.9069999999999,1,112.579,507.399,1.5735833333333331,0.22103333333333328
24352,2016-03-31 10:00:00-05,0.4077833333333333,72.58,0.36,5.66,531.776,1,365.149,763.664,2.0660166666666666,0.2278
24363,2016-03-31 11:00:00-05,0.3034,74.38,0.36,7.17,855.705,1,336.663,838.4630000000001,1.38395,0.2818333333333333
24374,2016-03-31 12:00:00-05,0.2551666666666666,76.42,0.29,6.87,966.7589999999999,1,323.151,975.311,0.8686,0.2393
24385,2016-03-31 13:00:00-05,0.2732,78.32,0.27,6.77,963.2310000000001,1,293.991,667.007,0.4047833333333333,0.2352
24396,2016-03-31 14:00:00-05,0.3201666666666666,80.09,0.25,6.76,877.949,1,396.51,968.061,0.3753166666666666,0.3085833333333333
24407,2016-03-31 15:00:00-05,0.2648166666666666,81.55,0.24,7.1,789.265,1,457.496,262.589,0.36996666666666655,0.2528833333333333
24418,2016-03-31 16:00:00-05,1.2769,81.85,0.23,7.57,501.148,1,362.981,361.085,0.38935,0.2481333333333333
24429,2016-03-31 17:00:00-05,0.39756666666666657,81.41,0.26,7.36,344.19199999999995,1,269.64599999999996,201.533,0.3678,0.2944333333333333
24440,2016-03-31 18:00:00-05,0.6146,80.2,0.27,6.54,52.295,1,278.112,43.3967,0.3568333333333333,0.2383166666666666
24451,2016-03-31 19:00:00-05,0.5185333333333332,78.17,0.2,5.91,-3.3925,1,72.9482,-2.64507,1.12655,0.40691666666666654
24462,2016-03-31 20:00:00-05,0.5366333333333332,74.22,0.0,4.98,-2.7151400000000003,1,-2.7185799999999998,-2.71949,0.77035,0.37875
24473,2016-03-31 21:00:00-05,1.70285,71.0,0.02,7.01,-2.71597,1,-2.8496599999999996,-2.71958,0.55585,0.2563666666666666
24484,2016-03-31 22:00:00-05,0.4749,68.68,0.02,6.82,-2.71677,1,-2.8045299999999997,-2.3797200000000003,0.5481833333333332,0.2450833333333333
24495,2016-03-31 23:00:00-05,0.3181333333333333,66.59,0.0,5.68,-2.37792,1,-2.73127,-2.3742900000000002,0.4277333333333333,0.2480833333333333
24506,2016-04-01 00:00:00-05,0.3040833333333333,63.01,0.32,4.52,-2.4685799999999998,1,-2.3804,-1.8246099999999998,0.3287333333333333,0.24685
24517,2016-04-01 01:00:00-05,0.3135166666666666,61.97,0.33,5.33,-1.9195200000000001,1,-2.7204900000000003,-1.73395,0.3157333333333333,0.3299833333333333
24528,2016-04-01 02:00:00-05,0.2964833333333333,60.72,0.35,5.74,-2.53688,1,-2.72047,-1.69996,0.3145833333333333,0.3046333333333333
24539,2016-04-01 03:00:00-05,0.29475,59.31,0.36,5.3,-2.84841,1,-2.72056,-2.7200599999999997,0.27185,0.2496666666666666
24550,2016-04-01 04:00:00-05,0.3098,57.79,0.42,4.91,-2.71848,1,-2.72091,-2.7204599999999997,0.2493833333333333,0.2427333333333333
24561,2016-04-01 05:00:00-05,0.4965166666666666,57.19,0.35,4.44,-2.37879,1,-2.72131,-2.56744,0.24935,0.4876333333333332
24572,2016-04-01 06:00:00-05,0.7710333333333331,55.71,0.37,5.44,-2.71831,1,-2.90848,-2.7204099999999998,0.4313,0.72335
24583,2016-04-01 07:00:00-05,0.45425,55.09,0.57,5.66,39.1133,1,-2.72138,20.8262,0.7841,0.4756333333333332
24594,2016-04-01 08:00:00-05,0.3818833333333333,55.31,0.4,8.14,106.405,1,0.997841,258.08099999999996,1.4328833333333333,0.3065333333333333
24605,2016-04-01 09:00:00-05,0.2751333333333333,57.77,0.57,8.96,117.525,1,65.9142,510.035,0.4028833333333333,0.4076333333333333
24616,2016-04-01 10:00:00-05,0.2976833333333333,57.34,0.47,8.41,656.7919999999999,1,289.257,723.475,0.41621666666666657,0.3468666666666666
24627,2016-04-01 11:00:00-05,0.2584833333333333,58.99,0.61,10.23,472.665,1,229.87400000000002,849.557,0.4206,0.2996666666666666
24638,2016-04-01 12:00:00-05,0.2476166666666666,58.41,0.42,9.69,597.884,1,422.975,931.852,0.3651666666666666,0.2985
24649,2016-04-01 13:00:00-05,0.2703166666666666,57.33,0.44,8.83,824.944,1,563.976,938.939,0.3732666666666665,0.2512
24660,2016-04-01 14:00:00-05,0.2926333333333333,58.29,0.58,10.38,913.934,1,736.038,881.2769999999999,0.377,0.2478333333333333
24671,2016-04-01 15:00:00-05,0.3309166666666666,58.51,0.58,9.37,750.865,1,364.856,752.2710000000001,0.4563333333333333,0.2695166666666666
24682,2016-04-01 16:00:00-05,0.27615,58.58,0.42,10.57,570.654,1,855.459,560.645,0.4864,0.3686
24693,2016-04-01 17:00:00-05,0.2578666666666666,59.1,0.46,9.52,343.495,1,286.738,343.851,0.798933333333333,0.4772
24704,2016-04-01 18:00:00-05,0.3199666666666666,58.66,0.52,9.32,122.635,1,315.159,105.962,1.1584833333333333,1.004233333333333
24715,2016-04-01 19:00:00-05,0.2568166666666666,57.82,0.64,7.32,-2.39005,1,78.1107,-2.71705,0.6657166666666666,0.5187833333333332
24726,2016-04-01 20:00:00-05,0.2561333333333333,55.86,0.76,5.29,-3.01965,1,-2.75726,-2.71833,0.5325166666666666,0.8555666666666666
24737,2016-04-01 21:00:00-05,0.22115,53.91,0.71,4.27,-2.71965,1,-2.7186,-2.37901,0.36075,0.7595166666666666
24748,2016-04-01 22:00:00-05,0.3372166666666666,52.19,0.47,5.01,-2.72011,1,-2.71919,-2.71908,0.38595,0.3569333333333333
24759,2016-04-01 23:00:00-05,0.26635,51.31,0.41,4.8,-2.72059,1,-2.7195400000000003,-2.71949,0.31505,0.3301833333333333
24770,2016-04-02 00:00:00-05,0.2463166666666666,51.37,0.03,3.2,-2.7213700000000003,0,-2.71959,-3.2203,0.2615,0.2506666666666666
24781,2016-04-02 01:00:00-05,0.22288333333333327,49.94,0.01,3.88,-2.72159,0,-2.7198700000000002,-2.72211,0.2343333333333333,0.261
24792,2016-04-02 02:00:00-05,0.23685,48.68,0.01,3.23,-2.38199,0,-2.61236,-2.7223,0.2357833333333333,0.2352166666666666
24803,2016-04-02 03:00:00-05,0.2318333333333333,47.44,0.0,4.32,-2.3820200000000002,0,-2.72024,-2.7223,0.2384333333333333,0.2356666666666666
24814,2016-04-02 04:00:00-05,0.22501666666666664,46.25,0.0,5.24,-2.3820200000000002,0,-2.45397,-2.72798,0.39556666666666657,0.2396166666666666
24825,2016-04-02 05:00:00-05,0.21698333333333328,45.48,0.0,5.8,-2.6543099999999997,0,-1.7851700000000001,-2.38804,0.2981833333333333,0.2297833333333333
24836,2016-04-02 06:00:00-05,0.2178,45.14,0.0,7.12,-2.5297400000000003,0,-2.2723400000000002,-3.06337,0.4564333333333333,0.2387
24847,2016-04-02 07:00:00-05,0.3202333333333333,44.72,0.01,7.44,23.5388,0,-2.37981,44.9332,0.5368,0.6531333333333332
24858,2016-04-02 08:00:00-05,0.7973833333333331,46.29,0.01,6.71,67.0608,0,2.7479299999999998,293.449,0.2834666666666666,0.7001333333333332
24869,2016-04-02 09:00:00-05,0.46465,50.4,0.01,5.48,177.34099999999998,0,31.8697,529.385,0.3828166666666665,0.74995
24880,2016-04-02 10:00:00-05,0.36563333333333325,55.86,0.01,4.39,157.686,0,178.082,557.805,0.4391,0.6155166666666666
24891,2016-04-02 11:00:00-05,0.2494333333333333,60.55,0.01,3.38,305.481,0,405.569,875.311,0.4145833333333333,0.4232166666666666
24902,2016-04-02 12:00:00-05,0.2418833333333333,64.78,0.01,2.73,420.277,0,327.681,988.654,0.4196833333333333,0.3809333333333333
24913,2016-04-02 13:00:00-05,0.2422166666666666,68.34,0.01,3.58,303.418,0,852.6010000000001,946.3810000000001,0.4439,0.3607
24924,2016-04-02 14:00:00-05,0.24725,69.74,0.01,3.77,325.22700000000003,0,795.015,925.627,0.42696666666666655,1.4801666666666669
24935,2016-04-02 15:00:00-05,0.41315,71.29,0.01,2.88,587.073,0,760.69,596.739,0.50685,0.40345
24946,2016-04-02 16:00:00-05,0.4372333333333333,72.33,0.01,2.4,537.654,0,621.953,517.91,0.5089,0.53945
24957,2016-04-02 17:00:00-05,0.4966833333333332,72.07,0.01,2.88,415.338,0,492.401,368.775,0.40166666666666656,0.55925
24968,2016-04-02 18:00:00-05,0.9682166666666664,71.7,0.01,2.5,157.884,0,97.8637,76.5365,0.38946666666666657,0.4955
24979,2016-04-02 19:00:00-05,0.5429833333333332,69.88,0.0,2.08,-1.7902799999999999,0,73.2558,-2.71889,1.373,0.5703666666666666
24990,2016-04-02 20:00:00-05,0.9160333333333333,65.43,0.0,2.02,-2.72043,0,-3.39471,-2.71957,0.9679333333333332,0.4778166666666666
25001,2016-04-02 21:00:00-05,0.5326833333333332,60.78,0.0,0.93,-3.4013,0,-3.09632,-2.7204099999999998,2.742383333333333,0.41826666666666656
25012,2016-04-02 22:00:00-05,0.3370666666666666,56.38,0.0,0.6,-3.3677099999999998,0,-2.71794,-2.72055,1.5077166666666668,0.4436
25023,2016-04-02 23:00:00-05,0.2793333333333333,53.84,0.0,1.19,-2.8243099999999997,0,-2.71861,-2.7210900000000002,0.67975,0.3268666666666666
25034,2016-04-03 00:00:00-05,0.2504166666666666,52.4,0.0,0.83,-3.05125,0,-2.54347,-2.71936,0.26235,0.29735
25045,2016-04-03 01:00:00-05,0.2448,49.82,0.0,0.84,-2.72275,0,-2.3795900000000003,-2.18696,0.294,0.2754333333333333
25056,2016-04-03 02:00:00-05,0.25735,48.8,0.0,1.01,-2.72282,0,-2.3796,-1.966,0.39411666666666656,0.22176666666666664
25067,2016-04-03 03:00:00-05,0.2371,47.58,0.0,1.59,-2.7232,0,-2.3796,-2.1529700000000003,0.33595,0.22441666666666665
25078,2016-04-03 04:00:00-05,0.2425333333333333,46.51,0.0,1.74,-3.0069,0,-2.7195400000000003,-2.37393,0.28015,0.2468833333333333
25089,2016-04-03 05:00:00-05,0.2751833333333333,45.1,0.0,1.73,-2.72323,0,-2.06803,-1.88668,0.27325,0.3003666666666666
25100,2016-04-03 06:00:00-05,0.2333166666666666,45.28,0.0,1.67,-2.73457,0,-2.19263,-2.37942,0.4858833333333332,0.24555
25111,2016-04-03 07:00:00-05,0.36175,43.51,0.01,1.9,85.0157,0,-2.4929200000000002,8.29321,0.8404,0.2995
25122,2016-04-03 08:00:00-05,1.8634166666666667,46.85,0.01,1.61,330.81,0,-1.02547,89.2818,2.2938666666666667,0.6983333333333333
25133,2016-04-03 09:00:00-05,4.247533333333333,55.36,0.01,2.32,478.37,0,103.49,165.033,0.36425,0.6191166666666666
25144,2016-04-03 10:00:00-05,0.48935,61.22,0.01,3.23,782.3430000000001,0,206.43200000000002,247.261,0.40071666666666655,0.8974
25155,2016-04-03 11:00:00-05,0.28275,67.1,0.01,3.16,907.885,0,258.015,377.164,0.41265,0.9252333333333332
25166,2016-04-03 12:00:00-05,0.2673333333333333,71.51,0.01,3.58,957.995,0,748.317,189.162,0.389,0.28725
25177,2016-04-03 13:00:00-05,0.2675666666666666,73.97,0.01,3.36,977.34,0,417.389,974.8439999999999,0.42,0.2496666666666666
25188,2016-04-03 14:00:00-05,0.27105,75.61,0.01,3.37,922.1510000000001,0,456.875,341.77099999999996,0.53495,0.2696666666666666
25199,2016-04-03 15:00:00-05,0.3312833333333333,76.27,0.01,4.25,793.398,0,632.721,379.439,0.44775,0.2515833333333333
25210,2016-04-03 16:00:00-05,0.57375,76.67,0.01,4.7,600.1569999999999,0,717.443,584.194,0.38866666666666655,0.2484
25221,2016-04-03 17:00:00-05,0.65945,76.51,0.01,5.16,374.54,0,296.616,396.486,0.5498166666666666,0.39181666666666654
25232,2016-04-03 18:00:00-05,1.2045,75.69,0.01,5.3,141.23,0,103.09,108.611,1.1652166666666668,3.015
25243,2016-04-03 19:00:00-05,0.6782666666666666,73.71,0.0,4.7,-2.36668,0,70.2828,-2.37711,0.7984666666666665,0.8063333333333331
25254,2016-04-03 20:00:00-05,0.55355,68.55,0.0,3.82,-3.365,0,-3.03423,-2.8252200000000003,0.7877333333333331,0.443
25265,2016-04-03 21:00:00-05,0.32685,63.87,0.0,3.33,-3.1845,0,-2.89356,-2.8769400000000003,1.0049166666666665,0.4678333333333332
25276,2016-04-03 22:00:00-05,0.22475,62.15,0.0,3.37,-3.27595,0,-2.7073,-2.83212,0.5119,0.28065
25287,2016-04-03 23:00:00-05,0.2157,59.09,0.0,2.85,-3.1011,0,-2.71906,-2.71937,0.3046166666666666,0.2681
25298,2016-04-04 00:00:00-05,0.21075,58.0,0.0,3.52,-3.06156,1,-2.37356,-2.34564,0.37905,0.2394166666666666
25309,2016-04-04 01:00:00-05,0.20251666666666665,58.37,0.0,3.38,-3.04503,1,-2.71953,-2.39093,0.3310833333333333,0.2413833333333333
25320,2016-04-04 02:00:00-05,0.2023,56.45,0.0,3.07,-3.05692,1,-2.37393,-2.7195400000000003,0.2970666666666666,0.2661666666666666
25331,2016-04-04 03:00:00-05,0.2181,55.62,0.0,4.6,-3.0455799999999997,1,-2.7195400000000003,-2.71975,0.28685,0.2445
25342,2016-04-04 04:00:00-05,0.19171666666666665,54.9,0.0,3.83,-2.8643400000000003,1,-2.7195400000000003,-2.72035,0.2643666666666666,0.2392
25353,2016-04-04 05:00:00-05,0.4290333333333333,54.72,0.0,3.58,-2.91577,1,-2.7196,-2.72051,0.2738,0.5000333333333332
25364,2016-04-04 06:00:00-05,0.7460833333333331,52.77,0.0,3.23,-3.0634,1,-2.71978,-2.78288,0.3530833333333333,0.6224333333333332
25375,2016-04-04 07:00:00-05,0.3477333333333333,51.56,0.0,2.55,103.586,1,-2.71972,21.9824,0.8346333333333331,0.3409833333333333
25386,2016-04-04 08:00:00-05,0.2545,53.3,0.0,3.57,336.27099999999996,1,0.861196,108.272,0.4181666666666666,0.29745
25397,2016-04-04 09:00:00-05,0.21555,60.02,0.0,4.0,571.543,1,88.9179,200.891,1.44925,0.2476833333333333
25408,2016-04-04 10:00:00-05,0.21386666666666665,65.98,0.0,6.08,770.0889999999999,1,389.54900000000004,297.11,1.2909833333333331,0.2601333333333333
25419,2016-04-04 11:00:00-05,0.21635,69.93,0.01,7.03,919.166,1,593.495,200.21200000000002,0.4477333333333333,0.3164833333333333
25430,2016-04-04 12:00:00-05,0.22308333333333327,73.67,0.01,7.01,990.8580000000001,1,746.051,417.05800000000005,0.3965333333333333,0.2808166666666666
25441,2016-04-04 13:00:00-05,0.2769166666666666,76.53,0.01,7.17,991.6489999999999,1,825.3860000000001,914.071,0.4017833333333333,0.2483166666666666
25452,2016-04-04 14:00:00-05,0.3346333333333333,78.9,0.01,6.71,932.4860000000001,1,839.51,419.24,0.4178333333333333,0.25715
25463,2016-04-04 15:00:00-05,0.2597,80.08,0.01,5.29,794.529,1,790.0189999999999,790.951,0.40231666666666654,0.3051833333333333
25474,2016-04-04 16:00:00-05,0.2983166666666666,80.88,0.02,5.48,609.905,1,659.054,291.743,0.41391666666666654,0.3118
25485,2016-04-04 17:00:00-05,0.2557666666666666,81.0,0.02,5.34,376.209,1,476.416,175.455,0.4978166666666666,0.4696666666666666
25496,2016-04-04 18:00:00-05,0.23041666666666666,80.16,0.02,5.04,142.773,1,260.58,109.851,0.4435833333333333,0.7059666666666666
25507,2016-04-04 19:00:00-05,0.2372,77.99,0.0,4.62,-2.37725,1,64.824,-2.37815,0.4038333333333333,1.1351
25518,2016-04-04 20:00:00-05,0.37036666666666657,72.87,0.0,3.45,-3.3583300000000005,1,-3.39319,-2.71884,0.5443333333333332,0.4693166666666666
25529,2016-04-04 21:00:00-05,0.3499833333333333,69.05,0.0,3.2,-3.0876,1,-2.7160900000000003,-2.71952,0.5479333333333332,0.4167
25540,2016-04-04 22:00:00-05,0.3375,65.77,0.0,1.94,-2.86136,1,-2.7170900000000002,-2.37973,0.5683333333333332,0.3089
25551,2016-04-04 23:00:00-05,0.2006,64.12,0.0,2.34,-3.03784,1,-2.71801,-2.71965,0.43205,0.2622
25562,2016-04-05 00:00:00-05,0.19696666666666665,61.51,0.09,4.27,-3.2877,1,-2.76396,-1.87579,0.3274333333333333,0.2511666666666666
25573,2016-04-05 01:00:00-05,0.21083333333333326,60.5,0.1,4.32,-2.9424799999999998,1,-3.11585,-2.07978,0.269,0.23765
25584,2016-04-05 02:00:00-05,0.19441666666666665,59.19,0.1,3.61,-3.19762,1,-3.39943,-2.38002,0.2805666666666666,0.24655
25595,2016-04-05 03:00:00-05,0.20021666666666665,57.77,0.11,3.53,-3.08423,1,-2.2096299999999998,-1.938,0.2827833333333333,0.2737833333333333
25606,2016-04-05 04:00:00-05,0.2350333333333333,54.77,0.11,4.36,-3.0843700000000003,1,-2.56657,-2.22125,0.2532333333333333,0.27245
25617,2016-04-05 05:00:00-05,0.49545,53.75,0.11,3.97,-2.7393,1,-2.09078,-1.6998400000000002,0.2745833333333333,0.48695
25628,2016-04-05 06:00:00-05,0.4819166666666666,52.12,0.11,3.18,-3.23841,1,-3.4003900000000002,-3.2521299999999997,0.4940833333333332,0.7309
25639,2016-04-05 07:00:00-05,0.7845166666666666,51.43,0.1,3.63,107.50299999999999,1,-3.735,19.66,0.5101666666666665,0.32985
25650,2016-04-05 08:00:00-05,0.88185,53.48,0.11,2.15,335.235,1,8.67942,94.9064,0.39226666666666654,0.2426
25661,2016-04-05 09:00:00-05,2.28485,60.97,0.11,3.07,567.841,1,198.655,82.4633,0.39675,0.2370166666666666
25672,2016-04-05 10:00:00-05,0.2795666666666666,67.27,0.1,4.88,764.102,1,412.478,59.9259,0.4633333333333332,0.2402833333333333
25683,2016-04-05 11:00:00-05,0.3210333333333333,72.77,0.11,4.71,908.928,1,618.9069999999999,230.30200000000002,0.43735,0.2421333333333333
25694,2016-04-05 12:00:00-05,0.43131666666666657,75.89,0.04,5.52,990.8510000000001,1,769.435,246.399,0.4089833333333333,0.2636
25705,2016-04-05 13:00:00-05,0.4597166666666666,77.55,0.04,5.78,992.834,1,857.33,977.548,0.4164333333333333,0.3298333333333333
25716,2016-04-05 14:00:00-05,0.4795,78.51,0.03,6.55,910.9639999999999,1,872.675,975.334,0.39721666666666655,0.2884166666666666
25727,2016-04-05 15:00:00-05,0.43741666666666656,79.5,0.02,6.36,776.304,1,823.7819999999999,660.54,0.39435,0.4835333333333332
25738,2016-04-05 16:00:00-05,1.9015666666666668,79.54,0.02,6.8,607.082,1,709.355,343.19599999999997,0.3784833333333333,0.39271666666666655
25749,2016-04-05 17:00:00-05,0.7148666666666667,78.9,0.01,6.81,130.464,1,528.596,102.84,0.3718333333333333,0.2965833333333333
25760,2016-04-05 18:00:00-05,0.2673833333333333,77.97,0.01,6.11,131.533,1,288.471,61.7582,0.8992,0.6161666666666666
25771,2016-04-05 19:00:00-05,0.2723166666666666,75.84,0.01,6.01,-2.3832400000000002,1,83.6594,-2.37799,0.6342666666666666,0.43521666666666653
25782,2016-04-05 20:00:00-05,0.4474333333333333,72.07,0.03,6.12,-3.1206,1,-3.01792,-2.71798,0.5762333333333332,0.39515
25793,2016-04-05 21:00:00-05,0.3571333333333333,69.03,0.02,6.09,-2.96295,1,-2.9852,-2.3786400000000003,1.1261,0.40375
25804,2016-04-05 22:00:00-05,0.28315,66.16,0.01,5.94,-2.72525,1,-2.83285,-1.9087,0.6389833333333332,0.3048
25815,2016-04-05 23:00:00-05,0.2824833333333333,64.15,0.02,5.88,-2.7201299999999997,1,-2.74263,-1.80675,0.25965,0.25455
25826,2016-04-06 00:00:00-05,0.2717833333333333,61.89,0.09,6.35,-2.7204900000000003,1,-2.7828,-2.4750799999999997,0.2567166666666666,0.2893166666666666
25837,2016-04-06 01:00:00-05,0.2715166666666666,60.74,0.11,6.79,-2.72051,1,-2.7204900000000003,-1.8973799999999998,0.25995,0.2983
25848,2016-04-06 02:00:00-05,0.28855,59.33,0.32,6.9,-2.7207,1,-1.7004299999999999,-1.86905,0.2304833333333333,0.25375
25859,2016-04-06 03:00:00-05,0.39636666666666653,59.21,0.75,7.29,-2.38081,1,-2.02338,-2.22021,0.2620666666666666,0.2697
25870,2016-04-06 04:00:00-05,0.2797333333333333,59.6,0.61,7.7,-2.70928,1,-2.32373,-1.7104700000000002,0.2430833333333333,0.2398666666666666
25881,2016-04-06 05:00:00-05,0.32255,59.5,0.66,7.36,-2.7205,1,-1.9383,-1.7841,0.2253,0.4706333333333332
25892,2016-04-06 06:00:00-05,0.7618166666666666,60.47,0.84,7.65,-2.94722,1,-2.1364,-2.3788,0.2399666666666666,0.6059
25903,2016-04-06 07:00:00-05,0.3667166666666666,60.99,0.86,6.18,46.1413,1,-2.2663900000000003,5.4146,0.29485,0.3295333333333333
25914,2016-04-06 08:00:00-05,0.2779333333333333,62.39,0.8,2.9,148.016,1,3.6034699999999997,54.1686,0.4942833333333332,0.22715
25925,2016-04-06 09:00:00-05,0.25525,63.72,0.71,2.97,346.191,1,68.085,63.344,0.5513166666666666,0.2744333333333333
25936,2016-04-06 10:00:00-05,0.2394833333333333,66.48,0.58,2.53,719.177,1,85.813,131.345,0.4881166666666666,0.2459666666666666
25947,2016-04-06 11:00:00-05,0.26265,70.28,0.04,3.53,1107.42,1,196.21,217.824,0.3904666666666666,0.2400333333333333
25958,2016-04-06 12:00:00-05,0.20458333333333328,74.5,0.04,5.36,974.2439999999999,1,441.38699999999994,261.476,0.4455833333333333,0.3232
25969,2016-04-06 13:00:00-05,0.3276166666666666,75.89,0.04,5.97,987.127,1,135.41299999999998,353.809,0.44621666666666654,0.3193833333333333
25980,2016-04-06 14:00:00-05,0.2952,77.74,0.03,6.18,800.368,1,476.825,472.654,0.41581666666666656,0.2618166666666666
25991,2016-04-06 15:00:00-05,0.2164,79.43,0.02,6.55,704.685,1,444.457,449.316,0.4205,0.2634333333333333
26002,2016-04-06 16:00:00-05,0.47395,80.04,0.03,5.95,587.151,1,360.88699999999994,128.251,0.3650666666666666,0.36063333333333325
26013,2016-04-06 17:00:00-05,0.3473333333333333,79.93,0.03,4.77,149.533,1,213.49599999999998,66.0502,0.36453333333333326,0.4523666666666666
26024,2016-04-06 18:00:00-05,0.3033666666666666,78.91,0.03,3.52,57.6981,1,233.31799999999998,11.4331,0.4915166666666666,0.4360333333333333
26035,2016-04-06 19:00:00-05,0.2705333333333333,76.38,0.01,3.49,-2.4727900000000003,1,43.3953,-2.43945,0.9875,1.1628166666666668
26046,2016-04-06 20:00:00-05,0.4624666666666666,71.64,0.04,2.21,-2.71712,1,-2.71794,-2.55318,0.5517,0.823133333333333
26057,2016-04-06 21:00:00-05,0.3286333333333333,66.18,0.04,1.55,-2.7177,1,-2.7189099999999997,-2.14019,0.52035,0.4351333333333333
26068,2016-04-06 22:00:00-05,0.21818333333333328,61.83,0.02,1.7,-2.52028,1,-1.8752400000000002,-2.37813,0.4008833333333333,0.3087666666666666
26079,2016-04-06 23:00:00-05,0.36555,58.59,0.01,0.8,-2.11855,1,-2.07931,-2.214,0.37121666666666653,0.3068333333333333
26090,2016-04-07 00:00:00-05,0.2685166666666666,57.23,0.03,0.27,-2.55481,1,-2.3796,-2.36692,0.37505,0.2585833333333333
26101,2016-04-07 01:00:00-05,0.21305,54.53,0.02,0.86,-2.7191099999999997,1,-2.3796,-2.24812,0.2857666666666666,0.2556333333333333
26112,2016-04-07 02:00:00-05,0.21213333333333328,53.07,0.04,1.34,-2.37958,1,-2.34564,-2.37839,0.2720333333333333,0.2499333333333333
26123,2016-04-07 03:00:00-05,0.20205,51.86,0.04,2.41,-2.84985,1,-1.8416599999999999,-2.37853,0.2755333333333333,0.2551
26134,2016-04-07 04:00:00-05,0.19553333333333328,50.77,0.06,2.48,-2.9575,1,-1.8418700000000001,-2.37879,0.2732666666666666,0.2531166666666666
26145,2016-04-07 05:00:00-05,0.4252,49.6,0.05,1.55,-2.7819,1,-2.38022,-2.38446,0.2755833333333333,0.48565
26156,2016-04-07 06:00:00-05,0.5177333333333332,48.74,0.05,1.32,-3.4,1,-1.70009,-2.5657,0.3239,0.6679
26167,2016-04-07 07:00:00-05,0.32915,48.44,0.06,0.79,91.2901,1,-2.37995,23.1083,0.2796166666666666,0.6276333333333332
26178,2016-04-07 08:00:00-05,0.2088,51.8,0.1,2.25,246.102,1,1.5071,216.838,0.5476333333333332,0.4144833333333333
26189,2016-04-07 09:00:00-05,0.19175,59.48,0.15,2.3,267.632,1,96.1662,568.9069999999999,0.6874666666666666,0.3142333333333333
26200,2016-04-07 10:00:00-05,0.22291666666666665,65.63,0.19,3.63,759.039,1,178.84400000000002,531.776,0.6431333333333332,0.4077833333333333
26211,2016-04-07 11:00:00-05,0.26625,72.48,0.21,5.14,741.3660000000001,1,430.81,855.705,0.52015,0.3034
26222,2016-04-07 12:00:00-05,0.21316666666666664,77.74,0.21,6.14,637.256,1,343.031,966.7589999999999,0.7841166666666666,0.2551666666666666
26233,2016-04-07 13:00:00-05,0.20721666666666666,80.08,0.2,6.08,521.078,1,247.301,963.2310000000001,0.69305,0.2732
26244,2016-04-07 14:00:00-05,0.3859333333333333,81.83,0.18,6.62,503.61300000000006,1,327.37,877.949,0.4992666666666666,0.3201666666666666
26255,2016-04-07 15:00:00-05,0.24755,82.15,0.13,6.51,419.022,1,900.39,789.265,0.56725,0.2648166666666666
26266,2016-04-07 16:00:00-05,0.22201666666666664,81.99,0.18,5.53,303.41200000000003,1,765.243,501.148,0.41015,1.2769
26277,2016-04-07 17:00:00-05,0.38245,81.81,0.15,4.74,402.68199999999996,1,556.9680000000001,344.19199999999995,2.931633333333333,0.39756666666666657
26288,2016-04-07 18:00:00-05,0.44305,80.64,0.1,4.37,152.015,1,292.619,52.295,1.1992333333333332,0.6146
26299,2016-04-07 19:00:00-05,0.2762833333333333,78.04,0.05,3.3,-2.7166900000000003,1,45.5915,-3.3925,2.3951333333333333,0.5185333333333332
26310,2016-04-07 20:00:00-05,0.3892333333333333,73.22,0.08,2.41,-3.05735,1,-2.37794,-2.7151400000000003,1.4914666666666667,0.5366333333333332
26321,2016-04-07 21:00:00-05,1.19855,68.57,0.08,2.82,-2.71848,1,-2.1858299999999997,-2.71597,1.001183333333333,1.70285
26332,2016-04-07 22:00:00-05,0.33835,65.83,0.06,1.4,-2.70769,1,-2.37879,-2.71677,0.41476666666666656,0.4749
26343,2016-04-07 23:00:00-05,0.20481666666666665,62.15,0.04,1.26,-2.48719,1,-2.71895,-2.37792,0.2558166666666666,0.3181333333333333
26354,2016-04-08 00:00:00-05,0.20975,61.43,0.3,2.26,-2.55524,1,-2.34521,-2.4685799999999998,0.2416333333333333,0.3040833333333333
26365,2016-04-08 01:00:00-05,0.1922,58.35,0.29,1.96,-2.3796,1,-2.71923,-1.9195200000000001,0.2499833333333333,0.3135166666666666
26376,2016-04-08 02:00:00-05,0.19155,58.15,0.32,2.56,-2.4929099999999997,1,-1.6996799999999999,-2.53688,0.2332166666666666,0.2964833333333333
26387,2016-04-08 03:00:00-05,0.20576666666666665,57.75,0.23,0.91,-2.54393,1,-1.69947,-2.84841,0.2315833333333333,0.29475
26398,2016-04-08 04:00:00-05,0.1889333333333333,57.91,0.22,0.96,-2.40793,1,-1.83552,-2.71848,0.2942666666666666,0.3098
26409,2016-04-08 05:00:00-05,0.4251333333333333,56.05,0.26,2.27,-2.3796,1,-1.6996,-2.37879,0.2428666666666666,0.4965166666666666
26420,2016-04-08 06:00:00-05,0.6762333333333332,56.15,0.26,1.56,-2.3796,1,-1.6995,-2.71831,0.2365666666666666,0.7710333333333331
26431,2016-04-08 07:00:00-05,0.2508166666666666,57.6,0.27,2.16,33.5297,1,-2.23758,39.1133,0.3137833333333333,0.45425
26442,2016-04-08 08:00:00-05,0.25965,59.11,0.28,3.3,193.75,1,6.67875,106.405,0.37751666666666656,0.3818833333333333
26453,2016-04-08 09:00:00-05,0.2339,63.78,0.28,4.98,194.29,1,96.8391,117.525,0.5982333333333332,0.2751333333333333
26464,2016-04-08 10:00:00-05,0.2068,67.24,0.3,6.56,275.47,1,532.6569999999999,656.7919999999999,0.4528666666666666,0.2976833333333333
26475,2016-04-08 11:00:00-05,0.21118333333333328,70.67,0.35,6.83,274.907,1,378.445,472.665,0.4790166666666666,0.2584833333333333
26486,2016-04-08 12:00:00-05,0.31825,73.2,0.42,6.49,812.552,1,571.6030000000001,597.884,0.4344833333333333,0.2476166666666666
26497,2016-04-08 13:00:00-05,0.44581666666666653,74.91,0.41,6.18,451.082,1,306.557,824.944,0.46545,0.2703166666666666
26508,2016-04-08 14:00:00-05,0.26225,76.46,0.4,6.13,546.845,1,410.25800000000004,913.934,0.8673166666666666,0.2926333333333333
26519,2016-04-08 15:00:00-05,0.2403166666666666,77.51,0.34,6.45,616.215,1,481.026,750.865,0.7268166666666666,0.3309166666666666
26530,2016-04-08 16:00:00-05,0.20326666666666665,77.05,0.26,6.68,304.531,1,260.66200000000003,570.654,0.9100833333333332,0.27615
26541,2016-04-08 17:00:00-05,0.5790333333333332,77.37,0.29,6.37,173.82,1,260.476,343.495,0.5791666666666666,0.2578666666666666
26552,2016-04-08 18:00:00-05,0.41626666666666656,76.72,0.26,6.37,37.7349,1,174.75,122.635,0.5087666666666666,0.3199666666666666
26563,2016-04-08 19:00:00-05,2.531616666666667,75.07,0.12,5.11,-1.62519,1,57.0138,-2.39005,0.5855666666666666,0.2568166666666666
26574,2016-04-08 20:00:00-05,1.0698833333333333,71.89,0.11,3.6,-2.37887,1,-2.2537,-3.01965,0.5881333333333332,0.2561333333333333
26585,2016-04-08 21:00:00-05,0.9181833333333332,68.9,0.23,3.04,-2.71912,1,-1.9143,-2.71965,0.4662666666666666,0.22115
26596,2016-04-08 22:00:00-05,0.4523833333333333,67.35,0.25,2.69,-2.7195400000000003,1,-2.37879,-2.72011,0.4796333333333332,0.3372166666666666
26607,2016-04-08 23:00:00-05,0.21808333333333327,65.98,0.3,2.43,-2.71963,1,-2.37879,-2.72059,0.4267333333333333,0.26635
26618,2016-04-09 00:00:00-05,0.24425,64.41,0.52,4.01,-2.3801900000000002,0,-1.8464099999999999,-2.7213700000000003,0.41541666666666655,0.2463166666666666
26629,2016-04-09 01:00:00-05,0.20623333333333327,63.12,0.58,2.6,-2.7204599999999997,0,-2.3788,-2.72159,0.29545,0.22288333333333327
26640,2016-04-09 02:00:00-05,0.20121666666666665,61.98,0.56,2.9,-2.52779,0,-2.08435,-2.38199,0.2752833333333333,0.23685
26651,2016-04-09 03:00:00-05,0.20756666666666665,61.6,0.52,2.91,-2.42013,0,-1.7331299999999998,-2.3820200000000002,0.3224333333333333,0.2318333333333333
26662,2016-04-09 04:00:00-05,0.2540333333333333,60.37,0.52,3.36,-2.38614,0,-1.74445,-2.3820200000000002,0.2947833333333333,0.22501666666666664
26673,2016-04-09 05:00:00-05,0.87905,59.44,0.58,3.54,-2.38049,0,-1.69914,-2.6543099999999997,0.2746333333333333,0.21698333333333328
26684,2016-04-09 06:00:00-05,0.3548666666666666,58.28,0.69,4.14,-2.72622,0,-2.2315400000000003,-2.5297400000000003,0.2697,0.2178
26695,2016-04-09 07:00:00-05,0.4261666666666665,59.02,0.74,4.31,95.9474,0,-2.3788,23.5388,0.2912833333333333,0.3202333333333333
26706,2016-04-09 08:00:00-05,0.4103333333333333,59.76,0.75,4.34,121.927,0,0.96851,67.0608,0.5955666666666666,0.7973833333333331
26717,2016-04-09 09:00:00-05,0.64615,62.58,0.71,5.31,456.152,0,53.6136,177.34099999999998,0.5722666666666666,0.46465
26728,2016-04-09 10:00:00-05,0.41556666666666653,64.96,0.5,7.91,499.726,0,126.416,157.686,0.6803166666666666,0.36563333333333325
26739,2016-04-09 11:00:00-05,0.3273333333333333,67.97,0.45,7.69,1014.91,0,206.56599999999997,305.481,0.5491666666666666,0.2494333333333333
26750,2016-04-09 12:00:00-05,0.3395833333333333,70.1,0.47,7.76,362.219,0,275.075,420.277,0.44661666666666655,0.2418833333333333
26761,2016-04-09 13:00:00-05,0.3199333333333333,70.94,0.53,7.73,411.07300000000004,0,382.783,303.418,0.4106833333333333,0.2422166666666666
26772,2016-04-09 14:00:00-05,0.3325,72.53,0.58,8.85,606.428,0,718.78,325.22700000000003,0.5222833333333332,0.24725
26783,2016-04-09 15:00:00-05,0.36165,73.77,0.5,9.29,318.778,0,626.471,587.073,0.50735,0.41315
26794,2016-04-09 16:00:00-05,0.3371833333333333,75.18,0.47,9.52,289.411,0,436.468,537.654,0.3951,0.4372333333333333
26805,2016-04-09 17:00:00-05,0.38201666666666656,75.55,0.55,9.44,133.793,0,435.98199999999997,415.338,0.39695,0.4966833333333332
26816,2016-04-09 18:00:00-05,1.9290333333333332,75.65,0.67,9.33,69.4359,0,139.128,157.884,0.36305,0.9682166666666664
26827,2016-04-09 19:00:00-05,1.9827833333333331,74.21,0.32,9.09,-1.2003,0,40.7653,-1.7902799999999999,0.4942166666666666,0.5429833333333332
26838,2016-04-09 20:00:00-05,0.5294166666666666,71.18,0.25,8.89,-2.71821,0,-2.71713,-2.72043,1.54835,0.9160333333333333
26849,2016-04-09 21:00:00-05,0.5672333333333331,69.4,0.14,9.47,-2.6903,0,-1.95335,-3.4013,0.8859333333333331,0.5326833333333332
26860,2016-04-09 22:00:00-05,0.2856333333333333,67.3,0.23,9.83,-2.71908,0,-2.2368,-3.3677099999999998,0.7785666666666666,0.3370666666666666
26871,2016-04-09 23:00:00-05,0.22531666666666664,66.1,0.39,9.68,-2.71953,0,-2.2708,-2.8243099999999997,0.96705,0.2793333333333333
26882,2016-04-10 00:00:00-05,0.2317666666666666,66.17,0.48,7.75,-2.7195400000000003,0,-2.37839,-3.05125,0.4689,0.2504166666666666
26893,2016-04-10 01:00:00-05,0.22866666666666666,65.81,0.73,7.87,-2.7196,0,-2.52593,-2.72275,0.4127,0.2448
26904,2016-04-10 02:00:00-05,0.22311666666666666,65.19,0.83,8.14,-2.71969,0,-2.67897,-2.72282,0.4237333333333333,0.25735
26915,2016-04-10 03:00:00-05,0.2307,65.47,0.61,8.02,-2.72005,0,-2.71904,-2.7232,0.36428333333333324,0.2371
26926,2016-04-10 04:00:00-05,0.2270833333333333,65.38,0.76,7.94,-2.72015,0,-2.71358,-3.0069,0.3562833333333333,0.2425333333333333
26937,2016-04-10 05:00:00-05,0.2352833333333333,64.95,0.77,7.61,-2.38005,0,-2.57223,-2.72323,0.37056666666666654,0.2751833333333333
26948,2016-04-10 06:00:00-05,0.2570833333333333,64.58,0.66,7.42,-2.37983,0,-2.3796,-2.73457,0.3584666666666666,0.2333166666666666
26959,2016-04-10 07:00:00-05,0.5716166666666666,65.1,0.81,6.9,45.4339,0,-1.6997,85.0157,0.36658333333333326,0.36175
26970,2016-04-10 08:00:00-05,0.385,65.68,0.67,7.6,53.7734,0,-0.685551,330.81,0.616,1.8634166666666667
26981,2016-04-10 09:00:00-05,0.43005,66.45,0.9,8.53,281.76,0,18.1627,478.37,1.5828666666666669,4.247533333333333
26992,2016-04-10 10:00:00-05,0.29095,68.0,0.76,6.51,929.066,0,49.5116,782.3430000000001,3.6987166666666664,0.48935
27003,2016-04-10 11:00:00-05,0.41096666666666654,69.28,0.95,6.29,985.107,0,7.512810000000001,907.885,0.8708,0.28275
27014,2016-04-10 12:00:00-05,0.3304666666666666,71.99,0.92,6.56,817.039,0,206.075,957.995,0.5428333333333332,0.2673333333333333
27025,2016-04-10 13:00:00-05,0.2651,73.1,0.68,6.96,404.952,0,66.3574,977.34,1.5254,0.2675666666666666
27036,2016-04-10 14:00:00-05,0.25985,75.48,0.8,6.45,257.072,0,198.3,922.1510000000001,1.8973166666666668,0.27105
27047,2016-04-10 15:00:00-05,0.6602166666666666,78.07,0.87,7.31,610.125,0,598.894,793.398,1.37845,0.3312833333333333
27058,2016-04-10 16:00:00-05,0.740433333333333,77.63,0.4,6.79,405.167,0,264.89,600.1569999999999,0.6522166666666666,0.57375
27069,2016-04-10 17:00:00-05,0.44355,76.51,0.31,6.15,197.41400000000002,0,22.9065,374.54,0.38696666666666657,0.65945
27080,2016-04-10 18:00:00-05,1.90255,75.4,0.3,8.2,94.1354,0,47.0216,141.23,0.3778666666666666,1.2045
27091,2016-04-10 19:00:00-05,0.8448333333333331,74.0,0.82,7.25,1.0190299999999999,0,8.93516,-2.36668,0.9596666666666664,0.6782666666666666
27102,2016-04-10 20:00:00-05,1.4009333333333331,72.27,0.93,6.86,-2.71798,0,-1.40038,-3.365,0.7276,0.55355
27113,2016-04-10 21:00:00-05,2.206716666666667,72.22,0.78,8.2,-2.5373099999999997,0,-1.7008599999999998,-3.1845,0.7077833333333332,0.32685
27124,2016-04-10 22:00:00-05,0.3531666666666666,71.72,0.82,8.42,-2.37879,0,-1.70107,-3.27595,0.44556666666666656,0.22475
27135,2016-04-10 23:00:00-05,0.21968333333333329,71.23,1.0,8.4,-2.55437,0,-1.70113,-3.1011,0.40426666666666655,0.2157
27146,2016-04-11 00:00:00-05,0.2781,70.41,0.91,7.44,-1.8520599999999998,1,-1.71258,-3.06156,0.3605166666666666,0.21075
27157,2016-04-11 01:00:00-05,0.2549,70.16,1.0,10.1,-2.37879,1,-1.9962099999999998,-3.04503,0.3282333333333333,0.20251666666666665
27168,2016-04-11 02:00:00-05,0.22296666666666665,69.75,1.0,5.63,-2.37879,1,-1.9054099999999998,-3.05692,0.28845,0.2023
27179,2016-04-11 03:00:00-05,0.20748333333333327,69.35,0.99,5.22,-2.3731299999999997,1,-2.3816200000000003,-3.0455799999999997,0.27725,0.2181
27190,2016-04-11 04:00:00-05,0.2053,69.12,0.97,5.53,-2.71862,1,-2.16615,-2.8643400000000003,0.2632166666666666,0.19171666666666665
27201,2016-04-11 05:00:00-05,0.4481333333333333,69.55,0.84,4.72,-2.6168099999999996,1,-2.27412,-2.91577,0.2861666666666666,0.4290333333333333
27212,2016-04-11 06:00:00-05,0.611,69.14,0.97,3.7,-2.7189200000000002,1,-2.16083,-3.0634,0.3148166666666666,0.7460833333333331
27223,2016-04-11 07:00:00-05,0.2627833333333333,69.54,0.82,4.47,48.3294,1,-2.72202,103.586,0.33245,0.3477333333333333
27234,2016-04-11 08:00:00-05,0.2271833333333333,69.81,1.0,2.95,205.25,1,-0.272171,336.27099999999996,0.3325166666666666,0.2545
27245,2016-04-11 09:00:00-05,0.2693166666666666,70.14,1.0,2.41,505.68199999999996,1,31.4263,571.543,0.82305,0.21555
27256,2016-04-11 10:00:00-05,0.2603666666666666,71.61,1.0,2.73,385.163,1,124.20299999999999,770.0889999999999,0.8280666666666666,0.21386666666666665
27267,2016-04-11 11:00:00-05,0.2985666666666666,72.61,0.81,3.08,278.817,1,169.55700000000002,919.166,0.8898,0.21635
27278,2016-04-11 12:00:00-05,0.4183333333333333,76.87,0.55,4.23,407.00800000000004,1,881.087,990.8580000000001,0.92405,0.22308333333333327
27289,2016-04-11 13:00:00-05,0.3004333333333333,80.09,0.35,4.2,415.334,1,678.8580000000001,991.6489999999999,1.11805,0.2769166666666666
27300,2016-04-11 14:00:00-05,0.2539,82.28,0.37,3.39,632.616,1,897.4780000000001,932.4860000000001,0.8115666666666665,0.3346333333333333
27311,2016-04-11 15:00:00-05,0.2786666666666666,84.44,0.66,3.26,498.30800000000005,1,503.996,794.529,0.4547166666666666,0.2597
27322,2016-04-11 16:00:00-05,0.30125,84.87,0.24,3.43,308.006,1,859.752,609.905,0.4261,0.2983166666666666
27333,2016-04-11 17:00:00-05,0.3223166666666666,84.82,0.14,2.72,226.665,1,574.8,376.209,0.41581666666666656,0.2557666666666666
27344,2016-04-11 18:00:00-05,0.8120666666666666,83.73,0.12,4.31,70.9377,1,374.00199999999995,142.773,0.4293833333333333,0.23041666666666666
27355,2016-04-11 19:00:00-05,0.3090333333333333,82.34,0.06,5.49,-2.1107299999999998,1,37.5234,-2.37725,0.4335833333333333,0.2372
27366,2016-04-11 20:00:00-05,0.4463833333333333,78.61,0.01,4.92,-2.71702,1,-2.71889,-3.3583300000000005,0.4264,0.37036666666666657
27377,2016-04-11 21:00:00-05,0.7829666666666666,75.53,0.01,4.0,-2.7743,1,-1.96603,-3.0876,0.3618166666666666,0.3499833333333333
27388,2016-04-11 22:00:00-05,0.4206666666666666,73.47,0.01,3.1,-2.71794,1,-2.99801,-2.86136,0.3422166666666666,0.3375
27399,2016-04-11 23:00:00-05,0.2391833333333333,72.27,0.06,2.39,-2.71844,1,-2.61357,-3.03784,0.3436833333333333,0.2006
27410,2016-04-12 00:00:00-05,0.21465,70.44,0.31,1.15,-2.37879,1,-2.7218,-3.2877,0.36275,0.19696666666666665
27421,2016-04-12 01:00:00-05,0.21075,69.94,0.39,2.94,-2.3786400000000003,1,-2.7223,-2.9424799999999998,0.40866666666666657,0.21083333333333326
27432,2016-04-12 02:00:00-05,0.22655,68.26,0.61,3.68,-2.3784,1,-2.68267,-3.19762,0.3369833333333333,0.19441666666666665
27443,2016-04-12 03:00:00-05,0.2064,65.22,0.88,4.7,-2.7181599999999997,1,-2.72269,-3.08423,0.3704333333333333,0.20021666666666665
27454,2016-04-12 04:00:00-05,0.20481666666666665,63.96,0.75,5.28,-2.37856,1,-2.52438,-3.0843700000000003,0.3420333333333333,0.2350333333333333
27465,2016-04-12 05:00:00-05,0.855383333333333,64.21,0.91,5.01,-2.41277,1,-2.72319,-2.7393,0.34025,0.49545
27476,2016-04-12 06:00:00-05,0.7131833333333332,63.33,0.95,4.54,-2.71846,1,-2.72323,-3.23841,0.3314833333333333,0.4819166666666666
27487,2016-04-12 07:00:00-05,0.3909166666666665,63.29,0.98,4.44,30.8523,1,-2.72323,107.50299999999999,0.3361,0.7845166666666666
27498,2016-04-12 08:00:00-05,0.3626166666666666,62.96,0.96,4.38,94.8923,1,27.028,335.235,0.3534166666666666,0.88185
27509,2016-04-12 09:00:00-05,0.237,63.86,0.94,5.16,131.11,1,92.7299,567.841,0.4318,2.28485
27520,2016-04-12 10:00:00-05,0.2325666666666666,64.44,0.94,4.54,138.751,1,479.88300000000004,764.102,0.4361,0.2795666666666666
27531,2016-04-12 11:00:00-05,0.2431666666666666,65.26,0.95,5.02,424.327,1,905.919,908.928,0.4388833333333333,0.3210333333333333
27542,2016-04-12 12:00:00-05,0.2343,65.48,0.97,5.24,308.291,1,579.252,990.8510000000001,0.4513833333333333,0.43131666666666657
27553,2016-04-12 13:00:00-05,0.27945,65.82,0.97,5.09,439.899,1,589.774,992.834,0.4492833333333333,0.4597166666666666
27564,2016-04-12 14:00:00-05,0.4683833333333332,67.44,0.95,5.11,493.034,1,924.99,910.9639999999999,0.52855,0.4795
27575,2016-04-12 15:00:00-05,0.3157833333333333,69.33,0.88,6.27,496.085,1,221.753,776.304,0.4932833333333332,0.43741666666666656
27586,2016-04-12 16:00:00-05,0.9085333333333332,70.1,0.88,6.86,69.1951,1,413.954,607.082,0.4405833333333333,1.9015666666666668
27597,2016-04-12 17:00:00-05,0.7512666666666666,70.14,0.93,6.12,160.062,1,113.542,130.464,0.43001666666666655,0.7148666666666667
27608,2016-04-12 18:00:00-05,1.1640333333333333,69.43,0.97,5.97,31.9674,1,48.3207,131.533,0.43156666666666654,0.2673833333333333
27619,2016-04-12 19:00:00-05,0.60125,67.87,1.0,6.26,2.4287799999999997,1,27.3201,-2.3832400000000002,0.43371666666666653,0.2723166666666666
27630,2016-04-12 20:00:00-05,0.3904166666666665,66.62,1.0,6.15,-2.37799,1,-2.56657,-3.1206,0.4112333333333333,0.4474333333333333
27641,2016-04-12 21:00:00-05,0.3492166666666666,65.27,1.0,6.75,-1.8857099999999998,1,-2.91293,-2.96295,0.3315666666666666,0.3571333333333333
27652,2016-04-12 22:00:00-05,0.22381666666666666,65.04,1.0,8.74,-1.72744,1,-2.85086,-2.72525,0.3166833333333333,0.28315
27663,2016-04-12 23:00:00-05,0.2474833333333333,63.37,0.62,5.91,-1.99932,1,-2.72083,-2.7201299999999997,0.3081333333333333,0.2824833333333333
27674,2016-04-13 00:00:00-05,0.2547,62.45,0.79,5.42,-2.1126,1,-2.72105,-2.7204900000000003,0.3087666666666666,0.2717833333333333
27685,2016-04-13 01:00:00-05,0.21386666666666665,61.17,0.8,4.39,-2.3334799999999998,1,-2.72138,-2.72051,0.3153,0.2715166666666666
27696,2016-04-13 02:00:00-05,0.2116,61.3,0.99,2.34,-2.37879,1,-2.72138,-2.7207,0.3543833333333333,0.28855
27707,2016-04-13 03:00:00-05,0.2276833333333333,60.83,0.74,4.63,-2.37879,1,-2.72154,-2.38081,0.4061833333333333,0.39636666666666653
27718,2016-04-13 04:00:00-05,0.2321333333333333,60.38,0.88,3.42,-3.18872,1,-2.7220400000000002,-2.70928,0.37055,0.2797333333333333
27729,2016-04-13 05:00:00-05,0.6078,60.03,0.78,2.71,-2.37888,1,-2.7223,-2.7205,0.35595,0.32255
27740,2016-04-13 06:00:00-05,0.6038833333333332,59.87,0.79,2.76,-2.70732,1,-2.7223,-2.94722,0.3930833333333333,0.7618166666666666
27751,2016-04-13 07:00:00-05,0.3690333333333333,60.12,0.88,2.7,7.595160000000001,1,-2.7223,46.1413,0.37155,0.3667166666666666
27762,2016-04-13 08:00:00-05,0.25935,60.31,0.81,2.78,37.2395,1,27.6484,148.016,0.3806333333333333,0.2779333333333333
27773,2016-04-13 09:00:00-05,0.2361333333333333,61.19,0.91,4.02,54.1913,1,240.66099999999997,346.191,0.43851666666666655,0.25525
27784,2016-04-13 10:00:00-05,0.22036666666666666,62.66,0.91,4.31,86.4967,1,470.991,719.177,0.4306833333333333,0.2394833333333333
27795,2016-04-13 11:00:00-05,0.2363166666666666,63.44,0.94,4.34,332.352,1,677.84,1107.42,0.424,0.26265
27806,2016-04-13 12:00:00-05,0.246,64.71,0.9,4.6,143.304,1,832.544,974.2439999999999,0.4384,0.20458333333333328
27817,2016-04-13 13:00:00-05,0.3398166666666666,66.26,0.67,3.77,169.562,1,914.78,987.127,0.4599,0.3276166666666666
27828,2016-04-13 14:00:00-05,0.3318833333333333,67.74,0.66,2.7,319.115,1,949.923,800.368,0.42841666666666656,0.2952
27839,2016-04-13 15:00:00-05,0.3350333333333333,69.92,0.53,3.7,468.649,1,879.954,704.685,0.4262333333333333,0.2164
27850,2016-04-13 16:00:00-05,0.2946833333333333,70.91,0.48,4.69,662.544,1,754.0210000000001,587.151,0.52555,0.47395
27861,2016-04-13 17:00:00-05,0.3368166666666666,70.84,0.42,4.33,339.1,1,568.023,149.533,0.5238166666666666,0.3473333333333333
27872,2016-04-13 18:00:00-05,0.4071833333333333,70.22,0.27,3.82,166.132,1,337.346,57.6981,0.43385,0.3033666666666666
27883,2016-04-13 19:00:00-05,0.18843333333333329,69.32,0.09,3.48,0.33960100000000004,1,106.352,-2.4727900000000003,1.3117166666666669,0.2705333333333333
27894,2016-04-13 20:00:00-05,0.5366666666666666,66.27,0.25,3.68,-2.3776,1,-3.39589,-2.71712,1.5793166666666667,0.4624666666666666
27905,2016-04-13 21:00:00-05,0.5996666666666666,64.29,0.21,3.6,-2.42328,1,-3.0632599999999996,-2.7177,2.699266666666667,0.3286333333333333
27916,2016-04-13 22:00:00-05,0.26205,62.87,0.12,3.14,-2.37816,1,-2.934,-2.52028,0.5910333333333332,0.21818333333333328
27927,2016-04-13 23:00:00-05,0.21555,60.97,0.28,2.46,-2.37875,1,-2.81581,-2.11855,0.4591,0.36555
27938,2016-04-14 00:00:00-05,0.2447,60.45,0.18,3.26,-2.64499,1,-2.71968,-2.55481,0.3425833333333333,0.2685166666666666
27949,2016-04-14 01:00:00-05,0.22433333333333327,59.1,0.18,3.28,-2.71907,1,-2.72039,-2.7191099999999997,0.3492333333333333,0.21305
27960,2016-04-14 02:00:00-05,0.20835,58.23,0.19,2.28,-2.23228,1,-2.3803900000000002,-2.37958,0.3319,0.21213333333333328
27971,2016-04-14 03:00:00-05,0.3399333333333333,57.15,0.23,2.43,-2.21529,1,-2.56744,-2.84985,0.3342166666666666,0.20205
27982,2016-04-14 04:00:00-05,0.29345,56.55,0.24,2.41,-3.22379,1,-2.7204599999999997,-2.9575,0.37551666666666655,0.19553333333333328
27993,2016-04-14 05:00:00-05,0.4665,55.72,0.3,1.76,-2.72035,1,-2.7204599999999997,-2.7819,0.3332166666666666,0.4252
28004,2016-04-14 06:00:00-05,0.4619666666666666,55.07,0.47,2.2,-2.7034599999999998,1,-2.9811900000000002,-3.4,0.327,0.5177333333333332
28015,2016-04-14 07:00:00-05,0.4572833333333333,55.06,0.72,2.36,123.03399999999999,1,26.2525,91.2901,0.3385,0.32915
28026,2016-04-14 08:00:00-05,0.2058,56.58,0.56,2.67,325.661,1,245.238,246.102,0.3448666666666666,0.2088
28037,2016-04-14 09:00:00-05,0.3598333333333333,59.79,0.45,3.82,572.4680000000001,1,472.08099999999996,267.632,0.7062166666666666,0.19175
28048,2016-04-14 10:00:00-05,0.5043166666666666,62.79,0.56,4.01,837.5160000000001,1,681.528,759.039,0.813083333333333,0.22291666666666665
28059,2016-04-14 11:00:00-05,0.66285,65.2,0.35,4.47,1051.87,1,829.2239999999999,741.3660000000001,1.3557666666666668,0.26625
28070,2016-04-14 12:00:00-05,0.9179,67.62,0.23,3.38,444.25800000000004,1,917.875,637.256,0.4626166666666666,0.21316666666666664
28081,2016-04-14 13:00:00-05,0.2457833333333333,69.88,0.1,3.13,1049.77,1,939.092,521.078,0.4555666666666666,0.20721666666666666
28092,2016-04-14 14:00:00-05,0.3769,72.15,0.06,3.41,1010.56,1,879.612,503.61300000000006,0.5104,0.3859333333333333
28103,2016-04-14 15:00:00-05,0.3555666666666666,73.74,0.05,3.82,772.918,1,754.309,419.022,0.51835,0.24755
28114,2016-04-14 16:00:00-05,1.6736166666666668,74.6,0.11,4.57,525.612,1,561.131,303.41200000000003,0.49145,0.22201666666666664
28125,2016-04-14 17:00:00-05,1.3701,74.66,0.1,4.85,367.531,1,335.52099999999996,402.68199999999996,0.3997833333333333,0.38245
28136,2016-04-14 18:00:00-05,0.4773,73.24,0.08,5.99,140.857,1,95.218,152.015,0.43535,0.44305
28147,2016-04-14 19:00:00-05,0.6378333333333333,70.67,0.05,6.55,-0.209404,1,-3.72705,-2.7166900000000003,1.2667666666666668,0.2762833333333333
28158,2016-04-14 20:00:00-05,0.5465666666666666,67.11,0.06,5.61,-3.00077,1,-4.07379,-3.05735,1.2052333333333332,0.3892333333333333
28169,2016-04-14 21:00:00-05,0.4707833333333332,64.01,0.02,4.33,-2.83754,1,-3.39607,-2.71848,3.8283833333333326,1.19855
28180,2016-04-14 22:00:00-05,0.37366666666666654,62.05,0.0,3.35,-2.71937,1,-3.14249,-2.70769,0.5093,0.33835
28191,2016-04-14 23:00:00-05,0.41176666666666656,60.81,0.0,2.96,-2.71964,1,-3.2284,-2.48719,0.37286666666666657,0.20481666666666665
28202,2016-04-15 00:00:00-05,0.2950833333333333,59.17,0.13,3.14,-2.71997,1,-3.13858,-2.55524,0.3343166666666666,0.20975
28213,2016-04-15 01:00:00-05,0.2953833333333333,58.13,0.15,2.34,-3.3382199999999997,1,-3.08215,-2.3796,0.3252,0.1922
28224,2016-04-15 02:00:00-05,0.23041666666666666,56.53,0.16,1.74,-3.18523,1,-2.37961,-2.4929099999999997,0.3221833333333333,0.19155
28235,2016-04-15 03:00:00-05,0.22453333333333328,56.01,0.17,1.59,-3.06066,1,-2.37403,-2.54393,0.3214666666666666,0.20576666666666665
28246,2016-04-15 04:00:00-05,0.2548,55.59,0.22,1.04,-2.4374599999999997,1,-1.8357700000000001,-2.40793,0.3249833333333333,0.1889333333333333
28257,2016-04-15 05:00:00-05,0.4468333333333333,55.06,0.74,0.81,-2.38047,1,-2.37964,-2.3796,0.6052666666666666,0.4251333333333333
28268,2016-04-15 06:00:00-05,0.4556333333333333,56.36,0.93,1.67,-1.63795,1,-2.37986,-2.3796,0.3979333333333333,0.6762333333333332
28279,2016-04-15 07:00:00-05,0.3393166666666666,57.25,0.68,2.48,67.0141,1,7.30312,33.5297,0.4497,0.2508166666666666
28290,2016-04-15 08:00:00-05,0.28595,58.35,0.94,2.43,203.896,1,164.919,193.75,1.4412333333333331,0.25965
28301,2016-04-15 09:00:00-05,0.2815833333333333,60.33,0.91,2.42,218.487,1,246.362,194.29,0.539,0.2339
28312,2016-04-15 10:00:00-05,0.3250333333333333,63.01,0.82,2.89,632.614,1,620.81,275.47,0.40295,0.2068
28323,2016-04-15 11:00:00-05,0.21931666666666666,66.81,0.39,3.98,889.757,1,832.04,274.907,0.38291666666666657,0.21118333333333328
28334,2016-04-15 12:00:00-05,0.21968333333333329,69.64,0.61,3.75,482.855,1,921.5189999999999,812.552,0.3891,0.31825
28345,2016-04-15 13:00:00-05,0.2282833333333333,71.95,0.25,4.63,1036.86,1,846.115,451.082,0.4090666666666665,0.44581666666666653
28356,2016-04-15 14:00:00-05,0.2977833333333333,74.05,0.2,5.06,613.712,1,896.942,546.845,0.3949166666666665,0.26225
28367,2016-04-15 15:00:00-05,0.2514166666666666,75.81,0.15,5.83,212.292,1,498.51599999999996,616.215,0.3914833333333333,0.2403166666666666
28378,2016-04-15 16:00:00-05,0.2764833333333333,76.95,0.11,6.52,133.431,1,517.293,304.531,0.5670666666666666,0.20326666666666665
28389,2016-04-15 17:00:00-05,0.3116,77.49,0.11,6.87,64.8072,1,238.856,173.82,0.5311666666666666,0.5790333333333332
28400,2016-04-15 18:00:00-05,0.7892166666666666,76.71,0.11,6.27,132.8,1,76.3887,37.7349,0.5602166666666666,0.41626666666666656
28411,2016-04-15 19:00:00-05,0.3763833333333333,75.69,0.08,6.34,1.77195,1,-3.3788099999999996,-1.62519,0.5377666666666666,2.531616666666667
28422,2016-04-15 20:00:00-05,0.513,73.07,0.03,4.91,-2.37799,1,-2.82527,-2.37887,0.42451666666666654,1.0698833333333333
28433,2016-04-15 21:00:00-05,0.9726333333333332,70.98,0.04,4.62,-2.24812,1,-2.7185799999999998,-2.71912,0.5113333333333332,0.9181833333333332
28444,2016-04-15 22:00:00-05,0.41175,69.28,0.13,4.57,-2.2483,1,-2.71902,-2.7195400000000003,0.5700833333333332,0.4523833333333333
28455,2016-04-15 23:00:00-05,0.2255,67.97,0.71,5.61,-2.37879,1,-2.71923,-2.71963,0.4154333333333333,0.21808333333333327
28466,2016-04-16 00:00:00-05,0.1979,66.71,0.37,5.52,-1.88038,0,-2.71953,-2.3801900000000002,0.2782666666666666,0.24425
28477,2016-04-16 01:00:00-05,0.19838333333333327,65.91,0.64,5.33,-1.93702,0,-2.3796,-2.7204599999999997,0.29395,0.20623333333333327
28488,2016-04-16 02:00:00-05,0.21681666666666666,65.03,0.9,5.07,-1.8237400000000001,0,-2.3796,-2.52779,0.2755166666666666,0.20121666666666665
28499,2016-04-16 03:00:00-05,0.2007,64.11,0.92,4.95,-2.15224,0,-2.5779,-2.42013,0.2831,0.20756666666666665
28510,2016-04-16 04:00:00-05,0.19796666666666665,64.14,0.84,5.47,-2.01065,0,-2.7195400000000003,-2.38614,0.4165,0.2540333333333333
28521,2016-04-16 05:00:00-05,0.1981,63.79,0.41,5.46,-2.10698,0,-2.7195400000000003,-2.38049,0.3455,0.87905
28532,2016-04-16 06:00:00-05,0.20188333333333328,64.09,0.75,5.13,-1.69914,0,-2.7195400000000003,-2.72622,0.3481666666666666,0.3548666666666666
28543,2016-04-16 07:00:00-05,0.4191833333333333,64.34,0.6,4.98,20.9221,0,24.9801,95.9474,0.38301666666666656,0.4261666666666665
28554,2016-04-16 08:00:00-05,0.5674833333333332,65.33,0.57,5.43,219.928,0,91.32,121.927,0.6980166666666666,0.4103333333333333
28565,2016-04-16 09:00:00-05,0.5491166666666666,66.69,0.99,5.37,94.0733,0,211.922,456.152,0.5382166666666666,0.64615
28576,2016-04-16 10:00:00-05,0.2726833333333333,67.92,0.95,6.06,313.487,0,324.068,499.726,0.39156666666666656,0.41556666666666653
28587,2016-04-16 11:00:00-05,0.2644666666666666,68.21,0.99,6.35,338.44199999999995,0,738.81,1014.91,0.3838333333333333,0.3273333333333333
28598,2016-04-16 12:00:00-05,0.7653666666666666,69.58,0.94,5.93,468.58099999999996,0,822.987,362.219,0.38765,0.3395833333333333
28609,2016-04-16 13:00:00-05,2.8573833333333334,71.69,0.79,6.27,412.98699999999997,0,810.763,411.07300000000004,0.4186833333333333,0.3199333333333333
28620,2016-04-16 14:00:00-05,0.3276666666666666,73.24,0.8,6.5,595.689,0,653.743,606.428,0.4899833333333332,0.3325
28631,2016-04-16 15:00:00-05,0.4589666666666666,73.34,0.47,6.81,285.9,0,433.535,318.778,0.4661666666666666,0.36165
28642,2016-04-16 16:00:00-05,0.8456,74.4,0.43,7.62,269.59,0,278.508,289.411,0.5106333333333332,0.3371833333333333
28653,2016-04-16 17:00:00-05,0.9243833333333332,73.4,0.43,7.61,375.787,0,171.125,133.793,0.5217666666666666,0.38201666666666656
28664,2016-04-16 18:00:00-05,0.7892333333333331,73.11,0.54,8.1,128.10299999999998,0,66.622,69.4359,0.5335,1.9290333333333332
28675,2016-04-16 19:00:00-05,0.8911833333333331,72.07,0.62,7.8,-0.02264,0,-2.71667,-1.2003,0.3921333333333333,1.9827833333333331
28686,2016-04-16 20:00:00-05,0.9879166666666664,71.59,0.87,8.04,-2.47381,0,-2.7174099999999997,-2.71821,0.3116833333333333,0.5294166666666666
28697,2016-04-16 21:00:00-05,0.68675,70.89,1.0,8.94,-2.7177,0,-2.71792,-2.6903,0.5959333333333332,0.5672333333333331
28708,2016-04-16 22:00:00-05,0.3245666666666666,70.23,1.0,8.94,-2.37832,0,-2.65062,-2.71908,0.5180333333333332,0.2856333333333333
28719,2016-04-16 23:00:00-05,0.2701166666666666,69.96,1.0,9.54,-2.37839,0,-2.54304,-2.71953,0.5339666666666666,0.22531666666666664
28730,2016-04-17 00:00:00-05,0.20651666666666665,69.4,0.97,7.54,-2.37859,0,-1.90884,-2.7195400000000003,0.43001666666666655,0.2317666666666666
28741,2016-04-17 01:00:00-05,0.22981666666666664,69.0,1.0,7.52,-2.37878,0,-2.1975700000000002,-2.7196,0.4089,0.22866666666666666
28752,2016-04-17 02:00:00-05,0.2683666666666666,68.87,0.98,7.1,-1.8124200000000001,0,-1.96534,-2.71969,0.36528333333333324,0.22311666666666666
28763,2016-04-17 03:00:00-05,0.2760333333333333,68.56,0.95,6.94,-2.07295,0,-2.2088799999999997,-2.72005,0.3599166666666666,0.2307
28774,2016-04-17 04:00:00-05,0.2364333333333333,68.65,0.94,6.51,-2.71862,0,-2.32216,-2.72015,0.37565,0.2270833333333333
28785,2016-04-17 05:00:00-05,0.2391333333333333,68.2,0.95,5.83,-2.0276099999999997,0,-2.21455,-2.38005,0.3535333333333333,0.2352833333333333
28796,2016-04-17 06:00:00-05,0.22955,68.55,0.98,5.17,-2.29913,0,-2.3788,-2.37983,0.6369833333333332,0.2570833333333333
28807,2016-04-17 07:00:00-05,0.3216,68.8,1.0,4.83,34.4909,0,1.0138200000000002,45.4339,0.5476833333333332,0.5716166666666666
28818,2016-04-17 08:00:00-05,0.7772833333333331,69.43,0.98,4.27,42.2774,0,54.5821,53.7734,0.41746666666666654,0.385
28829,2016-04-17 09:00:00-05,0.36833333333333323,70.18,0.83,3.92,220.84799999999998,0,64.7713,281.76,0.53785,0.43005
28840,2016-04-17 10:00:00-05,0.3502833333333333,71.55,0.76,3.9,294.003,0,72.8131,929.066,0.5073166666666666,0.29095
28851,2016-04-17 11:00:00-05,0.2442666666666666,73.52,0.53,4.8,489.781,0,332.777,985.107,0.4353,0.41096666666666654
28862,2016-04-17 12:00:00-05,0.2492666666666666,74.74,0.55,5.14,983.716,0,319.783,817.039,0.4388333333333333,0.3304666666666666
28873,2016-04-17 13:00:00-05,0.23215,74.48,0.65,6.19,897.951,0,214.73,404.952,0.4581166666666666,0.2651
28884,2016-04-17 14:00:00-05,0.4699666666666666,72.04,0.52,6.35,869.237,0,143.599,257.072,0.4703833333333332,0.25985
28895,2016-04-17 15:00:00-05,1.2787833333333332,71.2,0.67,6.63,751.77,0,171.291,610.125,0.9056,0.6602166666666666
28906,2016-04-17 16:00:00-05,0.4256833333333333,70.43,0.82,4.21,577.0269999999999,0,268.803,405.167,1.2009333333333332,0.740433333333333
28917,2016-04-17 17:00:00-05,0.19826666666666665,68.81,0.97,3.69,270.249,0,98.8287,197.41400000000002,0.5866666666666666,0.44355
28928,2016-04-17 18:00:00-05,0.20298333333333327,67.74,0.51,3.5,120.37899999999999,0,41.4651,94.1354,0.43515,1.90255
28939,2016-04-17 19:00:00-05,0.20256666666666664,66.66,0.78,3.69,6.41619,0,-2.60417,1.0190299999999999,0.37916666666666654,0.8448333333333331
28950,2016-04-17 20:00:00-05,0.18435,66.64,0.99,3.62,-2.3771299999999997,0,-2.37799,-2.71798,0.3354833333333333,1.4009333333333331
28961,2016-04-17 21:00:00-05,0.2159,67.13,0.96,3.33,-2.3775,0,-2.37833,-2.5373099999999997,0.5261666666666666,2.206716666666667
28972,2016-04-17 22:00:00-05,0.4558833333333333,67.6,0.78,4.49,-2.24765,0,-1.93694,-2.37879,0.47615,0.3531666666666666
28983,2016-04-17 23:00:00-05,0.63685,67.76,0.98,2.75,-2.37799,0,-2.32782,-2.55437,1.1991166666666668,0.21968333333333329
28994,2016-04-18 00:00:00-05,0.41425,67.66,0.95,2.39,-2.37799,1,-1.9879900000000001,-1.8520599999999998,0.43255,0.2781
29005,2016-04-18 01:00:00-05,0.3419833333333333,68.31,0.95,2.12,-1.6985599999999998,1,-1.76147,-2.37879,0.4283,0.2549
29016,2016-04-18 02:00:00-05,0.2924666666666666,67.65,0.98,2.88,-2.49689,1,-1.72754,-2.37879,0.41545,0.22296666666666665
29027,2016-04-18 03:00:00-05,0.3094166666666666,67.41,0.57,2.42,-2.7177,1,-1.85212,-2.3731299999999997,0.4155333333333333,0.20748333333333327
29038,2016-04-18 04:00:00-05,0.2719166666666666,66.57,0.77,2.74,-3.39713,1,-2.0956200000000003,-2.71862,0.3842833333333333,0.2053
29049,2016-04-18 05:00:00-05,0.2700666666666666,65.8,0.57,3.58,-2.3784,1,-2.71866,-2.6168099999999996,0.3604666666666666,0.4481333333333333
29060,2016-04-18 06:00:00-05,0.286,65.06,0.98,4.55,-2.48033,1,-2.71887,-2.7189200000000002,0.6632833333333332,0.611
29071,2016-04-18 07:00:00-05,0.7211,64.96,0.93,4.06,35.2475,1,5.21092,48.3294,0.8436166666666666,0.2627833333333333
29082,2016-04-18 08:00:00-05,0.6545833333333332,65.6,0.83,2.84,169.55700000000002,1,18.7869,205.25,1.2132,0.2271833333333333
29093,2016-04-18 09:00:00-05,0.5498333333333332,65.82,0.59,4.89,192.562,1,33.9318,505.68199999999996,0.523,0.2693166666666666
29104,2016-04-18 10:00:00-05,0.48975,66.1,0.55,1.67,494.908,1,113.523,385.163,0.44785,0.2603666666666666
29115,2016-04-18 11:00:00-05,0.5979333333333332,67.01,0.93,4.05,909.558,1,154.092,278.817,0.42286666666666656,0.2985666666666666
29126,2016-04-18 12:00:00-05,0.3851333333333333,67.76,0.82,4.27,577.314,1,288.93,407.00800000000004,0.5034333333333332,0.4183333333333333
29137,2016-04-18 13:00:00-05,0.3803833333333333,68.9,0.75,4.8,207.55900000000003,1,375.48900000000003,415.334,0.5178,0.3004333333333333
29148,2016-04-18 14:00:00-05,0.4005166666666666,70.11,0.95,4.26,389.21,1,292.468,632.616,0.6217333333333332,0.2539
29159,2016-04-18 15:00:00-05,0.3811833333333333,73.19,0.77,3.53,316.573,1,331.61400000000003,498.30800000000005,1.4798333333333331,0.2786666666666666
29170,2016-04-18 16:00:00-05,1.05985,73.81,0.77,3.83,597.262,1,371.904,308.006,0.3971333333333333,0.30125
29181,2016-04-18 17:00:00-05,0.9973833333333332,72.38,0.7,2.98,157.65200000000002,1,154.709,226.665,0.7186166666666666,0.3223166666666666
29192,2016-04-18 18:00:00-05,0.3816333333333333,70.16,0.44,3.63,2.53471,1,111.514,70.9377,0.5384833333333332,0.8120666666666666
29203,2016-04-18 19:00:00-05,0.4366,69.07,0.4,4.09,-1.2173399999999999,1,-2.37764,-2.1107299999999998,0.43086666666666656,0.3090333333333333
29214,2016-04-18 20:00:00-05,0.4115333333333333,66.99,0.24,3.1,-2.3055,1,-2.22512,-2.71702,0.4886166666666666,0.4463833333333333
29225,2016-04-18 21:00:00-05,0.3811833333333333,66.33,0.31,3.8,-2.70181,1,-2.36698,-2.7743,0.6012333333333332,0.7829666666666666
29236,2016-04-18 22:00:00-05,0.3391333333333333,65.08,0.31,1.72,-2.37883,1,-1.8406,-2.71794,0.6031166666666666,0.4206666666666666
29247,2016-04-18 23:00:00-05,0.24285,64.19,0.33,0.78,-2.71869,1,-2.71296,-2.71844,0.3421833333333333,0.2391833333333333
29258,2016-04-19 00:00:00-05,0.26005,65.03,0.66,1.66,-2.71904,1,-1.83507,-2.37879,0.32425,0.21465
29269,2016-04-19 01:00:00-05,0.2383166666666666,64.91,0.83,1.25,-3.14394,1,-2.67331,-2.3786400000000003,0.3413666666666666,0.21075
29280,2016-04-19 02:00:00-05,0.21735,64.81,0.62,1.22,-2.71945,1,-2.57157,-2.3784,0.3219166666666666,0.22655
29291,2016-04-19 03:00:00-05,0.2255833333333333,64.14,0.3,0.78,-2.7195400000000003,1,-2.21489,-2.7181599999999997,0.3179833333333333,0.2064
29302,2016-04-19 04:00:00-05,0.2390666666666666,63.51,0.27,1.35,-2.71955,1,-2.3792,-2.37856,0.3269666666666666,0.20481666666666665
29313,2016-04-19 05:00:00-05,0.43821666666666653,63.32,0.57,1.27,-2.3004,1,-1.84119,-2.41277,0.3212166666666666,0.855383333333333
29324,2016-04-19 06:00:00-05,0.4604,63.77,0.82,2.21,-2.13603,1,-2.7191,-2.71846,0.6062833333333332,0.7131833333333332
29335,2016-04-19 07:00:00-05,0.48825,63.72,0.97,2.64,64.6742,1,28.8789,30.8523,0.4642833333333332,0.3909166666666665
29346,2016-04-19 08:00:00-05,0.5434833333333332,64.55,0.95,2.14,312.395,1,68.0454,94.8923,0.40265,0.3626166666666666
29357,2016-04-19 09:00:00-05,0.50555,65.55,0.91,3.25,630.8530000000001,1,124.47200000000001,131.11,0.3514666666666666,0.237
29368,2016-04-19 10:00:00-05,0.39305,66.71,0.88,3.07,875.852,1,47.6666,138.751,0.3225833333333333,0.2325666666666666
29379,2016-04-19 11:00:00-05,0.3018,68.5,0.87,2.17,1015.51,1,568.238,424.327,0.31315,0.2431666666666666
29390,2016-04-19 12:00:00-05,0.3235,70.98,0.89,2.56,919.687,1,292.32,308.291,0.30385,0.2343
29401,2016-04-19 13:00:00-05,0.3338666666666666,73.91,0.65,2.03,1007.07,1,902.8939999999999,439.899,0.3873666666666665,0.27945
29412,2016-04-19 14:00:00-05,0.358,74.95,0.63,2.84,943.691,1,850.9630000000001,493.034,0.44411666666666655,0.4683833333333332
29423,2016-04-19 15:00:00-05,0.3745833333333333,76.79,0.71,3.41,807.35,1,728.455,496.085,0.3364833333333333,0.3157833333333333
29434,2016-04-19 16:00:00-05,0.44845,77.49,0.55,3.44,299.64,1,540.003,69.1951,0.32665,0.9085333333333332
29445,2016-04-19 17:00:00-05,0.4937666666666666,76.72,0.51,4.09,139.85399999999998,1,99.7006,160.062,0.26765,0.7512666666666666
29456,2016-04-19 18:00:00-05,0.34035,76.79,0.45,3.51,239.917,1,101.905,31.9674,0.8242666666666666,1.1640333333333333
29467,2016-04-19 19:00:00-05,0.30735,75.73,0.3,3.37,-1.6749,1,-2.50627,2.4287799999999997,0.3827,0.60125
29478,2016-04-19 20:00:00-05,0.4448166666666665,73.69,0.49,2.0,-3.3903300000000005,1,-2.38278,-2.37799,0.4898,0.3904166666666665
29489,2016-04-19 21:00:00-05,0.3665666666666666,71.82,0.66,0.95,-3.2725299999999997,1,-2.5307,-1.8857099999999998,0.32095,0.3492166666666666
29500,2016-04-19 22:00:00-05,0.4065333333333333,70.32,0.36,1.14,-3.3864099999999997,1,-2.7177,-1.72744,0.8268,0.22381666666666666
29511,2016-04-19 23:00:00-05,0.3084333333333333,69.19,0.34,1.63,-2.71862,1,-2.37865,-1.99932,1.44555,0.2474833333333333
29522,2016-04-20 00:00:00-05,0.2332,67.88,0.4,2.91,-3.05845,1,-2.71862,-2.1126,1.9419666666666668,0.2547
29533,2016-04-20 01:00:00-05,0.2317833333333333,67.25,0.57,2.62,-2.37885,1,-2.37918,-2.3334799999999998,0.3973333333333333,0.21386666666666665
29544,2016-04-20 02:00:00-05,0.23325,67.09,0.57,2.52,-2.37912,1,-2.3798,-2.37879,0.2546,0.2116
29555,2016-04-20 03:00:00-05,0.2381333333333333,67.11,0.41,1.95,-3.3422,1,-2.56176,-2.37879,0.28,0.2276833333333333
29566,2016-04-20 04:00:00-05,0.22576666666666664,66.64,0.47,2.66,-2.72475,1,-2.72085,-3.18872,0.26,0.2321333333333333
29577,2016-04-20 05:00:00-05,0.5617666666666666,66.2,0.57,2.99,-2.71922,1,-1.7461799999999998,-2.37888,0.2552,0.6078
29588,2016-04-20 06:00:00-05,0.6444166666666666,65.96,0.75,1.17,-1.0197,1,-1.9444599999999999,-2.70732,0.26165,0.6038833333333332
29599,2016-04-20 07:00:00-05,0.35905,64.54,0.75,2.42,134.958,1,19.9458,7.595160000000001,0.5538833333333332,0.3690333333333333
29610,2016-04-20 08:00:00-05,0.229,63.47,0.76,2.96,320.942,1,48.5739,37.2395,1.1189166666666668,0.25935
29621,2016-04-20 09:00:00-05,0.26235,64.3,0.78,2.73,229.71099999999998,1,264.204,54.1913,0.6131833333333332,0.2361333333333333
29632,2016-04-20 10:00:00-05,0.29095,65.44,0.75,3.84,270.005,1,428.102,86.4967,0.6537666666666666,0.22036666666666666
29643,2016-04-20 11:00:00-05,0.2912333333333333,67.04,0.73,2.71,860.459,1,333.092,332.352,0.34855,0.2363166666666666
29654,2016-04-20 12:00:00-05,0.2467833333333333,69.53,0.58,3.01,1207.76,1,325.442,143.304,0.2758666666666666,0.246
29665,2016-04-20 13:00:00-05,0.2871666666666666,71.87,0.55,2.9,1081.62,1,533.977,169.562,0.3133,0.3398166666666666
29676,2016-04-20 14:00:00-05,0.3914333333333333,74.59,0.46,2.01,1018.57,1,522.92,319.115,0.3100333333333333,0.3318833333333333
29687,2016-04-20 15:00:00-05,0.6193833333333332,76.5,0.39,2.45,883.6669999999999,1,346.749,468.649,0.4731166666666666,0.3350333333333333
29698,2016-04-20 16:00:00-05,0.8730833333333331,77.85,0.34,3.2,663.311,1,300.816,662.544,0.4506,0.2946833333333333
29709,2016-04-20 17:00:00-05,0.7442333333333331,77.98,0.37,3.03,173.84599999999998,1,139.126,339.1,0.40866666666666657,0.3368166666666666
29720,2016-04-20 18:00:00-05,0.7164333333333333,77.5,0.41,3.53,59.463,1,17.4217,166.132,0.7822166666666666,0.4071833333333333
29731,2016-04-20 19:00:00-05,0.4060166666666665,75.69,0.24,4.4,-1.06961,1,-2.3796,0.33960100000000004,1.3232,0.18843333333333329
29742,2016-04-20 20:00:00-05,0.4118833333333333,73.15,0.18,3.67,-2.71712,1,-2.35756,-2.3776,0.4856833333333332,0.5366666666666666
29753,2016-04-20 21:00:00-05,0.3218,71.0,0.19,3.72,-2.71769,1,-2.26143,-2.42328,0.4965833333333332,0.5996666666666666
29764,2016-04-20 22:00:00-05,0.3196833333333333,69.55,0.49,3.87,-2.71813,1,-2.38056,-2.37816,0.38355,0.26205
29775,2016-04-20 23:00:00-05,0.284,68.01,0.49,2.67,-2.37878,1,-2.20522,-2.37875,0.3299,0.21555
29786,2016-04-21 00:00:00-05,0.4035333333333333,66.74,0.27,2.44,-2.3957900000000003,1,-2.19411,-2.64499,0.2983,0.2447
29797,2016-04-21 01:00:00-05,0.3581833333333333,65.69,0.19,2.01,-1.54075,1,-2.38121,-2.71907,0.4493666666666665,0.22433333333333327
29808,2016-04-21 02:00:00-05,0.3059166666666666,64.67,0.31,1.78,-2.3790299999999998,1,-2.3703,-2.23228,0.38566666666666655,0.20835
29819,2016-04-21 03:00:00-05,0.2834833333333333,64.61,0.37,2.22,-2.71905,1,-2.04173,-2.21529,0.3510833333333333,0.3399333333333333
29830,2016-04-21 04:00:00-05,0.3055166666666666,64.46,0.33,2.12,-3.3422099999999997,1,-2.3820200000000002,-3.22379,0.3543166666666666,0.29345
29841,2016-04-21 05:00:00-05,0.5173666666666666,64.42,0.49,1.72,-2.5775,1,-2.03071,-2.72035,0.3416666666666666,0.4665
29852,2016-04-21 06:00:00-05,0.8465833333333331,64.52,0.6,1.1,-1.0423200000000001,1,-2.22359,-2.7034599999999998,0.43011666666666654,0.4619666666666666
29863,2016-04-21 07:00:00-05,0.41121666666666656,63.56,0.53,4.32,136.498,1,17.9305,123.03399999999999,0.58755,0.4572833333333333
29874,2016-04-21 08:00:00-05,0.28075,62.71,0.54,4.34,241.99200000000002,1,77.2471,325.661,0.6039666666666667,0.2058
29885,2016-04-21 09:00:00-05,0.2751,64.33,0.34,4.14,165.955,1,398.61199999999997,572.4680000000001,0.3014666666666666,0.3598333333333333
29896,2016-04-21 10:00:00-05,0.3121333333333333,65.79,0.29,2.74,834.763,1,396.119,837.5160000000001,0.3060666666666666,0.5043166666666666
29907,2016-04-21 11:00:00-05,0.3314666666666666,66.93,0.27,0.66,935.7280000000001,1,676.14,1051.87,0.26725,0.66285
29918,2016-04-21 12:00:00-05,0.30875,68.15,0.2,0.53,561.985,1,697.7669999999999,444.25800000000004,0.3649,0.9179
29929,2016-04-21 13:00:00-05,0.3202833333333333,70.73,0.16,1.64,634.519,1,1083.28,1049.77,0.4479,0.2457833333333333
29940,2016-04-21 14:00:00-05,0.3084666666666666,74.95,0.15,3.52,1004.92,1,911.155,1010.56,0.6846666666666666,0.3769
29951,2016-04-21 15:00:00-05,0.5247833333333332,78.48,0.16,3.69,935.449,1,780.438,772.918,0.3047666666666666,0.3555666666666666
29962,2016-04-21 16:00:00-05,0.3752833333333333,79.95,0.15,3.84,170.373,1,591.08,525.612,0.5794166666666666,1.6736166666666668
29973,2016-04-21 17:00:00-05,0.3116,80.07,0.16,4.56,381.001,1,361.034,367.531,0.6706833333333332,1.3701
29984,2016-04-21 18:00:00-05,0.7765833333333331,78.97,0.16,4.66,155.689,1,120.72,140.857,0.9476666666666664,0.4773
29995,2016-04-21 19:00:00-05,0.4883666666666666,76.64,0.3,4.7,0.033951,1,-3.4794400000000003,-0.209404,3.4225833333333333,0.6378333333333333
30006,2016-04-21 20:00:00-05,0.3002833333333333,73.64,0.45,3.87,-2.7170400000000003,1,-3.20321,-3.00077,0.4732833333333332,0.5465666666666666
30017,2016-04-21 21:00:00-05,0.3674333333333332,71.36,0.68,2.93,-2.6327599999999998,1,-2.9716299999999998,-2.83754,0.5108333333333333,0.4707833333333332
30028,2016-04-21 22:00:00-05,0.2912666666666666,69.41,0.67,2.57,-2.71798,1,-3.05721,-2.71937,0.3591,0.37366666666666654
30039,2016-04-21 23:00:00-05,0.25445,66.93,0.38,1.99,-2.84882,1,-2.72322,-2.71964,0.2406166666666666,0.41176666666666656
30050,2016-04-22 00:00:00-05,0.22266666666666665,64.6,0.0,1.5,-2.8488900000000004,1,-2.90477,-2.71997,0.3472666666666666,0.2950833333333333
30061,2016-04-22 01:00:00-05,0.22781666666666664,63.04,0.0,1.13,-2.71905,1,-2.79155,-3.3382199999999997,0.3031833333333333,0.2953833333333333
30072,2016-04-22 02:00:00-05,0.2379666666666666,62.23,0.0,2.72,-2.72487,1,-2.93413,-3.18523,0.2555166666666666,0.23041666666666666
30083,2016-04-22 03:00:00-05,0.2319666666666666,60.95,0.0,2.82,-2.37957,1,-2.72419,-3.06066,0.2836333333333333,0.22453333333333328
30094,2016-04-22 04:00:00-05,0.2311666666666666,60.54,0.01,2.5,-1.98275,1,-3.06485,-2.4374599999999997,0.20931666666666665,0.2548
30105,2016-04-22 05:00:00-05,0.4806666666666666,59.33,0.02,2.48,-2.52651,1,-2.80952,-2.38047,0.4684333333333332,0.4468333333333333
30116,2016-04-22 06:00:00-05,0.6862833333333332,58.3,0.02,2.49,-1.27473,1,-2.7307200000000003,-1.63795,0.78965,0.4556333333333333
30127,2016-04-22 07:00:00-05,0.3463,57.55,0.04,2.11,65.0497,1,53.6215,67.0141,0.43596666666666656,0.3393166666666666
30138,2016-04-22 08:00:00-05,0.29685,60.14,0.03,2.65,145.957,1,282.815,203.896,0.2384666666666666,0.28595
30149,2016-04-22 09:00:00-05,0.2339,66.45,0.02,2.57,629.752,1,523.727,218.487,0.22565,0.2815833333333333
30160,2016-04-22 10:00:00-05,0.2436,71.51,0.02,1.9,883.796,1,731.113,632.614,0.22846666666666665,0.3250333333333333
30171,2016-04-22 11:00:00-05,0.2641666666666666,75.24,0.02,2.61,993.6619999999999,1,885.941,889.757,0.2317333333333333,0.21931666666666666
30182,2016-04-22 12:00:00-05,0.2524833333333333,78.02,0.02,3.64,1162.25,1,968.975,482.855,0.2544833333333333,0.21968333333333329
30193,2016-04-22 13:00:00-05,0.3296666666666666,79.58,0.02,4.1,296.101,1,980.012,1036.86,0.3396333333333333,0.2282833333333333
30204,2016-04-22 14:00:00-05,0.41276666666666656,80.12,0.02,3.6,249.85299999999998,1,918.0260000000001,613.712,0.2873,0.2977833333333333
30215,2016-04-22 15:00:00-05,0.3511,80.86,0.04,3.09,224.66,1,786.1289999999999,212.292,0.2579833333333333,0.2514166666666666
30226,2016-04-22 16:00:00-05,0.26905,81.01,0.16,4.39,607.755,1,596.0219999999999,133.431,0.2199,0.2764833333333333
30237,2016-04-22 17:00:00-05,0.3967333333333333,81.13,0.15,3.81,194.66400000000002,1,359.61300000000006,64.8072,0.27955,0.3116
30248,2016-04-22 18:00:00-05,0.3003333333333333,79.72,0.13,4.23,70.7323,1,121.34200000000001,132.8,0.2389166666666666,0.7892166666666666
30259,2016-04-22 19:00:00-05,0.3489,77.5,0.01,4.24,-0.684891,1,-2.7193400000000003,1.77195,0.22905,0.3763833333333333
30270,2016-04-22 20:00:00-05,0.81375,73.85,0.0,3.14,-2.71769,1,-2.79413,-2.37799,0.41981666666666656,0.513
30281,2016-04-22 21:00:00-05,0.552,69.96,0.0,1.93,-2.71817,1,-3.0105,-2.24812,0.902,0.9726333333333332
30292,2016-04-22 22:00:00-05,0.42896666666666655,66.84,0.0,1.56,-2.71862,1,-2.88084,-2.2483,1.3803666666666667,0.41175
30303,2016-04-22 23:00:00-05,0.48995,64.37,0.0,1.03,-2.71862,1,-2.7734400000000003,-2.37879,0.3663,0.2255
30314,2016-04-23 00:00:00-05,0.3192166666666666,63.23,0.02,2.11,-2.71881,0,-2.7229799999999997,-1.88038,0.35435,0.1979
30325,2016-04-23 01:00:00-05,0.3104,62.04,0.04,1.49,-2.71904,0,-2.72323,-1.93702,0.39506666666666657,0.19838333333333327
30336,2016-04-23 02:00:00-05,0.31525,60.17,0.06,1.22,-2.71908,0,-2.72323,-1.8237400000000001,0.3120666666666666,0.21681666666666666
30347,2016-04-23 03:00:00-05,0.2966,59.82,0.08,1.03,-2.9404,0,-2.72323,-2.15224,0.21601666666666666,0.2007
30358,2016-04-23 04:00:00-05,0.2961166666666666,58.91,0.04,0.8,-2.88385,0,-2.72323,-2.01065,0.21995,0.19796666666666665
30369,2016-04-23 05:00:00-05,0.3197833333333333,57.14,0.08,0.6,-2.71958,0,-2.72323,-2.10698,0.64975,0.1981
30380,2016-04-23 06:00:00-05,0.3494,56.17,0.11,0.32,0.254971,0,-2.8423700000000003,-1.69914,1.1199,0.20188333333333328
30391,2016-04-23 07:00:00-05,0.3986833333333333,55.71,0.12,0.81,165.838,0,50.6974,20.9221,0.7887666666666666,0.4191833333333333
30402,2016-04-23 08:00:00-05,0.7768333333333332,58.18,0.13,0.7,390.11,0,274.878,219.928,0.7267333333333332,0.5674833333333332
30413,2016-04-23 09:00:00-05,1.79235,65.97,0.12,1.76,356.38199999999995,0,507.399,94.0733,0.22103333333333328,0.5491166666666666
30424,2016-04-23 10:00:00-05,1.0424,70.92,0.11,1.6,873.238,0,763.664,313.487,0.2278,0.2726833333333333
30435,2016-04-23 11:00:00-05,0.57055,74.64,0.12,2.71,1050.79,0,838.4630000000001,338.44199999999995,0.2818333333333333,0.2644666666666666
30446,2016-04-23 12:00:00-05,0.6230333333333332,77.1,0.13,2.91,1063.58,0,975.311,468.58099999999996,0.2393,0.7653666666666666
30457,2016-04-23 13:00:00-05,0.4332833333333333,78.24,0.15,2.89,697.8919999999999,0,667.007,412.98699999999997,0.2352,2.8573833333333334
30468,2016-04-23 14:00:00-05,0.42766666666666653,79.13,0.19,3.85,761.153,0,968.061,595.689,0.3085833333333333,0.3276666666666666
30479,2016-04-23 15:00:00-05,0.5133833333333332,80.11,0.23,4.06,409.10400000000004,0,262.589,285.9,0.2528833333333333,0.4589666666666666
30490,2016-04-23 16:00:00-05,0.4788833333333332,80.22,0.26,4.08,583.5419999999999,0,361.085,269.59,0.2481333333333333,0.8456
30501,2016-04-23 17:00:00-05,0.4633333333333332,80.18,0.29,3.99,65.9741,0,201.533,375.787,0.2944333333333333,0.9243833333333332
30512,2016-04-23 18:00:00-05,0.40535,79.58,0.31,4.06,23.0641,0,43.3967,128.10299999999998,0.2383166666666666,0.7892333333333331
30523,2016-04-23 19:00:00-05,0.7275666666666665,77.7,0.25,3.99,-1.69839,0,-2.64507,-0.02264,0.40691666666666654,0.8911833333333331
30534,2016-04-23 20:00:00-05,0.5958166666666666,74.63,0.08,3.81,-3.92935,0,-2.71949,-2.47381,0.37875,0.9879166666666664
30545,2016-04-23 21:00:00-05,0.69095,71.71,0.04,2.96,-1.6991,0,-2.71958,-2.7177,0.2563666666666666,0.68675
30556,2016-04-23 22:00:00-05,0.5006,69.25,0.1,3.31,-1.69966,0,-2.3797200000000003,-2.37832,0.2450833333333333,0.3245666666666666
30567,2016-04-23 23:00:00-05,0.4961166666666666,67.89,0.03,3.35,-2.1813700000000003,0,-2.3742900000000002,-2.37839,0.2480833333333333,0.2701166666666666
30578,2016-04-24 00:00:00-05,0.3742666666666665,66.47,0.29,5.01,-2.3796,0,-1.8246099999999998,-2.37859,0.24685,0.20651666666666665
30589,2016-04-24 01:00:00-05,0.3639,65.92,0.35,5.58,-2.3796,0,-1.73395,-2.37878,0.3299833333333333,0.22981666666666664
30600,2016-04-24 02:00:00-05,0.3300666666666666,64.95,0.37,4.99,-1.6997099999999998,0,-1.69996,-1.8124200000000001,0.3046333333333333,0.2683666666666666
30611,2016-04-24 03:00:00-05,0.3342166666666666,64.03,0.38,4.44,-2.26662,0,-2.7200599999999997,-2.07295,0.2496666666666666,0.2760333333333333
30622,2016-04-24 04:00:00-05,0.3283666666666666,63.09,0.39,3.93,-2.3801200000000002,0,-2.7204599999999997,-2.71862,0.2427333333333333,0.2364333333333333
30633,2016-04-24 05:00:00-05,0.3242833333333333,62.21,0.46,3.41,-2.32928,0,-2.56744,-2.0276099999999997,0.4876333333333332,0.2391333333333333
30644,2016-04-24 06:00:00-05,0.38626666666666654,62.18,0.54,2.81,-2.12501,0,-2.7204099999999998,-2.29913,0.72335,0.22955
30654,2016-04-24 07:00:00-05,0.44335,62.21,0.59,3.09,155.385,0,20.8262,34.4909,0.4756333333333332,0.3216
30664,2016-04-24 08:00:00-05,1.07005,63.19,0.57,3.5,192.465,0,258.08099999999996,42.2774,0.3065333333333333,0.7772833333333331
30674,2016-04-24 09:00:00-05,1.00835,66.86,0.49,6.24,454.27099999999996,0,510.035,220.84799999999998,0.4076333333333333,0.36833333333333323
30684,2016-04-24 10:00:00-05,2.020366666666667,70.9,0.54,7.32,691.329,0,723.475,294.003,0.3468666666666666,0.3502833333333333
30694,2016-04-24 11:00:00-05,1.9617166666666668,71.53,0.68,8.28,877.691,0,849.557,489.781,0.2996666666666666,0.2442666666666666
30704,2016-04-24 12:00:00-05,0.47395,72.31,0.93,8.08,402.241,0,931.852,983.716,0.2985,0.2492666666666666
30714,2016-04-24 13:00:00-05,0.5423333333333332,74.0,0.76,7.7,421.95599999999996,0,938.939,897.951,0.2512,0.23215
30724,2016-04-24 14:00:00-05,1.1686333333333332,76.36,0.53,7.87,1029.33,0,881.2769999999999,869.237,0.2478333333333333,0.4699666666666666
30734,2016-04-24 15:00:00-05,1.5781,75.6,0.47,7.61,533.696,0,752.2710000000001,751.77,0.2695166666666666,1.2787833333333332
30744,2016-04-24 16:00:00-05,2.386616666666667,76.27,0.4,7.57,370.12,0,560.645,577.0269999999999,0.3686,0.4256833333333333
30754,2016-04-24 17:00:00-05,1.3659,76.2,0.43,7.9,192.426,0,343.851,270.249,0.4772,0.19826666666666665
30764,2016-04-24 18:00:00-05,0.4628833333333332,75.96,0.54,7.92,151.73,0,105.962,120.37899999999999,1.004233333333333,0.20298333333333327
30774,2016-04-24 19:00:00-05,0.4123333333333333,74.75,0.45,7.09,2.5857099999999997,0,-2.71705,6.41619,0.5187833333333332,0.20256666666666664
30784,2016-04-24 20:00:00-05,0.5689166666666666,72.81,0.54,5.98,-2.7168200000000002,0,-2.71833,-2.3771299999999997,0.8555666666666666,0.18435
30794,2016-04-24 21:00:00-05,0.5441333333333332,70.9,0.54,5.41,-2.71767,0,-2.37901,-2.3775,0.7595166666666666,0.2159
30804,2016-04-24 22:00:00-05,0.4651333333333332,69.06,0.43,5.88,-2.71781,0,-2.71908,-2.24765,0.3569333333333333,0.4558833333333333
30814,2016-04-24 23:00:00-05,0.3816833333333333,68.62,0.76,5.97,-2.7181599999999997,0,-2.71949,-2.37799,0.3301833333333333,0.63685
30824,2016-04-25 00:00:00-05,0.3040166666666666,69.08,0.87,7.65,-1.6991,1,-3.2203,-2.37799,0.2506666666666666,0.41425
30834,2016-04-25 01:00:00-05,0.2946333333333333,69.16,0.93,7.77,-1.85192,1,-2.72211,-1.6985599999999998,0.261,0.3419833333333333
30844,2016-04-25 02:00:00-05,0.29025,69.43,0.71,7.51,-1.8631099999999998,1,-2.7223,-2.49689,0.2352166666666666,0.2924666666666666
30854,2016-04-25 03:00:00-05,0.3078,69.42,0.63,6.91,-2.71844,1,-2.7223,-2.7177,0.2356666666666666,0.3094166666666666
30864,2016-04-25 04:00:00-05,0.2940333333333333,69.39,0.7,6.57,-2.71862,1,-2.72798,-3.39713,0.2396166666666666,0.2719166666666666
30874,2016-04-25 05:00:00-05,0.51785,69.42,0.82,5.99,-2.71862,1,-2.38804,-2.3784,0.2297833333333333,0.2700666666666666
30884,2016-04-25 06:00:00-05,0.7497666666666666,69.35,0.87,5.69,0.94019,1,-3.06337,-2.48033,0.2387,0.286
30894,2016-04-25 07:00:00-05,0.4944166666666666,69.6,0.9,5.84,82.2244,1,44.9332,35.2475,0.6531333333333332,0.7211
30904,2016-04-25 08:00:00-05,0.3692666666666666,70.16,0.89,6.38,308.827,1,293.449,169.55700000000002,0.7001333333333332,0.6545833333333332
30914,2016-04-25 09:00:00-05,0.4512833333333333,71.85,0.88,7.43,608.74,1,529.385,192.562,0.74995,0.5498333333333332
30924,2016-04-25 10:00:00-05,0.4080333333333333,73.85,0.83,8.16,800.457,1,557.805,494.908,0.6155166666666666,0.48975
30934,2016-04-25 11:00:00-05,0.39935,76.12,0.71,8.51,928.148,1,875.311,909.558,0.4232166666666666,0.5979333333333332
30944,2016-04-25 12:00:00-05,0.4059833333333333,78.83,0.84,8.76,978.0210000000001,1,988.654,577.314,0.3809333333333333,0.3851333333333333
30954,2016-04-25 13:00:00-05,0.4272,81.61,0.84,9.02,997.809,1,946.3810000000001,207.55900000000003,0.3607,0.3803833333333333
30964,2016-04-25 14:00:00-05,0.40131666666666654,83.45,0.63,8.44,931.232,1,925.627,389.21,1.4801666666666669,0.4005166666666666
30974,2016-04-25 15:00:00-05,0.40005,84.91,0.56,8.58,789.66,1,596.739,316.573,0.40345,0.3811833333333333
30984,2016-04-25 16:00:00-05,0.4534,85.48,0.49,8.85,623.655,1,517.91,597.262,0.53945,1.05985
30994,2016-04-25 17:00:00-05,0.6337166666666666,85.76,0.5,8.43,395.86400000000003,1,368.775,157.65200000000002,0.55925,0.9973833333333332
31004,2016-04-25 18:00:00-05,0.50505,85.02,0.47,7.93,161.57299999999998,1,76.5365,2.53471,0.4955,0.3816333333333333
31014,2016-04-25 19:00:00-05,0.4627,83.28,0.54,8.13,2.47792,1,-2.71889,-1.2173399999999999,0.5703666666666666,0.4366
31024,2016-04-25 20:00:00-05,1.8633833333333332,80.91,0.57,9.38,-2.24127,1,-2.71957,-2.3055,0.4778166666666666,0.4115333333333333
31034,2016-04-25 21:00:00-05,0.9372833333333332,78.29,0.43,8.39,-2.33793,1,-2.7204099999999998,-2.70181,0.41826666666666656,0.3811833333333333
31044,2016-04-25 22:00:00-05,0.3818,76.1,0.9,8.32,-2.0495900000000002,1,-2.72055,-2.37883,0.4436,0.3391333333333333
31054,2016-04-25 23:00:00-05,0.5489166666666666,74.93,0.78,9.66,-1.8627599999999997,1,-2.7210900000000002,-2.71869,0.3268666666666666,0.24285
31064,2016-04-26 00:00:00-05,0.8884166666666666,74.05,0.81,6.75,-1.87408,1,-2.71936,-2.71904,0.29735,0.26005
31074,2016-04-26 01:00:00-05,1.0618,73.83,0.88,6.5,-1.7098900000000001,1,-2.18696,-3.14394,0.2754333333333333,0.2383166666666666
31084,2016-04-26 02:00:00-05,0.62465,73.14,0.44,6.12,-2.35534,1,-1.966,-2.71945,0.22176666666666664,0.21735
31094,2016-04-26 03:00:00-05,0.36995,72.38,0.58,6.27,-2.32137,1,-2.1529700000000003,-2.7195400000000003,0.22441666666666665,0.2255833333333333
31104,2016-04-26 04:00:00-05,0.3315,72.0,0.55,6.35,-2.71785,1,-2.37393,-2.71955,0.2468833333333333,0.2390666666666666
31114,2016-04-26 05:00:00-05,0.6341166666666666,71.28,0.92,6.2,-2.5312900000000003,1,-1.88668,-2.3004,0.3003666666666666,0.43821666666666653
31124,2016-04-26 06:00:00-05,0.841283333333333,71.43,0.47,5.96,-1.01931,1,-2.37942,-2.13603,0.24555,0.4604
31134,2016-04-26 07:00:00-05,0.4296333333333333,71.32,0.4,5.0,74.5277,1,8.29321,64.6742,0.2995,0.48825
31144,2016-04-26 08:00:00-05,0.3464,71.64,0.84,5.78,242.69099999999997,1,89.2818,312.395,0.6983333333333333,0.5434833333333332
31154,2016-04-26 09:00:00-05,0.3398333333333333,72.75,0.54,5.69,138.65200000000002,1,165.033,630.8530000000001,0.6191166666666666,0.50555
31164,2016-04-26 10:00:00-05,0.5017333333333333,75.05,0.86,6.58,308.837,1,247.261,875.852,0.8974,0.39305
31174,2016-04-26 11:00:00-05,0.4727166666666666,77.62,0.64,6.62,797.695,1,377.164,1015.51,0.9252333333333332,0.3018
31184,2016-04-26 12:00:00-05,0.64595,80.26,0.46,7.36,1036.96,1,189.162,919.687,0.28725,0.3235
31194,2016-04-26 13:00:00-05,0.9931833333333332,82.19,0.49,7.34,1037.98,1,974.8439999999999,1007.07,0.2496666666666666,0.3338666666666666
31204,2016-04-26 14:00:00-05,0.8251666666666666,83.21,0.69,6.81,822.3480000000001,1,341.77099999999996,943.691,0.2696666666666666,0.358
31214,2016-04-26 15:00:00-05,1.0504,84.18,0.68,7.22,771.827,1,379.439,807.35,0.2515833333333333,0.3745833333333333
31224,2016-04-26 16:00:00-05,1.6541333333333332,84.34,0.56,7.55,539.533,1,584.194,299.64,0.2484,0.44845
31234,2016-04-26 17:00:00-05,1.76065,83.97,0.28,8.21,368.296,1,396.486,139.85399999999998,0.39181666666666654,0.4937666666666666
31244,2016-04-26 18:00:00-05,1.5114333333333332,81.42,0.59,8.16,138.078,1,108.611,239.917,3.015,0.34035
31254,2016-04-26 19:00:00-05,1.1668,79.4,0.55,7.96,2.72139,1,-2.37711,-1.6749,0.8063333333333331,0.30735
31264,2016-04-26 20:00:00-05,0.8275333333333331,78.01,0.74,9.01,-2.71659,1,-2.8252200000000003,-3.3903300000000005,0.443,0.4448166666666665
31274,2016-04-26 21:00:00-05,0.7145166666666666,77.35,0.79,9.26,-2.37751,1,-2.8769400000000003,-3.2725299999999997,0.4678333333333332,0.3665666666666666
31284,2016-04-26 22:00:00-05,0.4078333333333333,76.67,0.98,8.21,-2.37795,1,-2.83212,-3.3864099999999997,0.28065,0.4065333333333333
31294,2016-04-26 23:00:00-05,0.259,76.16,1.0,7.3,-2.03828,1,-2.71937,-2.71862,0.2681,0.3084333333333333
31304,2016-04-27 00:00:00-05,0.5675333333333332,75.06,0.84,5.99,-2.37799,1,-2.34564,-3.05845,0.2394166666666666,0.2332
31314,2016-04-27 01:00:00-05,0.5520166666666666,74.21,0.88,6.16,-2.7177,1,-2.39093,-2.37885,0.2413833333333333,0.2317833333333333
31324,2016-04-27 02:00:00-05,0.21896666666666664,73.82,0.85,3.32,-2.7177,1,-2.7195400000000003,-2.37912,0.2661666666666666,0.23325
31334,2016-04-27 03:00:00-05,0.2257833333333333,65.77,0.41,0.69,-2.71813,1,-2.71975,-3.3422,0.2445,0.2381333333333333
31344,2016-04-27 04:00:00-05,0.2360166666666666,63.67,0.25,0.65,-2.38972,1,-2.72035,-2.72475,0.2392,0.22576666666666664
31354,2016-04-27 05:00:00-05,0.44866666666666655,63.01,0.31,3.02,-2.10658,1,-2.72051,-2.71922,0.5000333333333332,0.5617666666666666
31364,2016-04-27 06:00:00-05,0.6045166666666666,62.63,0.18,1.94,-0.685118,1,-2.78288,-1.0197,0.6224333333333332,0.6444166666666666
31374,2016-04-27 07:00:00-05,0.4559166666666666,62.44,0.17,2.46,8.00025,1,21.9824,134.958,0.3409833333333333,0.35905
31384,2016-04-27 08:00:00-05,0.36033333333333323,63.86,0.15,2.67,54.6599,1,108.272,320.942,0.29745,0.229
31394,2016-04-27 09:00:00-05,0.3600166666666666,67.22,0.13,3.32,313.04200000000003,1,200.891,229.71099999999998,0.2476833333333333,0.26235
31404,2016-04-27 10:00:00-05,0.36455,71.63,0.11,3.4,346.736,1,297.11,270.005,0.2601333333333333,0.29095
31414,2016-04-27 11:00:00-05,0.3831333333333333,76.78,0.11,2.6,436.30199999999996,1,200.21200000000002,860.459,0.3164833333333333,0.2912333333333333
31424,2016-04-27 12:00:00-05,0.37125,81.6,0.11,2.73,602.814,1,417.05800000000005,1207.76,0.2808166666666666,0.2467833333333333
31434,2016-04-27 13:00:00-05,0.3713833333333333,84.55,0.09,2.89,576.055,1,914.071,1081.62,0.2483166666666666,0.2871666666666666
31444,2016-04-27 14:00:00-05,0.52785,86.39,0.1,2.24,270.471,1,419.24,1018.57,0.25715,0.3914333333333333
31454,2016-04-27 15:00:00-05,0.9122833333333332,87.3,0.11,1.56,757.824,1,790.951,883.6669999999999,0.3051833333333333,0.6193833333333332
31464,2016-04-27 16:00:00-05,1.87535,87.37,0.11,2.24,617.582,1,291.743,663.311,0.3118,0.8730833333333331
31474,2016-04-27 17:00:00-05,2.036716666666667,87.32,0.11,1.73,395.25199999999995,1,175.455,173.84599999999998,0.4696666666666666,0.7442333333333331
31484,2016-04-27 18:00:00-05,1.92675,86.46,0.12,1.38,153.175,1,109.851,59.463,0.7059666666666666,0.7164333333333333
31494,2016-04-27 19:00:00-05,1.26815,83.87,0.06,1.51,2.81087,1,-2.37815,-1.06961,1.1351,0.4060166666666665
31504,2016-04-27 20:00:00-05,1.4905333333333333,77.43,0.0,1.25,-3.3948,1,-2.71884,-2.71712,0.4693166666666666,0.4118833333333333
31514,2016-04-27 21:00:00-05,1.6084833333333333,72.63,0.0,1.85,-3.36765,1,-2.71952,-2.71769,0.4167,0.3218
31524,2016-04-27 22:00:00-05,0.72715,69.12,0.0,1.12,-3.3965400000000003,1,-2.37973,-2.71813,0.3089,0.3196833333333333
31534,2016-04-27 23:00:00-05,0.3826,67.12,0.0,2.82,-3.2216099999999996,1,-2.71965,-2.37878,0.2622,0.284
31544,2016-04-28 00:00:00-05,0.2412333333333333,65.35,0.1,3.32,-2.8028299999999997,1,-1.87579,-2.3957900000000003,0.2511666666666666,0.4035333333333333
31554,2016-04-28 01:00:00-05,0.2602833333333333,64.52,0.11,3.18,-2.7181599999999997,1,-2.07978,-1.54075,0.23765,0.3581833333333333
31564,2016-04-28 02:00:00-05,0.2411166666666666,63.54,0.16,3.38,-1.6988299999999998,1,-2.38002,-2.3790299999999998,0.24655,0.3059166666666666
31574,2016-04-28 03:00:00-05,0.2743166666666666,63.76,0.21,3.12,-2.36707,1,-1.938,-2.71905,0.2737833333333333,0.2834833333333333
31584,2016-04-28 04:00:00-05,0.25365,65.33,0.54,2.26,-1.69885,1,-2.22125,-3.3422099999999997,0.27245,0.3055166666666666
31594,2016-04-28 05:00:00-05,0.36548333333333327,66.03,0.89,2.91,-1.8856700000000002,1,-1.6998400000000002,-2.5775,0.48695,0.5173666666666666
31604,2016-04-28 06:00:00-05,0.6130833333333332,67.34,0.9,3.25,-1.4324700000000001,1,-3.2521299999999997,-1.0423200000000001,0.7309,0.8465833333333331
31614,2016-04-28 07:00:00-05,0.8132666666666666,67.91,0.81,2.66,40.5787,1,19.66,136.498,0.32985,0.41121666666666656
31624,2016-04-28 08:00:00-05,0.3335833333333333,68.44,0.72,3.28,225.655,1,94.9064,241.99200000000002,0.2426,0.28075
31634,2016-04-28 09:00:00-05,0.3196666666666666,71.35,0.39,5.36,206.565,1,82.4633,165.955,0.2370166666666666,0.2751
31644,2016-04-28 10:00:00-05,0.3262333333333333,73.6,0.34,5.13,433.722,1,59.9259,834.763,0.2402833333333333,0.3121333333333333
31654,2016-04-28 11:00:00-05,0.3470833333333333,76.8,0.4,5.82,236.226,1,230.30200000000002,935.7280000000001,0.2421333333333333,0.3314666666666666
31664,2016-04-28 12:00:00-05,0.3336666666666666,79.12,0.38,6.02,546.784,1,246.399,561.985,0.2636,0.30875
31674,2016-04-28 13:00:00-05,0.4301833333333333,81.61,0.2,5.61,968.317,1,977.548,634.519,0.3298333333333333,0.3202833333333333
31684,2016-04-28 14:00:00-05,1.12275,83.4,0.26,6.36,967.086,1,975.334,1004.92,0.2884166666666666,0.3084666666666666
31694,2016-04-28 15:00:00-05,0.9882166666666664,84.72,0.11,6.64,862.846,1,660.54,935.449,0.4835333333333332,0.5247833333333332
31704,2016-04-28 16:00:00-05,3.1484666666666667,84.73,0.18,6.45,494.079,1,343.19599999999997,170.373,0.39271666666666655,0.3752833333333333
31714,2016-04-28 17:00:00-05,2.83915,83.64,0.67,5.74,350.55699999999996,1,102.84,381.001,0.2965833333333333,0.3116
31724,2016-04-28 18:00:00-05,1.8209,82.06,0.72,5.79,98.0806,1,61.7582,155.689,0.6161666666666666,0.7765833333333331
31734,2016-04-28 19:00:00-05,2.2981166666666666,79.93,0.57,5.15,3.75098,1,-2.37799,0.033951,0.43521666666666653,0.4883666666666666
31744,2016-04-28 20:00:00-05,1.820633333333333,79.02,0.76,5.41,-2.37679,1,-2.71798,-2.7170400000000003,0.39515,0.3002833333333333
31754,2016-04-28 21:00:00-05,1.49585,77.55,0.76,5.6,-2.37719,1,-2.3786400000000003,-2.6327599999999998,0.40375,0.3674333333333332
31764,2016-04-28 22:00:00-05,1.0063833333333332,76.79,0.88,6.54,-2.37721,1,-1.9087,-2.71798,0.3048,0.2912666666666666
31774,2016-04-28 23:00:00-05,0.8793,76.39,0.6,7.84,-2.71719,1,-1.80675,-2.84882,0.25455,0.25445
31784,2016-04-29 00:00:00-05,0.8239,74.72,0.74,6.57,-2.71184,1,-2.4750799999999997,-2.8488900000000004,0.2893166666666666,0.22266666666666665
31794,2016-04-29 01:00:00-05,0.6581666666666666,74.57,0.75,5.31,-2.7177,1,-1.8973799999999998,-2.71905,0.2983,0.22781666666666664
31804,2016-04-29 02:00:00-05,0.6416666666666666,73.6,0.79,5.36,-2.54785,1,-1.86905,-2.72487,0.25375,0.2379666666666666
31814,2016-04-29 03:00:00-05,0.4955333333333332,73.36,0.91,5.23,-2.49689,1,-2.22021,-2.37957,0.2697,0.2319666666666666
31824,2016-04-29 04:00:00-05,0.6223666666666666,73.44,0.7,5.84,-2.37799,1,-1.7104700000000002,-1.98275,0.2398666666666666,0.2311666666666666
31834,2016-04-29 05:00:00-05,0.5542,73.3,0.81,5.61,-2.37799,1,-1.7841,-2.52651,0.4706333333333332,0.4806666666666666
31844,2016-04-29 06:00:00-05,1.340566666666667,73.81,0.94,5.61,-1.04179,1,-2.3788,-1.27473,0.6059,0.6862833333333332
31854,2016-04-29 07:00:00-05,1.1462166666666669,74.04,0.83,5.51,16.0771,1,5.4146,65.0497,0.3295333333333333,0.3463
31864,2016-04-29 08:00:00-05,0.6199166666666666,75.34,0.84,6.2,75.1715,1,54.1686,145.957,0.22715,0.29685
31874,2016-04-29 09:00:00-05,0.7593,76.4,0.91,6.55,87.7135,1,63.344,629.752,0.2744333333333333,0.2339
31884,2016-04-29 10:00:00-05,0.7540666666666666,77.66,0.89,7.09,305.067,1,131.345,883.796,0.2459666666666666,0.2436
31894,2016-04-29 11:00:00-05,0.7088,79.22,0.74,7.47,336.98800000000006,1,217.824,993.6619999999999,0.2400333333333333,0.2641666666666666
31904,2016-04-29 12:00:00-05,0.6338333333333332,79.09,0.49,7.87,186.637,1,261.476,1162.25,0.3232,0.2524833333333333
31914,2016-04-29 13:00:00-05,0.6563833333333332,79.18,0.68,8.21,327.95300000000003,1,353.809,296.101,0.3193833333333333,0.3296666666666666
31924,2016-04-29 14:00:00-05,0.7944833333333331,79.56,0.64,7.78,401.267,1,472.654,249.85299999999998,0.2618166666666666,0.41276666666666656
31934,2016-04-29 15:00:00-05,0.7453666666666666,81.79,0.43,8.31,427.79,1,449.316,224.66,0.2634333333333333,0.3511
31944,2016-04-29 16:00:00-05,0.8671,82.85,0.57,7.36,445.194,1,128.251,607.755,0.36063333333333325,0.26905
31954,2016-04-29 17:00:00-05,1.69085,83.04,0.45,6.5,173.265,1,66.0502,194.66400000000002,0.4523666666666666,0.3967333333333333
31964,2016-04-29 18:00:00-05,1.4418,82.77,0.52,6.07,81.4636,1,11.4331,70.7323,0.4360333333333333,0.3003333333333333
31974,2016-04-29 19:00:00-05,0.8646666666666666,81.55,0.46,5.8,0.113177,1,-2.43945,-0.684891,1.1628166666666668,0.3489
31984,2016-04-29 20:00:00-05,0.9414,80.42,0.66,5.61,-2.37717,1,-2.55318,-2.71769,0.823133333333333,0.81375
31994,2016-04-29 21:00:00-05,0.5945833333333332,79.25,0.29,4.66,-2.37721,1,-2.14019,-2.71817,0.4351333333333333,0.552
32004,2016-04-29 22:00:00-05,0.4356,78.26,0.95,4.57,-2.37728,1,-2.37813,-2.71862,0.3087666666666666,0.42896666666666655
32014,2016-04-29 23:00:00-05,0.7103166666666666,77.01,0.72,5.26,-2.37758,1,-2.214,-2.71862,0.3068333333333333,0.48995
32024,2016-04-30 00:00:00-05,0.4529666666666666,75.49,0.54,2.01,-2.71729,0,-2.36692,-2.71881,0.2585833333333333,0.3192166666666666
32034,2016-04-30 01:00:00-05,0.39265,74.24,0.42,2.46,-2.7177,0,-2.24812,-2.71904,0.2556333333333333,0.3104
32044,2016-04-30 02:00:00-05,0.38425,73.46,0.39,1.96,-2.37799,0,-2.37839,-2.71908,0.2499333333333333,0.31525
32054,2016-04-30 03:00:00-05,0.2676666666666666,72.64,0.31,0.82,-1.6985599999999998,0,-2.37853,-2.9404,0.2551,0.2966
32064,2016-04-30 04:00:00-05,0.2380166666666666,71.85,0.31,2.43,-1.82313,0,-2.37879,-2.88385,0.2531166666666666,0.2961166666666666
32074,2016-04-30 05:00:00-05,0.22601666666666664,69.74,0.3,3.24,-1.95335,0,-2.38446,-2.71958,0.48565,0.3197833333333333
32084,2016-04-30 06:00:00-05,0.3015166666666666,67.18,0.34,3.23,-0.503907,0,-2.5657,0.254971,0.6679,0.3494
32094,2016-04-30 07:00:00-05,0.5319333333333331,66.24,0.25,3.11,26.4151,0,23.1083,165.838,0.6276333333333332,0.3986833333333333
32104,2016-04-30 08:00:00-05,0.5766,66.36,0.29,4.58,22.0154,0,216.838,390.11,0.4144833333333333,0.7768333333333332
32114,2016-04-30 09:00:00-05,0.6327333333333331,68.95,0.5,5.0,484.231,0,568.9069999999999,356.38199999999995,0.3142333333333333,1.79235
32124,2016-04-30 10:00:00-05,0.5257166666666666,71.15,0.4,5.73,319.435,0,531.776,873.238,0.4077833333333333,1.0424
32134,2016-04-30 11:00:00-05,0.3663166666666666,73.75,0.38,5.1,526.467,0,855.705,1050.79,0.3034,0.57055
32144,2016-04-30 12:00:00-05,0.7386,75.32,0.6,4.81,1046.16,0,966.7589999999999,1063.58,0.2551666666666666,0.6230333333333332
32154,2016-04-30 13:00:00-05,0.7280333333333332,77.33,0.25,3.89,548.9580000000001,0,963.2310000000001,697.8919999999999,0.2732,0.4332833333333333
32164,2016-04-30 14:00:00-05,1.0874333333333333,78.99,0.14,3.47,376.598,0,877.949,761.153,0.3201666666666666,0.42766666666666653
32174,2016-04-30 15:00:00-05,1.3196,81.14,0.14,3.15,845.0210000000001,0,789.265,409.10400000000004,0.2648166666666666,0.5133833333333332
32184,2016-04-30 16:00:00-05,2.119966666666667,82.11,0.15,2.0,653.3919999999999,0,501.148,583.5419999999999,1.2769,0.4788833333333332
32194,2016-04-30 17:00:00-05,2.636216666666667,82.77,0.16,1.63,368.564,0,344.19199999999995,65.9741,0.39756666666666657,0.4633333333333332
32204,2016-04-30 18:00:00-05,2.329283333333333,82.26,0.16,2.56,148.972,0,52.295,23.0641,0.6146,0.40535
32215,2016-04-30 19:00:00-05,2.519366666666667,80.79,0.07,2.62,5.12384,0,-3.3925,-1.69839,0.5185333333333332,0.7275666666666665
32226,2016-04-30 20:00:00-05,1.9245,77.86,0.0,2.34,-2.71552,0,-2.7151400000000003,-3.92935,0.5366333333333332,0.5958166666666666
32237,2016-04-30 21:00:00-05,0.8605333333333332,74.76,0.0,2.6,-2.71623,0,-2.71597,-1.6991,1.70285,0.69095
32248,2016-04-30 22:00:00-05,0.8241166666666666,72.94,0.0,3.07,-2.71678,0,-2.71677,-1.69966,0.4749,0.5006
32259,2016-04-30 23:00:00-05,1.0802666666666667,71.56,0.01,3.83,-2.71718,0,-2.37792,-2.1813700000000003,0.3181333333333333,0.4961166666666666
32270,2016-05-01 00:00:00-05,0.5134333333333332,69.77,0.11,3.41,-2.37793,0,-2.4685799999999998,-2.3796,0.3040833333333333,0.3742666666666665
32281,2016-05-01 01:00:00-05,0.2298333333333333,68.82,0.12,4.61,-1.6985599999999998,0,-1.9195200000000001,-2.3796,0.3135166666666666,0.3639
32292,2016-05-01 02:00:00-05,0.2259,67.81,0.11,4.6,-2.35534,0,-2.53688,-1.6997099999999998,0.2964833333333333,0.3300666666666666
32303,2016-05-01 03:00:00-05,0.2261833333333333,66.64,0.12,4.3,-2.11754,0,-2.84841,-2.26662,0.29475,0.3342166666666666
32314,2016-05-01 04:00:00-05,0.2396333333333333,65.74,0.14,3.84,-1.8627599999999997,0,-2.71848,-2.3801200000000002,0.3098,0.3283666666666666
32325,2016-05-01 05:00:00-05,0.22761666666666666,64.87,0.2,3.74,-2.25343,0,-2.37879,-2.32928,0.4965166666666666,0.3242833333333333
32336,2016-05-01 06:00:00-05,0.3350833333333333,64.62,0.43,3.65,3.23855,0,-2.71831,-2.12501,0.7710333333333331,0.38626666666666654
32347,2016-05-01 07:00:00-05,0.6668833333333332,64.66,0.38,4.59,122.189,0,39.1133,155.385,0.45425,0.44335
32358,2016-05-01 08:00:00-05,0.9682833333333332,65.66,0.87,5.32,148.509,0,106.405,192.465,0.3818833333333333,1.07005
32369,2016-05-01 09:00:00-05,0.6504833333333332,67.44,0.9,6.68,638.837,0,117.525,454.27099999999996,0.2751333333333333,1.00835
32380,2016-05-01 10:00:00-05,0.434,68.91,0.87,7.2,713.438,0,656.7919999999999,691.329,0.2976833333333333,2.020366666666667
32391,2016-05-01 11:00:00-05,0.3463166666666666,69.67,0.72,7.18,375.162,0,472.665,877.691,0.2584833333333333,1.9617166666666668
32402,2016-05-01 12:00:00-05,0.3552166666666666,70.2,0.67,6.8,534.332,0,597.884,402.241,0.2476166666666666,0.47395
32413,2016-05-01 13:00:00-05,0.3739,72.38,0.96,7.07,567.323,0,824.944,421.95599999999996,0.2703166666666666,0.5423333333333332
32424,2016-05-01 14:00:00-05,1.0958,73.84,0.82,7.08,385.12300000000005,0,913.934,1029.33,0.2926333333333333,1.1686333333333332
32435,2016-05-01 15:00:00-05,2.7304833333333334,74.57,0.88,6.34,577.11,0,750.865,533.696,0.3309166666666666,1.5781
32446,2016-05-01 16:00:00-05,0.5277666666666666,74.84,0.89,7.41,555.275,0,570.654,370.12,0.27615,2.386616666666667
32457,2016-05-01 17:00:00-05,0.4917166666666666,74.93,0.82,6.52,296.335,0,343.495,192.426,0.2578666666666666,1.3659
32468,2016-05-01 18:00:00-05,0.7503,74.53,0.29,6.6,66.812,0,122.635,151.73,0.3199666666666666,0.4628833333333332
32479,2016-05-01 19:00:00-05,0.5031666666666667,72.92,0.3,5.53,4.73536,0,-2.39005,2.5857099999999997,0.2568166666666666,0.4123333333333333
32490,2016-05-01 20:00:00-05,0.3481333333333333,71.31,0.29,5.2,-2.71657,0,-3.01965,-2.7168200000000002,0.2561333333333333,0.5689166666666666
32501,2016-05-01 21:00:00-05,0.3735333333333333,70.05,0.76,4.52,-2.69988,0,-2.71965,-2.71767,0.22115,0.5441333333333332
32512,2016-05-01 22:00:00-05,0.2516833333333333,70.14,0.97,5.57,-2.7173,0,-2.72011,-2.71781,0.3372166666666666,0.4651333333333332
32523,2016-05-01 23:00:00-05,0.2347333333333333,69.48,0.87,5.28,-2.37799,0,-2.72059,-2.7181599999999997,0.26635,0.3816833333333333
32534,2016-05-02 00:00:00-05,0.2289,67.26,0.45,5.06,-2.361,1,-2.7213700000000003,-1.6991,0.2463166666666666,0.3040166666666666
32545,2016-05-02 01:00:00-05,0.23375,66.85,0.89,5.61,-2.37799,1,-2.72159,-1.85192,0.22288333333333327,0.2946333333333333
32556,2016-05-02 02:00:00-05,0.23055,65.39,0.54,5.65,-2.80829,1,-2.38199,-1.8631099999999998,0.23685,0.29025
32567,2016-05-02 03:00:00-05,0.2235,64.35,0.79,5.67,-2.56488,1,-2.3820200000000002,-2.71844,0.2318333333333333,0.3078
32578,2016-05-02 04:00:00-05,0.2417,63.82,0.92,5.59,-2.7177700000000002,1,-2.3820200000000002,-2.71862,0.22501666666666664,0.2940333333333333
32589,2016-05-02 05:00:00-05,0.5123833333333332,62.73,0.92,6.63,-2.37812,1,-2.6543099999999997,-2.71862,0.21698333333333328,0.51785
32600,2016-05-02 06:00:00-05,0.6149166666666666,61.69,0.96,6.81,1.6702599999999999,1,-2.5297400000000003,0.94019,0.2178,0.7497666666666666
32611,2016-05-02 07:00:00-05,0.3603166666666666,60.82,0.99,7.78,69.3095,1,23.5388,82.2244,0.3202333333333333,0.4944166666666666
32622,2016-05-02 08:00:00-05,0.2362333333333333,60.07,0.82,7.95,79.6132,1,67.0608,308.827,0.7973833333333331,0.3692666666666666
32633,2016-05-02 09:00:00-05,0.223,60.66,0.73,7.84,339.288,1,177.34099999999998,608.74,0.46465,0.4512833333333333
32644,2016-05-02 10:00:00-05,0.3459333333333333,61.04,0.65,8.78,342.535,1,157.686,800.457,0.36563333333333325,0.4080333333333333
32655,2016-05-02 11:00:00-05,0.2075,61.56,0.53,9.36,241.835,1,305.481,928.148,0.2494333333333333,0.39935
32666,2016-05-02 12:00:00-05,0.2015,61.93,0.44,8.87,402.7,1,420.277,978.0210000000001,0.2418833333333333,0.4059833333333333
32677,2016-05-02 13:00:00-05,0.21406666666666666,63.64,0.49,9.27,297.39599999999996,1,303.418,997.809,0.2422166666666666,0.4272
32688,2016-05-02 14:00:00-05,0.2791166666666666,65.42,0.62,9.2,465.695,1,325.22700000000003,931.232,0.24725,0.40131666666666654
32699,2016-05-02 15:00:00-05,0.2787,65.56,0.56,8.16,339.87300000000005,1,587.073,789.66,0.41315,0.40005
32710,2016-05-02 16:00:00-05,0.3246166666666666,65.59,0.37,7.73,251.378,1,537.654,623.655,0.4372333333333333,0.4534
32721,2016-05-02 17:00:00-05,0.2683166666666666,64.71,0.68,7.09,60.4915,1,415.338,395.86400000000003,0.4966833333333332,0.6337166666666666
32732,2016-05-02 18:00:00-05,0.5961,64.75,0.72,6.32,43.5714,1,157.884,161.57299999999998,0.9682166666666664,0.50505
32743,2016-05-02 19:00:00-05,0.96205,63.28,0.8,5.1,0.322836,1,-1.7902799999999999,2.47792,0.5429833333333332,0.4627
32754,2016-05-02 20:00:00-05,0.6802666666666666,61.68,0.89,5.02,-2.37915,1,-2.72043,-2.24127,0.9160333333333333,1.8633833333333332
32765,2016-05-02 21:00:00-05,0.5181333333333332,60.4,0.74,3.72,-2.3792,1,-3.4013,-2.33793,0.5326833333333332,0.9372833333333332
32776,2016-05-02 22:00:00-05,0.4596,59.23,0.62,4.06,-2.37947,1,-3.3677099999999998,-2.0495900000000002,0.3370666666666666,0.3818
32787,2016-05-02 23:00:00-05,0.4236833333333333,58.27,0.83,3.75,-2.3796,1,-2.8243099999999997,-1.8627599999999997,0.2793333333333333,0.5489166666666666
32798,2016-05-03 00:00:00-05,0.3994666666666665,59.7,0.64,2.62,-2.3796,1,-3.05125,-1.87408,0.2504166666666666,0.8884166666666666
32809,2016-05-03 01:00:00-05,0.19816666666666666,58.54,0.53,2.89,-2.3796,1,-2.72275,-1.7098900000000001,0.2448,1.0618
32820,2016-05-03 02:00:00-05,0.2539166666666666,57.16,0.46,2.15,-2.23248,1,-2.72282,-2.35534,0.25735,0.62465
32831,2016-05-03 03:00:00-05,0.19928333333333328,56.57,0.25,2.25,-2.38006,1,-2.7232,-2.32137,0.2371,0.36995
32842,2016-05-03 04:00:00-05,0.19431666666666664,56.1,0.41,2.13,-2.37469,1,-3.0069,-2.71785,0.2425333333333333,0.3315
32853,2016-05-03 05:00:00-05,0.41606666666666653,55.48,0.33,2.17,-1.90432,1,-2.72323,-2.5312900000000003,0.2751833333333333,0.6341166666666666
32864,2016-05-03 06:00:00-05,0.6280666666666666,54.43,0.37,1.99,-0.34005799999999997,1,-2.73457,-1.01931,0.2333166666666666,0.841283333333333
32875,2016-05-03 07:00:00-05,0.39761666666666656,54.2,0.28,2.34,38.8459,1,85.0157,74.5277,0.36175,0.4296333333333333
32886,2016-05-03 08:00:00-05,0.39301666666666657,56.61,0.06,2.46,63.9875,1,330.81,242.69099999999997,1.8634166666666667,0.3464
32897,2016-05-03 09:00:00-05,0.19416666666666665,60.36,0.06,3.62,96.4057,1,478.37,138.65200000000002,4.247533333333333,0.3398333333333333
32908,2016-05-03 10:00:00-05,0.1976,64.27,0.06,4.43,175.645,1,782.3430000000001,308.837,0.48935,0.5017333333333333
32919,2016-05-03 11:00:00-05,0.2627166666666666,67.99,0.07,4.11,147.592,1,907.885,797.695,0.28275,0.4727166666666666
32930,2016-05-03 12:00:00-05,0.3126833333333333,70.54,0.07,5.94,216.079,1,957.995,1036.96,0.2673333333333333,0.64595
32941,2016-05-03 13:00:00-05,0.3493,73.17,0.06,6.03,338.342,1,977.34,1037.98,0.2675666666666666,0.9931833333333332
32952,2016-05-03 14:00:00-05,0.2703166666666666,75.02,0.05,6.56,159.481,1,922.1510000000001,822.3480000000001,0.27105,0.8251666666666666
32963,2016-05-03 15:00:00-05,0.21926666666666664,75.92,0.03,6.26,274.349,1,793.398,771.827,0.3312833333333333,1.0504
32974,2016-05-03 16:00:00-05,0.2405333333333333,76.26,0.02,7.15,295.525,1,600.1569999999999,539.533,0.57375,1.6541333333333332
32985,2016-05-03 17:00:00-05,0.3386333333333333,76.21,0.02,6.21,182.428,1,374.54,368.296,0.65945,1.76065
32996,2016-05-03 18:00:00-05,0.2860666666666666,75.42,0.02,6.57,73.5601,1,141.23,138.078,1.2045,1.5114333333333332
33007,2016-05-03 19:00:00-05,0.2392333333333333,73.3,0.01,5.71,0.339804,1,-2.36668,2.72139,0.6782666666666666,1.1668
33018,2016-05-03 20:00:00-05,0.38721666666666654,69.83,0.0,4.2,-2.37901,1,-3.365,-2.71659,0.55355,0.8275333333333331
33029,2016-05-03 21:00:00-05,0.3416166666666666,66.68,0.0,3.28,-2.3792,1,-3.1845,-2.37751,0.32685,0.7145166666666666
33040,2016-05-03 22:00:00-05,0.2698333333333333,64.3,0.0,2.23,-2.37953,1,-3.27595,-2.37795,0.22475,0.4078333333333333
33051,2016-05-03 23:00:00-05,0.2547833333333333,61.66,0.0,1.95,-2.18696,1,-3.1011,-2.03828,0.2157,0.259
33062,2016-05-04 00:00:00-05,0.2618666666666666,61.54,0.0,0.95,-2.3796,1,-3.06156,-2.37799,0.21075,0.5675333333333332
33073,2016-05-04 01:00:00-05,0.2392166666666666,59.42,0.0,0.54,-2.22096,1,-3.04503,-2.7177,0.20251666666666665,0.5520166666666666
33084,2016-05-04 02:00:00-05,0.2515,57.69,0.0,0.97,-2.3796,1,-3.05692,-2.7177,0.2023,0.21896666666666664
33095,2016-05-04 03:00:00-05,0.22941666666666666,56.54,0.0,0.9,-2.71959,1,-3.0455799999999997,-2.71813,0.2181,0.2257833333333333
33106,2016-05-04 04:00:00-05,0.2228,55.79,0.0,1.97,-2.72004,1,-2.8643400000000003,-2.38972,0.19171666666666665,0.2360166666666666
33117,2016-05-04 05:00:00-05,0.44411666666666655,55.42,0.0,2.5,-2.3803799999999997,1,-2.91577,-2.10658,0.4290333333333333,0.44866666666666655
33128,2016-05-04 06:00:00-05,0.38595,55.33,0.01,2.68,7.29367,1,-3.0634,-0.685118,0.7460833333333331,0.6045166666666666
33139,2016-05-04 07:00:00-05,0.4723666666666666,55.63,0.04,2.41,153.239,1,103.586,8.00025,0.3477333333333333,0.4559166666666666
33150,2016-05-04 08:00:00-05,0.25845,58.77,0.01,2.91,392.16,1,336.27099999999996,54.6599,0.2545,0.36033333333333323
33161,2016-05-04 09:00:00-05,0.2837333333333333,64.57,0.03,2.37,623.2080000000001,1,571.543,313.04200000000003,0.21555,0.3600166666666666
33172,2016-05-04 10:00:00-05,0.3009833333333333,69.77,0.02,2.16,812.7510000000001,1,770.0889999999999,346.736,0.21386666666666665,0.36455
33183,2016-05-04 11:00:00-05,0.3260833333333333,74.19,0.02,2.49,945.72,1,919.166,436.30199999999996,0.21635,0.3831333333333333
33194,2016-05-04 12:00:00-05,0.31785,78.28,0.02,4.76,1016.14,1,990.8580000000001,602.814,0.22308333333333327,0.37125
33205,2016-05-04 13:00:00-05,0.40776666666666656,80.4,0.02,5.13,1015.3,1,991.6489999999999,576.055,0.2769166666666666,0.3713833333333333
33216,2016-05-04 14:00:00-05,0.2487833333333333,82.08,0.02,4.81,950.985,1,932.4860000000001,270.471,0.3346333333333333,0.52785
33227,2016-05-04 15:00:00-05,0.22261666666666666,83.02,0.02,5.41,819.605,1,794.529,757.824,0.2597,0.9122833333333332
33238,2016-05-04 16:00:00-05,0.2852666666666666,83.81,0.02,5.94,632.621,1,609.905,617.582,0.2983166666666666,1.87535
33249,2016-05-04 17:00:00-05,0.26355,83.84,0.02,5.42,406.853,1,376.209,395.25199999999995,0.2557666666666666,2.036716666666667
33260,2016-05-04 18:00:00-05,0.38101666666666656,83.19,0.02,4.67,185.612,1,142.773,153.175,0.23041666666666666,1.92675
33271,2016-05-04 19:00:00-05,0.5748833333333332,81.87,0.02,3.87,10.5468,1,-2.37725,2.81087,0.2372,1.26815
33282,2016-05-04 20:00:00-05,0.3311333333333333,78.38,0.02,3.16,-3.45874,1,-3.3583300000000005,-3.3948,0.37036666666666657,1.4905333333333333
33293,2016-05-04 21:00:00-05,0.3529333333333333,73.72,0.02,2.38,-3.3977,1,-3.0876,-3.36765,0.3499833333333333,1.6084833333333333
33304,2016-05-04 22:00:00-05,0.35765,69.39,0.0,2.18,-3.39868,1,-2.86136,-3.3965400000000003,0.3375,0.72715
33315,2016-05-04 23:00:00-05,0.2333,67.46,0.0,2.59,-3.25209,1,-3.03784,-3.2216099999999996,0.2006,0.3826
33326,2016-05-05 00:00:00-05,0.19715,65.12,0.05,2.66,-2.9235599999999997,1,-3.2877,-2.8028299999999997,0.19696666666666665,0.2412333333333333
33337,2016-05-05 01:00:00-05,0.23345,63.26,0.08,2.52,-2.9524,1,-2.9424799999999998,-2.7181599999999997,0.21083333333333326,0.2602833333333333
33348,2016-05-05 02:00:00-05,0.2412,61.3,0.05,3.07,-2.7204599999999997,1,-3.19762,-1.6988299999999998,0.19441666666666665,0.2411166666666666
33359,2016-05-05 03:00:00-05,0.2451333333333333,60.07,0.01,2.31,-2.7204599999999997,1,-3.08423,-2.36707,0.20021666666666665,0.2743166666666666
33370,2016-05-05 04:00:00-05,0.2355,58.88,0.01,2.22,-3.09453,1,-3.0843700000000003,-1.69885,0.2350333333333333,0.25365
33381,2016-05-05 05:00:00-05,0.4469833333333333,57.63,0.01,2.77,-2.7204599999999997,1,-2.7393,-1.8856700000000002,0.49545,0.36548333333333327
33392,2016-05-05 06:00:00-05,2.157766666666667,57.33,0.01,3.42,9.776689999999999,1,-3.23841,-1.4324700000000001,0.4819166666666666,0.6130833333333332
33403,2016-05-05 07:00:00-05,1.2756,57.51,0.02,3.29,198.577,1,107.50299999999999,40.5787,0.7845166666666666,0.8132666666666666
33414,2016-05-05 08:00:00-05,0.3213833333333333,60.9,0.02,3.31,422.466,1,335.235,225.655,0.88185,0.3335833333333333
33425,2016-05-05 09:00:00-05,0.3064333333333333,67.67,0.03,2.66,649.424,1,567.841,206.565,2.28485,0.3196666666666666
33436,2016-05-05 10:00:00-05,0.283,73.69,0.04,2.98,825.7130000000001,1,764.102,433.722,0.2795666666666666,0.3262333333333333
33447,2016-05-05 11:00:00-05,0.2640166666666666,77.79,0.04,2.98,960.013,1,908.928,236.226,0.3210333333333333,0.3470833333333333
33458,2016-05-05 12:00:00-05,0.2595666666666666,80.95,0.03,2.48,1015.39,1,990.8510000000001,546.784,0.43131666666666657,0.3336666666666666
33469,2016-05-05 13:00:00-05,1.1009666666666669,82.72,0.03,1.49,1006.95,1,992.834,968.317,0.4597166666666666,0.4301833333333333
33480,2016-05-05 14:00:00-05,0.7266,84.49,0.03,2.22,947.347,1,910.9639999999999,967.086,0.4795,1.12275
33491,2016-05-05 15:00:00-05,1.6198333333333332,85.95,0.03,1.28,811.125,1,776.304,862.846,0.43741666666666656,0.9882166666666664
33502,2016-05-05 16:00:00-05,1.31645,86.42,0.05,4.0,633.985,1,607.082,494.079,1.9015666666666668,3.1484666666666667
33513,2016-05-05 17:00:00-05,1.30545,86.29,0.07,3.69,396.384,1,130.464,350.55699999999996,0.7148666666666667,2.83915
33524,2016-05-05 18:00:00-05,2.196,84.67,0.11,3.9,194.74,1,131.533,98.0806,0.2673833333333333,1.8209
33535,2016-05-05 19:00:00-05,1.5938333333333332,81.63,0.12,4.31,6.5993,1,-2.3832400000000002,3.75098,0.2723166666666666,2.2981166666666666
33546,2016-05-05 20:00:00-05,0.70345,77.64,0.2,2.38,-3.3948,1,-3.1206,-2.37679,0.4474333333333333,1.820633333333333
33557,2016-05-05 21:00:00-05,0.3408166666666666,73.85,0.12,2.17,-3.39609,1,-2.96295,-2.37719,0.3571333333333333,1.49585
33568,2016-05-05 22:00:00-05,0.2569,70.93,0.2,1.84,-3.39711,1,-2.72525,-2.37721,0.28315,1.0063833333333332
33579,2016-05-05 23:00:00-05,0.2101,68.23,0.07,1.22,-3.3980599999999996,1,-2.7201299999999997,-2.71719,0.2824833333333333,0.8793
33590,2016-05-06 00:00:00-05,0.19953333333333328,67.57,0.08,1.82,-3.39833,1,-2.7204900000000003,-2.71184,0.2717833333333333,0.8239
33601,2016-05-06 01:00:00-05,0.2056,64.87,0.05,0.83,-3.39906,1,-2.72051,-2.7177,0.2715166666666666,0.6581666666666666
33612,2016-05-06 02:00:00-05,0.1953,63.1,0.04,0.88,-3.39943,1,-2.7207,-2.54785,0.28855,0.6416666666666666
33623,2016-05-06 03:00:00-05,0.18971666666666664,61.76,0.07,1.59,-3.3598199999999996,1,-2.38081,-2.49689,0.39636666666666653,0.4955333333333332
33634,2016-05-06 04:00:00-05,0.2874,60.11,0.06,1.59,-3.07172,1,-2.70928,-2.37799,0.2797333333333333,0.6223666666666666
33645,2016-05-06 05:00:00-05,0.4959166666666666,59.07,0.06,0.91,-3.40061,1,-2.7205,-2.37799,0.32255,0.5542
33656,2016-05-06 06:00:00-05,0.55425,57.84,0.1,1.09,15.1633,1,-2.94722,-1.04179,0.7618166666666666,1.340566666666667
33667,2016-05-06 07:00:00-05,0.3558166666666666,57.5,0.17,0.15,199.378,1,46.1413,16.0771,0.3667166666666666,1.1462166666666669
33678,2016-05-06 08:00:00-05,0.24995,60.3,0.16,0.82,417.716,1,148.016,75.1715,0.2779333333333333,0.6199166666666666
33689,2016-05-06 09:00:00-05,0.2527333333333333,67.8,0.19,1.96,642.911,1,346.191,87.7135,0.25525,0.7593
33700,2016-05-06 10:00:00-05,0.2665,72.58,0.18,2.79,833.012,1,719.177,305.067,0.2394833333333333,0.7540666666666666
33711,2016-05-06 11:00:00-05,0.2695666666666666,76.09,0.15,3.82,956.817,1,1107.42,336.98800000000006,0.26265,0.7088
33722,2016-05-06 12:00:00-05,0.2680166666666666,78.43,0.15,4.65,1029.42,1,974.2439999999999,186.637,0.20458333333333328,0.6338333333333332
33733,2016-05-06 13:00:00-05,0.34495,80.16,0.17,4.59,1018.33,1,987.127,327.95300000000003,0.3276166666666666,0.6563833333333332
33744,2016-05-06 14:00:00-05,0.5775833333333332,81.79,0.17,4.74,946.942,1,800.368,401.267,0.2952,0.7944833333333331
33755,2016-05-06 15:00:00-05,0.7798666666666666,83.36,0.16,5.38,822.9989999999999,1,704.685,427.79,0.2164,0.7453666666666666
33766,2016-05-06 16:00:00-05,0.9204333333333332,83.44,0.16,4.92,623.5369999999999,1,587.151,445.194,0.47395,0.8671
33777,2016-05-06 17:00:00-05,0.9863,83.51,0.19,5.08,397.481,1,149.533,173.265,0.3473333333333333,1.69085
33788,2016-05-06 18:00:00-05,1.0824166666666668,82.66,0.2,5.97,179.63299999999998,1,57.6981,81.4636,0.3033666666666666,1.4418
33799,2016-05-06 19:00:00-05,0.6044333333333332,81.02,0.17,4.76,5.36273,1,-2.4727900000000003,0.113177,0.2705333333333333,0.8646666666666666
33810,2016-05-06 20:00:00-05,0.5622666666666666,77.44,0.01,4.37,-3.39561,1,-2.71712,-2.37717,0.4624666666666666,0.9414
33821,2016-05-06 21:00:00-05,0.37485,73.57,0.0,3.41,-3.3967,1,-2.7177,-2.37721,0.3286333333333333,0.5945833333333332
33832,2016-05-06 22:00:00-05,0.7211666666666665,70.83,0.0,3.07,-3.51079,1,-2.52028,-2.37728,0.21818333333333328,0.4356
33843,2016-05-06 23:00:00-05,0.8809833333333331,68.51,0.0,2.6,-3.26824,1,-2.11855,-2.37758,0.36555,0.7103166666666666
33854,2016-05-07 00:00:00-05,0.37361666666666654,67.65,0.29,3.9,-2.98578,0,-2.55481,-2.71729,0.2685166666666666,0.4529666666666666
33865,2016-05-07 01:00:00-05,0.3051666666666666,66.34,0.29,3.78,-2.86685,0,-2.7191099999999997,-2.7177,0.21305,0.39265
33876,2016-05-07 02:00:00-05,0.2804333333333333,65.05,0.29,3.7,-2.9348400000000003,0,-2.37958,-2.37799,0.21213333333333328,0.38425
33887,2016-05-07 03:00:00-05,0.22641666666666665,62.45,0.29,3.92,-3.07665,0,-2.84985,-1.6985599999999998,0.20205,0.2676666666666666
33898,2016-05-07 04:00:00-05,0.24145,61.46,0.31,3.94,-2.72027,0,-2.9575,-1.82313,0.19553333333333328,0.2380166666666666
33909,2016-05-07 05:00:00-05,0.21838333333333326,60.02,0.35,3.35,-2.7204599999999997,0,-2.7819,-1.95335,0.4252,0.22601666666666664
33920,2016-05-07 06:00:00-05,0.2387,59.41,0.43,2.65,9.43667,0,-3.4,-0.503907,0.5177333333333332,0.3015166666666666
33931,2016-05-07 07:00:00-05,0.5353833333333332,59.64,0.46,2.5,194.315,0,91.2901,26.4151,0.32915,0.5319333333333331
33942,2016-05-07 08:00:00-05,0.5728666666666666,62.57,0.43,3.78,415.469,0,246.102,22.0154,0.2088,0.5766
33953,2016-05-07 09:00:00-05,0.4711166666666666,67.83,0.37,7.01,541.866,0,267.632,484.231,0.19175,0.6327333333333331
33964,2016-05-07 10:00:00-05,0.50915,72.48,0.32,8.37,632.452,0,759.039,319.435,0.22291666666666665,0.5257166666666666
33975,2016-05-07 11:00:00-05,0.6871333333333332,75.74,0.31,9.48,550.164,0,741.3660000000001,526.467,0.26625,0.3663166666666666
33986,2016-05-07 12:00:00-05,0.2966833333333333,78.91,0.32,10.32,1054.81,0,637.256,1046.16,0.21316666666666664,0.7386
33997,2016-05-07 13:00:00-05,0.21668333333333328,80.85,0.33,10.64,1057.78,0,521.078,548.9580000000001,0.20721666666666666,0.7280333333333332
34008,2016-05-07 14:00:00-05,0.4864,82.2,0.34,10.09,989.9639999999999,0,503.61300000000006,376.598,0.3859333333333333,1.0874333333333333
34019,2016-05-07 15:00:00-05,0.7700833333333331,82.92,0.36,9.69,816.27,0,419.022,845.0210000000001,0.24755,1.3196
34030,2016-05-07 16:00:00-05,0.8073,82.91,0.29,9.48,624.637,0,303.41200000000003,653.3919999999999,0.22201666666666664,2.119966666666667
34041,2016-05-07 17:00:00-05,0.9940833333333332,82.61,0.32,9.63,439.031,0,402.68199999999996,368.564,0.38245,2.636216666666667
34052,2016-05-07 18:00:00-05,0.747533333333333,81.72,0.34,9.93,91.5411,0,152.015,148.972,0.44305,2.329283333333333
34063,2016-05-07 19:00:00-05,0.835283333333333,79.92,0.22,10.2,6.316319999999999,0,-2.7166900000000003,5.12384,0.2762833333333333,2.519366666666667
34074,2016-05-07 20:00:00-05,0.6931166666666666,76.83,0.04,11.08,-2.5137400000000003,0,-3.05735,-2.71552,0.3892333333333333,1.9245
34085,2016-05-07 21:00:00-05,0.3566,74.19,0.19,11.42,-2.5706700000000002,0,-2.71848,-2.71623,1.19855,0.8605333333333332
34096,2016-05-07 22:00:00-05,0.9853333333333332,72.49,0.29,12.03,-2.7125,0,-2.70769,-2.71678,0.33835,0.8241166666666666
34107,2016-05-07 23:00:00-05,0.57185,70.9,0.4,11.28,-2.46941,0,-2.48719,-2.71718,0.20481666666666665,1.0802666666666667
34118,2016-05-08 00:00:00-05,0.2402,69.84,0.29,8.75,-2.37879,0,-2.55524,-2.37793,0.20975,0.5134333333333332
34129,2016-05-08 01:00:00-05,0.2317666666666666,68.93,0.73,7.39,-1.90304,0,-2.3796,-1.6985599999999998,0.1922,0.2298333333333333
34140,2016-05-08 02:00:00-05,0.2476833333333333,68.84,0.66,7.32,-2.3788,0,-2.4929099999999997,-2.35534,0.19155,0.2259
34151,2016-05-08 03:00:00-05,0.22946666666666665,67.83,0.75,7.58,-2.39595,0,-2.54393,-2.11754,0.20576666666666665,0.2261833333333333
34162,2016-05-08 04:00:00-05,0.22423333333333328,67.31,0.76,7.28,-2.3791599999999997,0,-2.40793,-1.8627599999999997,0.1889333333333333,0.2396333333333333
34173,2016-05-08 05:00:00-05,0.2322166666666666,66.57,0.75,6.67,-2.3961900000000003,0,-2.3796,-2.25343,0.4251333333333333,0.22761666666666666
34184,2016-05-08 06:00:00-05,0.23055,66.62,0.58,6.81,0.747737,0,-2.3796,3.23855,0.6762333333333332,0.3350833333333333
34195,2016-05-08 07:00:00-05,0.22016666666666665,66.97,0.67,6.39,29.9108,0,33.5297,122.189,0.2508166666666666,0.6668833333333332
34206,2016-05-08 08:00:00-05,2.078316666666667,68.04,0.73,8.39,149.43200000000002,0,193.75,148.509,0.25965,0.9682833333333332
34217,2016-05-08 09:00:00-05,1.9021833333333331,70.16,0.72,10.53,194.019,0,194.29,638.837,0.2339,0.6504833333333332
34228,2016-05-08 10:00:00-05,0.5419166666666666,72.05,0.8,9.41,187.667,0,275.47,713.438,0.2068,0.434
34239,2016-05-08 11:00:00-05,0.4080666666666666,73.2,0.69,9.39,101.944,0,274.907,375.162,0.21118333333333328,0.3463166666666666
34250,2016-05-08 12:00:00-05,0.5942166666666666,73.88,0.8,8.41,490.087,0,812.552,534.332,0.31825,0.3552166666666666
34261,2016-05-08 13:00:00-05,0.6484833333333332,74.68,0.86,7.98,1147.58,0,451.082,567.323,0.44581666666666653,0.3739
34272,2016-05-08 14:00:00-05,1.5924833333333333,75.22,0.77,7.62,430.413,0,546.845,385.12300000000005,0.26225,1.0958
34283,2016-05-08 15:00:00-05,1.7002,76.4,0.63,8.72,430.839,0,616.215,577.11,0.2403166666666666,2.7304833333333334
34294,2016-05-08 16:00:00-05,0.6928833333333332,77.02,0.6,9.23,293.005,0,304.531,555.275,0.20326666666666665,0.5277666666666666
34305,2016-05-08 17:00:00-05,0.6361,76.79,0.55,9.2,194.24200000000002,0,173.82,296.335,0.5790333333333332,0.4917166666666666
34316,2016-05-08 18:00:00-05,0.39976666666666655,74.66,0.54,10.61,73.6891,0,37.7349,66.812,0.41626666666666656,0.7503
34327,2016-05-08 19:00:00-05,0.3298666666666666,73.32,0.64,11.88,2.91519,0,-1.62519,4.73536,2.531616666666667,0.5031666666666667
34338,2016-05-08 20:00:00-05,0.5488166666666666,71.36,0.76,12.24,-2.3949599999999998,0,-2.37887,-2.71657,1.0698833333333333,0.3481333333333333
34349,2016-05-08 21:00:00-05,0.5093,71.27,0.73,11.31,-2.38944,0,-2.71912,-2.69988,0.9181833333333332,0.3735333333333333
34360,2016-05-08 22:00:00-05,0.35785,70.86,0.76,10.19,-2.7181599999999997,0,-2.7195400000000003,-2.7173,0.4523833333333333,0.2516833333333333
34371,2016-05-08 23:00:00-05,0.2652,70.35,0.89,10.84,-2.61639,0,-2.71963,-2.37799,0.21808333333333327,0.2347333333333333
34382,2016-05-09 00:00:00-05,0.2342666666666666,70.82,0.9,9.21,-2.5373799999999997,1,-2.3801900000000002,-2.361,0.24425,0.2289
34393,2016-05-09 01:00:00-05,0.2424833333333333,70.8,0.89,7.98,-2.01065,1,-2.7204599999999997,-2.37799,0.20623333333333327,0.23375
34404,2016-05-09 02:00:00-05,0.2542833333333333,70.33,0.78,7.42,-4.41785,1,-2.52779,-2.80829,0.20121666666666665,0.23055
34415,2016-05-09 03:00:00-05,0.2833,69.36,0.69,6.42,-2.3791900000000004,1,-2.42013,-2.56488,0.20756666666666665,0.2235
34426,2016-05-09 04:00:00-05,0.2440833333333333,69.13,0.72,6.62,-2.71908,1,-2.38614,-2.7177700000000002,0.2540333333333333,0.2417
34437,2016-05-09 05:00:00-05,0.5829166666666666,68.71,0.84,6.12,-2.12997,1,-2.38049,-2.37812,0.87905,0.5123833333333332
34448,2016-05-09 06:00:00-05,0.7103666666666666,68.85,0.91,6.65,1.69943,1,-2.72622,1.6702599999999999,0.3548666666666666,0.6149166666666666
34459,2016-05-09 07:00:00-05,0.2344666666666666,68.82,0.89,6.21,89.1016,1,95.9474,69.3095,0.4261666666666665,0.3603166666666666
34470,2016-05-09 08:00:00-05,0.2358,70.06,0.78,7.1,153.852,1,121.927,79.6132,0.4103333333333333,0.2362333333333333
34481,2016-05-09 09:00:00-05,0.2575666666666666,72.78,0.79,9.8,520.4259999999999,1,456.152,339.288,0.64615,0.223
34492,2016-05-09 10:00:00-05,0.24175,75.32,0.84,11.46,716.4110000000001,1,499.726,342.535,0.41556666666666653,0.3459333333333333
34503,2016-05-09 11:00:00-05,0.22725,77.66,0.77,12.04,707.15,1,1014.91,241.835,0.3273333333333333,0.2075
34514,2016-05-09 12:00:00-05,0.2437,80.15,0.73,12.11,1101.42,1,362.219,402.7,0.3395833333333333,0.2015
34525,2016-05-09 13:00:00-05,0.38915,82.0,0.59,12.19,664.043,1,411.07300000000004,297.39599999999996,0.3199333333333333,0.21406666666666666
34536,2016-05-09 14:00:00-05,0.34265,84.2,0.45,11.83,496.92699999999996,1,606.428,465.695,0.3325,0.2791166666666666
34547,2016-05-09 15:00:00-05,0.9562333333333332,85.71,0.32,11.68,450.69300000000004,1,318.778,339.87300000000005,0.36165,0.2787
34558,2016-05-09 16:00:00-05,1.2782,86.2,0.25,11.43,228.328,1,289.411,251.378,0.3371833333333333,0.3246166666666666
34569,2016-05-09 17:00:00-05,1.3238666666666667,86.61,0.23,10.43,277.439,1,133.793,60.4915,0.38201666666666656,0.2683166666666666
34580,2016-05-09 18:00:00-05,1.56385,86.24,0.25,10.01,86.1938,1,69.4359,43.5714,1.9290333333333332,0.5961
34591,2016-05-09 19:00:00-05,1.3935166666666667,84.45,0.2,9.43,4.10283,1,-1.2003,0.322836,1.9827833333333331,0.96205
34602,2016-05-09 20:00:00-05,1.2300666666666669,81.54,0.02,8.87,-2.43391,1,-2.71821,-2.37915,0.5294166666666666,0.6802666666666666
34613,2016-05-09 21:00:00-05,0.7648333333333331,78.28,0.01,8.16,-2.37759,1,-2.6903,-2.3792,0.5672333333333331,0.5181333333333332
34624,2016-05-09 22:00:00-05,0.5563833333333332,76.08,0.02,8.66,-2.37797,1,-2.71908,-2.37947,0.2856333333333333,0.4596
34635,2016-05-09 23:00:00-05,0.6063833333333332,74.28,0.14,9.48,-2.5308599999999997,1,-2.71953,-2.3796,0.22531666666666664,0.4236833333333333
34646,2016-05-10 00:00:00-05,0.40471666666666656,73.62,0.78,8.45,-2.57616,1,-2.7195400000000003,-2.3796,0.2317666666666666,0.3994666666666665
34657,2016-05-10 01:00:00-05,0.2391166666666666,73.48,0.87,7.62,-2.37799,1,-2.7196,-2.3796,0.22866666666666666,0.19816666666666666
34668,2016-05-10 02:00:00-05,0.2325833333333333,73.12,0.91,8.03,-2.6724099999999997,1,-2.71969,-2.23248,0.22311666666666666,0.2539166666666666
34679,2016-05-10 03:00:00-05,0.2399333333333333,73.14,0.93,7.68,-2.3780099999999997,1,-2.72005,-2.38006,0.2307,0.19928333333333328
34690,2016-05-10 04:00:00-05,0.2352666666666666,72.8,0.96,7.94,-2.6894,1,-2.72015,-2.37469,0.2270833333333333,0.19431666666666664
34701,2016-05-10 05:00:00-05,0.4392,72.75,0.97,7.09,-2.7177700000000002,1,-2.38005,-1.90432,0.2352833333333333,0.41606666666666653
34712,2016-05-10 06:00:00-05,0.5269166666666666,72.9,0.97,7.3,8.70801,1,-2.37983,-0.34005799999999997,0.2570833333333333,0.6280666666666666
34723,2016-05-10 07:00:00-05,0.3305166666666666,72.74,0.97,6.27,112.42200000000001,1,45.4339,38.8459,0.5716166666666666,0.39761666666666656
34734,2016-05-10 08:00:00-05,0.3213666666666666,73.65,0.98,5.74,337.542,1,53.7734,63.9875,0.385,0.39301666666666657
34745,2016-05-10 09:00:00-05,0.5329166666666666,74.81,0.96,5.89,355.426,1,281.76,96.4057,0.43005,0.19416666666666665
34756,2016-05-10 10:00:00-05,0.6739833333333332,77.83,0.78,5.96,866.8589999999999,1,929.066,175.645,0.29095,0.1976
34767,2016-05-10 11:00:00-05,1.3260666666666667,81.14,0.69,6.57,326.01099999999997,1,985.107,147.592,0.41096666666666654,0.2627166666666666
34778,2016-05-10 12:00:00-05,1.0489666666666668,85.17,0.59,7.75,1075.02,1,817.039,216.079,0.3304666666666666,0.3126833333333333
34789,2016-05-10 13:00:00-05,1.5472833333333331,87.4,0.51,9.21,995.28,1,404.952,338.342,0.2651,0.3493
34800,2016-05-10 14:00:00-05,1.32685,88.24,0.49,9.6,902.837,1,257.072,159.481,0.25985,0.2703166666666666
34811,2016-05-10 15:00:00-05,1.3294,88.56,0.44,10.08,770.227,1,610.125,274.349,0.6602166666666666,0.21926666666666664
34822,2016-05-10 16:00:00-05,1.7723666666666669,88.17,0.21,10.23,592.159,1,405.167,295.525,0.740433333333333,0.2405333333333333
34833,2016-05-10 17:00:00-05,1.84355,87.73,0.33,10.69,370.39599999999996,1,197.41400000000002,182.428,0.44355,0.3386333333333333
34844,2016-05-10 18:00:00-05,1.7395,86.62,0.28,9.13,86.978,1,94.1354,73.5601,1.90255,0.2860666666666666
34855,2016-05-10 19:00:00-05,2.09005,84.66,0.68,9.13,4.7413,1,1.0190299999999999,0.339804,0.8448333333333331,0.2392333333333333
34866,2016-05-10 20:00:00-05,1.4841,81.84,0.62,8.29,-2.50161,1,-2.71798,-2.37901,1.4009333333333331,0.38721666666666654
34877,2016-05-10 21:00:00-05,0.97415,79.79,0.74,7.71,-2.55288,1,-2.5373099999999997,-2.3792,2.206716666666667,0.3416166666666666
34888,2016-05-10 22:00:00-05,0.5905,77.89,0.78,5.84,-2.37767,1,-2.37879,-2.37953,0.3531666666666666,0.2698333333333333
34899,2016-05-10 23:00:00-05,0.53055,74.44,0.7,4.86,-2.37798,1,-2.55437,-2.18696,0.21968333333333329,0.2547833333333333
34910,2016-05-11 00:00:00-05,0.2351833333333333,71.33,0.45,5.41,-2.54218,1,-1.8520599999999998,-2.3796,0.2781,0.2618666666666666
34921,2016-05-11 01:00:00-05,0.2481666666666666,69.25,0.55,5.35,-2.37799,1,-2.37879,-2.22096,0.2549,0.2392166666666666
34932,2016-05-11 02:00:00-05,0.2331333333333333,67.99,0.53,5.04,-2.7177,1,-2.37879,-2.3796,0.22296666666666665,0.2515
34943,2016-05-11 03:00:00-05,0.2308833333333333,67.4,0.49,4.16,-2.7177,1,-2.3731299999999997,-2.71959,0.20748333333333327,0.22941666666666666
34954,2016-05-11 04:00:00-05,0.3805833333333333,66.73,0.39,2.49,-2.7180299999999997,1,-2.71862,-2.72004,0.2053,0.2228
34965,2016-05-11 05:00:00-05,0.5061666666666667,66.55,0.58,3.95,-2.7181599999999997,1,-2.6168099999999996,-2.3803799999999997,0.4481333333333333,0.44411666666666655
34976,2016-05-11 06:00:00-05,0.5595,66.13,0.48,4.92,6.18382,1,-2.7189200000000002,7.29367,0.611,0.38595
34987,2016-05-11 07:00:00-05,0.3043166666666666,67.64,0.46,7.31,151.063,1,48.3294,153.239,0.2627833333333333,0.4723666666666666
34998,2016-05-11 08:00:00-05,0.2284333333333333,69.56,0.44,5.63,359.926,1,205.25,392.16,0.2271833333333333,0.25845
35009,2016-05-11 09:00:00-05,0.22361666666666666,72.36,0.39,5.46,531.472,1,505.68199999999996,623.2080000000001,0.2693166666666666,0.2837333333333333
35020,2016-05-11 10:00:00-05,0.2549833333333333,76.01,0.34,5.83,231.201,1,385.163,812.7510000000001,0.2603666666666666,0.3009833333333333
35031,2016-05-11 11:00:00-05,0.2494333333333333,78.88,0.3,6.91,649.225,1,278.817,945.72,0.2985666666666666,0.3260833333333333
35042,2016-05-11 12:00:00-05,0.2479833333333333,82.0,0.31,6.93,555.505,1,407.00800000000004,1016.14,0.4183333333333333,0.31785
35053,2016-05-11 13:00:00-05,0.68435,83.66,0.41,7.99,516.717,1,415.334,1015.3,0.3004333333333333,0.40776666666666656
35064,2016-05-11 14:00:00-05,1.1303,84.42,0.54,7.36,456.02099999999996,1,632.616,950.985,0.2539,0.2487833333333333
35075,2016-05-11 15:00:00-05,1.2158166666666668,84.42,0.65,7.37,439.48699999999997,1,498.30800000000005,819.605,0.2786666666666666,0.22261666666666666
35086,2016-05-11 16:00:00-05,1.7202166666666667,84.25,0.57,7.03,444.186,1,308.006,632.621,0.30125,0.2852666666666666
35097,2016-05-11 17:00:00-05,1.6065833333333333,84.81,0.62,6.17,210.47299999999998,1,226.665,406.853,0.3223166666666666,0.26355
35108,2016-05-11 18:00:00-05,1.2980166666666668,83.59,0.61,6.48,140.184,1,70.9377,185.612,0.8120666666666666,0.38101666666666656
35119,2016-05-11 19:00:00-05,2.2664166666666667,83.27,0.49,6.76,6.36978,1,-2.1107299999999998,10.5468,0.3090333333333333,0.5748833333333332
35130,2016-05-11 20:00:00-05,1.8852166666666668,81.16,0.6,7.07,-2.71615,1,-2.71702,-3.45874,0.4463833333333333,0.3311333333333333
35141,2016-05-11 21:00:00-05,1.3052833333333331,79.42,0.74,7.36,-2.71679,1,-2.7743,-3.3977,0.7829666666666666,0.3529333333333333
35152,2016-05-11 22:00:00-05,0.8016,77.58,0.52,7.54,-2.70024,1,-2.71794,-3.39868,0.4206666666666666,0.35765
35163,2016-05-11 23:00:00-05,0.4831,75.35,0.17,8.1,-2.38931,1,-2.71844,-3.25209,0.2391833333333333,0.2333
35174,2016-05-12 00:00:00-05,0.4835333333333332,73.37,0.54,6.19,-2.54785,1,-2.37879,-2.9235599999999997,0.21465,0.19715
35185,2016-05-12 01:00:00-05,0.4518166666666666,72.07,0.73,5.38,-2.19685,1,-2.3786400000000003,-2.9524,0.21075,0.23345
35196,2016-05-12 02:00:00-05,0.25425,71.62,0.7,5.06,-1.9476900000000001,1,-2.3784,-2.7204599999999997,0.22655,0.2412
35207,2016-05-12 03:00:00-05,0.22288333333333327,71.37,0.56,3.16,-2.3383599999999998,1,-2.7181599999999997,-2.7204599999999997,0.2064,0.2451333333333333
35218,2016-05-12 04:00:00-05,0.2507166666666666,71.0,0.64,1.72,-2.4516,1,-2.37856,-3.09453,0.20481666666666665,0.2355
35229,2016-05-12 05:00:00-05,0.2976166666666666,70.47,0.7,2.36,-2.37799,1,-2.41277,-2.7204599999999997,0.855383333333333,0.4469833333333333
35240,2016-05-12 06:00:00-05,0.6457666666666666,70.25,0.66,1.63,8.0229,1,-2.71846,9.776689999999999,0.7131833333333332,2.157766666666667
35251,2016-05-12 07:00:00-05,0.6584333333333332,70.36,0.82,2.24,115.24799999999999,1,30.8523,198.577,0.3909166666666665,1.2756
35262,2016-05-12 08:00:00-05,0.39361666666666656,71.85,0.73,2.56,166.965,1,94.8923,422.466,0.3626166666666666,0.3213833333333333
35273,2016-05-12 09:00:00-05,0.5138833333333332,74.24,0.63,2.04,280.441,1,131.11,649.424,0.237,0.3064333333333333
35284,2016-05-12 10:00:00-05,0.68665,76.41,0.61,1.7,854.2260000000001,1,138.751,825.7130000000001,0.2325666666666666,0.283
35295,2016-05-12 11:00:00-05,0.5527,76.59,0.55,3.63,219.847,1,424.327,960.013,0.2431666666666666,0.2640166666666666
35306,2016-05-12 12:00:00-05,0.5622833333333332,75.91,0.33,4.56,417.98699999999997,1,308.291,1015.39,0.2343,0.2595666666666666
35317,2016-05-12 13:00:00-05,1.8166833333333332,77.94,0.34,4.03,317.16,1,439.899,1006.95,0.27945,1.1009666666666669
35328,2016-05-12 14:00:00-05,2.2900666666666667,80.24,0.25,4.14,996.457,1,493.034,947.347,0.4683833333333332,0.7266
35339,2016-05-12 15:00:00-05,1.2649833333333331,82.08,0.32,2.93,313.847,1,496.085,811.125,0.3157833333333333,1.6198333333333332
35350,2016-05-12 16:00:00-05,1.2114333333333331,83.01,0.41,3.15,571.521,1,69.1951,633.985,0.9085333333333332,1.31645
35361,2016-05-12 17:00:00-05,1.3659666666666668,82.84,0.44,4.07,264.496,1,160.062,396.384,0.7512666666666666,1.30545
35372,2016-05-12 18:00:00-05,1.15395,82.08,0.55,4.13,73.9801,1,31.9674,194.74,1.1640333333333333,2.196
35383,2016-05-12 19:00:00-05,1.1317833333333331,80.65,0.52,4.62,4.48686,1,2.4287799999999997,6.5993,0.60125,1.5938333333333332
35394,2016-05-12 20:00:00-05,1.7934666666666668,78.68,0.71,3.81,-2.71675,1,-2.37799,-3.3948,0.3904166666666665,0.70345
35405,2016-05-12 21:00:00-05,1.255,76.71,0.82,3.2,-2.71718,1,-1.8857099999999998,-3.39609,0.3492166666666666,0.3408166666666666
35416,2016-05-12 22:00:00-05,0.5965833333333332,75.21,0.73,3.06,-2.71767,1,-1.72744,-3.39711,0.22381666666666666,0.2569
35427,2016-05-12 23:00:00-05,0.4014,73.49,0.77,3.13,-3.2046200000000002,1,-1.99932,-3.3980599999999996,0.2474833333333333,0.2101
35438,2016-05-13 00:00:00-05,0.29125,73.2,0.53,2.26,-2.37837,1,-2.1126,-3.39833,0.2547,0.19953333333333328
35449,2016-05-13 01:00:00-05,0.24435,72.54,0.42,1.41,-2.7181599999999997,1,-2.3334799999999998,-3.39906,0.21386666666666665,0.2056
35460,2016-05-13 02:00:00-05,0.2339666666666666,72.06,0.67,1.97,-2.37869,1,-2.37879,-3.39943,0.2116,0.1953
35471,2016-05-13 03:00:00-05,0.22685,71.49,0.61,1.63,-2.7639299999999998,1,-2.37879,-3.3598199999999996,0.2276833333333333,0.18971666666666664
35482,2016-05-13 04:00:00-05,0.2754166666666666,70.9,0.48,1.5,-2.2541900000000004,1,-3.18872,-3.07172,0.2321333333333333,0.2874
35493,2016-05-13 05:00:00-05,0.48745,70.18,0.6,1.35,-2.1295900000000003,1,-2.37888,-3.40061,0.6078,0.4959166666666666
35504,2016-05-13 06:00:00-05,0.5942333333333332,69.86,0.66,2.27,7.135339999999999,1,-2.70732,15.1633,0.6038833333333332,0.55425
35515,2016-05-13 07:00:00-05,0.3113166666666666,69.32,0.68,1.96,195.046,1,7.595160000000001,199.378,0.3690333333333333,0.3558166666666666
35526,2016-05-13 08:00:00-05,0.2526333333333333,70.8,0.5,2.98,168.155,1,37.2395,417.716,0.25935,0.24995
35537,2016-05-13 09:00:00-05,0.2421166666666666,73.56,0.55,4.4,721.669,1,54.1913,642.911,0.2361333333333333,0.2527333333333333
35548,2016-05-13 10:00:00-05,0.5429,76.36,0.3,4.68,815.73,1,86.4967,833.012,0.22036666666666666,0.2665
35559,2016-05-13 11:00:00-05,0.9894333333333332,79.06,0.22,4.49,1015.69,1,332.352,956.817,0.2363166666666666,0.2695666666666666
35570,2016-05-13 12:00:00-05,0.712,81.37,0.2,3.6,377.12800000000004,1,143.304,1029.42,0.246,0.2680166666666666
35581,2016-05-13 13:00:00-05,1.08415,82.72,0.27,3.21,313.269,1,169.562,1018.33,0.3398166666666666,0.34495
35592,2016-05-13 14:00:00-05,1.4960833333333332,84.04,0.5,2.97,1027.64,1,319.115,946.942,0.3318833333333333,0.5775833333333332
35603,2016-05-13 15:00:00-05,1.6736333333333333,85.33,0.62,3.67,545.376,1,468.649,822.9989999999999,0.3350333333333333,0.7798666666666666
35614,2016-05-13 16:00:00-05,1.21015,86.45,0.62,3.71,611.29,1,662.544,623.5369999999999,0.2946833333333333,0.9204333333333332
35625,2016-05-13 17:00:00-05,1.9446166666666669,85.78,0.43,3.74,395.384,1,339.1,397.481,0.3368166666666666,0.9863
35636,2016-05-13 18:00:00-05,1.7872666666666668,85.02,0.26,4.07,169.78400000000002,1,166.132,179.63299999999998,0.4071833333333333,1.0824166666666668
35647,2016-05-13 19:00:00-05,1.3224,83.69,0.08,4.21,5.861219999999999,1,0.33960100000000004,5.36273,0.18843333333333329,0.6044333333333332
35658,2016-05-13 20:00:00-05,2.0503,82.19,0.07,3.29,-2.7162900000000003,1,-2.3776,-3.39561,0.5366666666666666,0.5622666666666666
35669,2016-05-13 21:00:00-05,1.00565,80.14,0.05,2.6,-2.7168200000000002,1,-2.42328,-3.3967,0.5996666666666666,0.37485
35680,2016-05-13 22:00:00-05,0.2959166666666666,78.49,0.06,2.08,-2.44555,1,-2.37816,-3.51079,0.26205,0.7211666666666665
35691,2016-05-13 23:00:00-05,0.3075,76.82,0.23,2.97,-2.7177,1,-2.37875,-3.26824,0.21555,0.8809833333333331
35702,2016-05-14 00:00:00-05,0.4528666666666666,75.06,0.22,2.11,-2.7177,0,-2.64499,-2.98578,0.2447,0.37361666666666654
35713,2016-05-14 01:00:00-05,0.4660666666666666,73.93,0.27,1.64,-2.2194599999999998,0,-2.71907,-2.86685,0.22433333333333327,0.3051666666666666
35724,2016-05-14 02:00:00-05,0.2941833333333333,72.74,0.31,1.79,-2.37799,0,-2.23228,-2.9348400000000003,0.20835,0.2804333333333333
35735,2016-05-14 03:00:00-05,0.2895166666666666,71.81,0.29,2.0,-2.37799,0,-2.21529,-3.07665,0.3399333333333333,0.22641666666666665
35746,2016-05-14 04:00:00-05,0.2864833333333333,70.96,0.29,2.39,-2.71798,0,-3.22379,-2.72027,0.29345,0.24145
35757,2016-05-14 05:00:00-05,0.2939333333333333,69.95,0.38,1.31,-2.7181599999999997,0,-2.72035,-2.7204599999999997,0.4665,0.21838333333333326
35768,2016-05-14 06:00:00-05,0.29985,69.62,0.87,1.93,14.3893,0,-2.7034599999999998,9.43667,0.4619666666666666,0.2387
35779,2016-05-14 07:00:00-05,2.3436833333333333,69.91,0.82,2.09,61.3495,0,123.03399999999999,194.315,0.4572833333333333,0.5353833333333332
35790,2016-05-14 08:00:00-05,1.2306,72.02,0.71,0.88,181.36700000000002,0,325.661,415.469,0.2058,0.5728666666666666
35801,2016-05-14 09:00:00-05,0.4721833333333332,74.74,0.35,1.8,290.177,0,572.4680000000001,541.866,0.3598333333333333,0.4711166666666666
35812,2016-05-14 10:00:00-05,0.5124666666666666,77.45,0.22,1.38,411.881,0,837.5160000000001,632.452,0.5043166666666666,0.50915
35823,2016-05-14 11:00:00-05,0.7866666666666666,79.26,0.34,1.53,422.658,0,1051.87,550.164,0.66285,0.6871333333333332
35834,2016-05-14 12:00:00-05,0.6728333333333332,79.88,0.42,1.86,638.66,0,444.25800000000004,1054.81,0.9179,0.2966833333333333
35845,2016-05-14 13:00:00-05,0.4184833333333333,77.65,0.69,0.92,562.15,0,1049.77,1057.78,0.2457833333333333,0.21668333333333328
35856,2016-05-14 14:00:00-05,0.2923166666666666,73.97,0.56,0.83,496.059,0,1010.56,989.9639999999999,0.3769,0.4864
35867,2016-05-14 15:00:00-05,0.9439,73.58,0.4,2.0,248.074,0,772.918,816.27,0.3555666666666666,0.7700833333333331
35878,2016-05-14 16:00:00-05,1.0158833333333332,71.91,0.4,1.93,59.9339,0,525.612,624.637,1.6736166666666668,0.8073
35889,2016-05-14 17:00:00-05,0.43605,70.72,0.94,5.16,3.24757,0,367.531,439.031,1.3701,0.9940833333333332
35900,2016-05-14 18:00:00-05,0.5509666666666666,69.01,0.46,4.39,2.71869,0,140.857,91.5411,0.4773,0.747533333333333
35911,2016-05-14 19:00:00-05,0.41105,67.96,0.31,3.77,-1.8980099999999998,0,-0.209404,6.316319999999999,0.6378333333333333,0.835283333333333
35922,2016-05-14 20:00:00-05,0.3757,67.76,0.29,3.76,-2.19263,0,-3.00077,-2.5137400000000003,0.5465666666666666,0.6931166666666666
35933,2016-05-14 21:00:00-05,0.3241833333333333,67.69,0.67,3.32,-2.3796,0,-2.83754,-2.5706700000000002,0.4707833333333332,0.3566
35944,2016-05-14 22:00:00-05,0.3232,66.66,0.49,3.05,-2.3796,0,-2.71937,-2.7125,0.37366666666666654,0.9853333333333332
35955,2016-05-14 23:00:00-05,0.2654,65.63,0.27,3.69,-1.69944,0,-2.71964,-2.46941,0.41176666666666656,0.57185
35966,2016-05-15 00:00:00-05,0.247,66.44,0.29,2.51,-2.3792,0,-2.71997,-2.37879,0.2950833333333333,0.2402
35977,2016-05-15 01:00:00-05,0.23001666666666665,64.4,0.29,3.1,-2.90036,0,-3.3382199999999997,-1.90304,0.2953833333333333,0.2317666666666666
35988,2016-05-15 02:00:00-05,0.2287,63.49,0.34,2.65,-2.71921,0,-3.18523,-2.3788,0.23041666666666666,0.2476833333333333
35999,2016-05-15 03:00:00-05,0.2552833333333333,63.3,0.65,1.2,-3.21766,0,-3.06066,-2.39595,0.22453333333333328,0.22946666666666665
36010,2016-05-15 04:00:00-05,0.2178,62.4,0.31,2.64,-3.0476400000000003,0,-2.4374599999999997,-2.3791599999999997,0.2548,0.22423333333333328
36021,2016-05-15 05:00:00-05,0.21733333333333327,62.4,0.69,2.11,-2.6851,0,-2.38047,-2.3961900000000003,0.4468333333333333,0.2322166666666666
36032,2016-05-15 06:00:00-05,0.2389833333333333,62.57,0.48,2.55,8.41207,0,-1.63795,0.747737,0.4556333333333333,0.23055
36043,2016-05-15 07:00:00-05,0.3383833333333333,62.05,0.67,3.93,198.19400000000002,0,67.0141,29.9108,0.3393166666666666,0.22016666666666665
36054,2016-05-15 08:00:00-05,0.5113166666666666,62.91,0.96,4.01,408.95099999999996,0,203.896,149.43200000000002,0.28595,2.078316666666667
36065,2016-05-15 09:00:00-05,0.5103833333333332,64.26,0.94,3.78,714.757,0,218.487,194.019,0.2815833333333333,1.9021833333333331
36076,2016-05-15 10:00:00-05,0.29865,66.09,0.91,4.05,234.16299999999998,0,632.614,187.667,0.3250333333333333,0.5419166666666666
36087,2016-05-15 11:00:00-05,0.2377833333333333,68.02,0.77,3.58,112.31,0,889.757,101.944,0.21931666666666666,0.4080666666666666
36098,2016-05-15 12:00:00-05,0.2822833333333333,69.79,0.68,2.81,679.622,0,482.855,490.087,0.21968333333333329,0.5942166666666666
36109,2016-05-15 13:00:00-05,0.2576166666666666,70.78,0.92,3.13,201.44299999999998,0,1036.86,1147.58,0.2282833333333333,0.6484833333333332
36120,2016-05-15 14:00:00-05,0.30945,72.31,0.55,3.13,21.9689,0,613.712,430.413,0.2977833333333333,1.5924833333333333
36131,2016-05-15 15:00:00-05,0.3720333333333333,73.18,0.63,4.21,208.743,0,212.292,430.839,0.2514166666666666,1.7002
36142,2016-05-15 16:00:00-05,0.38611666666666655,73.76,0.59,2.92,130.35399999999998,0,133.431,293.005,0.2764833333333333,0.6928833333333332
36153,2016-05-15 17:00:00-05,0.61505,73.35,0.83,3.68,131.789,0,64.8072,194.24200000000002,0.3116,0.6361
36164,2016-05-15 18:00:00-05,0.7220833333333332,72.28,0.97,3.27,64.9985,0,132.8,73.6891,0.7892166666666666,0.39976666666666655
36175,2016-05-15 19:00:00-05,0.6809833333333332,71.41,0.8,4.01,4.371659999999999,0,1.77195,2.91519,0.3763833333333333,0.3298666666666666
36186,2016-05-15 20:00:00-05,0.62105,69.88,0.63,3.98,-2.7181599999999997,0,-2.37799,-2.3949599999999998,0.513,0.5488166666666666
36197,2016-05-15 21:00:00-05,0.55555,68.79,0.82,2.91,-2.37845,0,-2.24812,-2.38944,0.9726333333333332,0.5093
36208,2016-05-15 22:00:00-05,0.2331166666666666,67.98,0.6,3.48,-2.43523,0,-2.2483,-2.7181599999999997,0.41175,0.35785
36219,2016-05-15 23:00:00-05,0.19811666666666666,67.99,0.51,2.31,-2.48634,0,-2.37879,-2.61639,0.2255,0.2652
36230,2016-05-16 00:00:00-05,0.20156666666666664,68.12,0.87,3.63,-2.7185900000000003,1,-1.88038,-2.5373799999999997,0.1979,0.2342666666666666
36241,2016-05-16 01:00:00-05,0.19713333333333327,67.84,0.52,3.58,-2.46942,1,-1.93702,-2.01065,0.19838333333333327,0.2424833333333333
36252,2016-05-16 02:00:00-05,0.1941,67.42,0.63,2.61,-1.8012400000000002,1,-1.8237400000000001,-4.41785,0.21681666666666666,0.2542833333333333
36263,2016-05-16 03:00:00-05,0.2006,67.28,0.69,3.53,-2.71908,1,-2.15224,-2.3791900000000004,0.2007,0.2833
36274,2016-05-16 04:00:00-05,0.2385,67.2,0.91,3.39,-1.69966,1,-2.01065,-2.71908,0.19796666666666665,0.2440833333333333
36285,2016-05-16 05:00:00-05,0.5338666666666666,67.06,0.83,4.13,-2.41926,1,-2.10698,-2.12997,0.1981,0.5829166666666666
36296,2016-05-16 06:00:00-05,0.6132166666666666,66.33,0.72,2.89,5.3371,1,-1.69914,1.69943,0.20188333333333328,0.7103666666666666
36307,2016-05-16 07:00:00-05,0.5031833333333332,66.99,0.83,2.13,82.7598,1,20.9221,89.1016,0.4191833333333333,0.2344666666666666
36318,2016-05-16 08:00:00-05,0.2357833333333333,67.41,0.54,2.88,159.086,1,219.928,153.852,0.5674833333333332,0.2358
36329,2016-05-16 09:00:00-05,0.22288333333333327,68.47,0.57,2.74,213.988,1,94.0733,520.4259999999999,0.5491166666666666,0.2575666666666666
36340,2016-05-16 10:00:00-05,0.2243,69.45,0.93,3.43,882.8910000000001,1,313.487,716.4110000000001,0.2726833333333333,0.24175
36351,2016-05-16 11:00:00-05,0.2324666666666666,70.5,0.93,4.38,492.535,1,338.44199999999995,707.15,0.2644666666666666,0.22725
36362,2016-05-16 12:00:00-05,0.2310666666666666,72.22,0.88,4.64,690.5189999999999,1,468.58099999999996,1101.42,0.7653666666666666,0.2437
36373,2016-05-16 13:00:00-05,0.2559166666666666,74.68,0.67,5.5,347.376,1,412.98699999999997,664.043,2.8573833333333334,0.38915
36384,2016-05-16 14:00:00-05,0.2494,76.44,0.61,6.2,453.911,1,595.689,496.92699999999996,0.3276666666666666,0.34265
36395,2016-05-16 15:00:00-05,0.3374666666666666,78.12,0.43,6.64,867.424,1,285.9,450.69300000000004,0.4589666666666666,0.9562333333333332
36406,2016-05-16 16:00:00-05,0.4865,78.55,0.41,6.56,754.069,1,269.59,228.328,0.8456,1.2782
36417,2016-05-16 17:00:00-05,0.4814666666666666,77.33,0.36,6.63,389.67900000000003,1,375.787,277.439,0.9243833333333332,1.3238666666666667
36428,2016-05-16 18:00:00-05,1.04125,76.76,0.57,6.94,191.257,1,128.10299999999998,86.1938,0.7892333333333331,1.56385
36439,2016-05-16 19:00:00-05,0.92765,75.16,0.74,6.27,12.8526,1,-0.02264,4.10283,0.8911833333333331,1.3935166666666667
36450,2016-05-16 20:00:00-05,0.7833666666666665,73.13,0.25,6.54,-2.7154599999999998,1,-2.47381,-2.43391,0.9879166666666664,1.2300666666666669
36461,2016-05-16 21:00:00-05,0.4196333333333333,71.12,0.29,5.59,-2.71621,1,-2.7177,-2.37759,0.68675,0.7648333333333331
36472,2016-05-16 22:00:00-05,0.43745,70.64,0.53,4.16,-2.71675,1,-2.37832,-2.37797,0.3245666666666666,0.5563833333333332
36483,2016-05-16 23:00:00-05,0.3209333333333333,69.65,0.26,5.14,-2.71716,1,-2.37839,-2.5308599999999997,0.2701166666666666,0.6063833333333332
36494,2016-05-17 00:00:00-05,0.2934833333333333,68.57,0.4,4.72,-2.7177,1,-2.37859,-2.57616,0.20651666666666665,0.40471666666666656
36505,2016-05-17 01:00:00-05,0.3488666666666666,67.71,0.6,2.32,-2.71791,1,-2.37878,-2.37799,0.22981666666666664,0.2391166666666666
36516,2016-05-17 02:00:00-05,0.2933166666666666,67.11,0.76,2.74,-2.15218,1,-1.8124200000000001,-2.6724099999999997,0.2683666666666666,0.2325833333333333
36527,2016-05-17 03:00:00-05,0.2286833333333333,66.54,0.86,1.7,-2.186,1,-2.07295,-2.3780099999999997,0.2760333333333333,0.2399333333333333
36538,2016-05-17 04:00:00-05,0.2272333333333333,66.6,0.85,2.26,-2.02167,1,-2.71862,-2.6894,0.2364333333333333,0.2352666666666666
36549,2016-05-17 05:00:00-05,0.2664333333333333,66.46,0.87,2.81,-1.9140400000000002,1,-2.0276099999999997,-2.7177700000000002,0.2391333333333333,0.4392
36560,2016-05-17 06:00:00-05,0.6649333333333332,66.26,0.92,2.33,4.24141,1,-2.29913,8.70801,0.22955,0.5269166666666666
36571,2016-05-17 07:00:00-05,0.3496166666666666,66.42,0.95,2.9,81.5426,1,34.4909,112.42200000000001,0.3216,0.3305166666666666
36582,2016-05-17 08:00:00-05,0.2422833333333333,66.53,0.93,3.04,139.833,1,42.2774,337.542,0.7772833333333331,0.3213666666666666
36593,2016-05-17 09:00:00-05,0.2787333333333333,66.89,0.9,5.17,320.369,1,220.84799999999998,355.426,0.36833333333333323,0.5329166666666666
36604,2016-05-17 10:00:00-05,0.3502,67.66,0.89,6.13,680.845,1,294.003,866.8589999999999,0.3502833333333333,0.6739833333333332
36615,2016-05-17 11:00:00-05,0.3769,68.33,0.88,6.2,941.692,1,489.781,326.01099999999997,0.2442666666666666,1.3260666666666667
36626,2016-05-17 12:00:00-05,0.3295,71.12,0.88,5.17,799.84,1,983.716,1075.02,0.2492666666666666,1.0489666666666668
36637,2016-05-17 13:00:00-05,0.32045,73.38,0.89,4.08,971.9739999999999,1,897.951,995.28,0.23215,1.5472833333333331
36648,2016-05-17 14:00:00-05,0.29255,76.02,0.75,4.05,934.914,1,869.237,902.837,0.4699666666666666,1.32685
36659,2016-05-17 15:00:00-05,0.2871666666666666,77.83,0.61,3.62,443.301,1,751.77,770.227,1.2787833333333332,1.3294
36670,2016-05-17 16:00:00-05,1.259183333333333,79.17,0.51,2.07,640.4580000000001,1,577.0269999999999,592.159,0.4256833333333333,1.7723666666666669
36681,2016-05-17 17:00:00-05,1.6217666666666668,79.38,0.52,2.93,214.37599999999998,1,270.249,370.39599999999996,0.19826666666666665,1.84355
36692,2016-05-17 18:00:00-05,1.2589666666666668,79.78,0.5,3.41,188.794,1,120.37899999999999,86.978,0.20298333333333327,1.7395
36703,2016-05-17 19:00:00-05,0.5687,79.16,0.49,3.61,10.197,1,6.41619,4.7413,0.20256666666666664,2.09005
36714,2016-05-17 20:00:00-05,0.8509333333333331,77.9,0.5,3.87,-2.37643,1,-2.3771299999999997,-2.50161,0.18435,1.4841
36725,2016-05-17 21:00:00-05,0.57825,75.65,0.5,5.12,-1.8168099999999998,1,-2.3775,-2.55288,0.2159,0.97415
36736,2016-05-17 22:00:00-05,0.68815,74.3,0.51,7.56,-1.7603900000000001,1,-2.24765,-2.37767,0.4558833333333333,0.5905
36747,2016-05-17 23:00:00-05,0.76835,71.15,0.58,9.27,-2.2360700000000002,1,-2.37799,-2.37798,0.63685,0.53055
36758,2016-05-18 00:00:00-05,0.57845,68.22,0.73,6.4,-1.69855,1,-2.37799,-2.54218,0.41425,0.2351833333333333
36769,2016-05-18 01:00:00-05,0.3249666666666666,66.04,0.8,4.5,-2.37805,1,-1.6985599999999998,-2.37799,0.3419833333333333,0.2481666666666666
36780,2016-05-18 02:00:00-05,0.23785,65.6,0.78,4.74,-2.3780200000000002,1,-2.49689,-2.7177,0.2924666666666666,0.2331333333333333
36791,2016-05-18 03:00:00-05,0.22841666666666666,65.43,0.73,5.72,-1.7158200000000001,1,-2.7177,-2.7177,0.3094166666666666,0.2308833333333333
36802,2016-05-18 04:00:00-05,0.22636666666666666,65.06,0.86,5.68,-2.46886,1,-3.39713,-2.7180299999999997,0.2719166666666666,0.3805833333333333
36813,2016-05-18 05:00:00-05,0.43596666666666656,64.81,0.89,5.34,-2.37825,1,-2.3784,-2.7181599999999997,0.2700666666666666,0.5061666666666667
36824,2016-05-18 06:00:00-05,0.5762166666666666,64.78,0.94,5.9,5.38525,1,-2.48033,6.18382,0.286,0.5595
36835,2016-05-18 07:00:00-05,0.2706666666666666,64.28,1.0,6.69,145.575,1,35.2475,151.063,0.7211,0.3043166666666666
36846,2016-05-18 08:00:00-05,0.2323166666666666,64.08,0.81,6.37,41.8132,1,169.55700000000002,359.926,0.6545833333333332,0.2284333333333333
36857,2016-05-18 09:00:00-05,0.2892333333333333,64.36,0.78,7.92,262.468,1,192.562,531.472,0.5498333333333332,0.22361666666666666
36868,2016-05-18 10:00:00-05,0.2807333333333333,65.3,0.81,6.87,868.033,1,494.908,231.201,0.48975,0.2549833333333333
36879,2016-05-18 11:00:00-05,0.2793666666666666,66.47,0.86,6.41,1023.74,1,909.558,649.225,0.5979333333333332,0.2494333333333333
36890,2016-05-18 12:00:00-05,0.2975,69.26,0.84,4.83,1072.91,1,577.314,555.505,0.3851333333333333,0.2479833333333333
36901,2016-05-18 13:00:00-05,0.2874666666666666,71.46,0.96,5.07,1120.66,1,207.55900000000003,516.717,0.3803833333333333,0.68435
36912,2016-05-18 14:00:00-05,0.3197333333333333,73.24,0.88,5.09,421.505,1,389.21,456.02099999999996,0.4005166666666666,1.1303
36923,2016-05-18 15:00:00-05,0.2663666666666666,74.88,0.61,5.87,310.189,1,316.573,439.48699999999997,0.3811833333333333,1.2158166666666668
36934,2016-05-18 16:00:00-05,0.4508,75.16,0.58,6.45,615.0740000000001,1,597.262,444.186,1.05985,1.7202166666666667
36945,2016-05-18 17:00:00-05,0.5758166666666666,73.81,0.73,6.35,409.61300000000006,1,157.65200000000002,210.47299999999998,0.9973833333333332,1.6065833333333333
36956,2016-05-18 18:00:00-05,1.2331166666666669,71.97,0.8,7.19,187.92700000000002,1,2.53471,140.184,0.3816333333333333,1.2980166666666668
36967,2016-05-18 19:00:00-05,0.81215,69.24,0.83,7.53,13.8993,1,-1.2173399999999999,6.36978,0.4366,2.2664166666666667
36978,2016-05-18 20:00:00-05,0.5547333333333332,67.49,0.87,7.48,-2.37744,1,-2.3055,-2.71615,0.4115333333333333,1.8852166666666668
36989,2016-05-18 21:00:00-05,0.37755,66.07,0.7,6.4,-2.51372,1,-2.70181,-2.71679,0.3811833333333333,1.3052833333333331
37000,2016-05-18 22:00:00-05,0.7008833333333332,64.79,0.68,5.86,-2.7177,1,-2.37883,-2.70024,0.3391333333333333,0.8016
37011,2016-05-18 23:00:00-05,0.3291666666666666,63.8,0.65,4.6,-2.33328,1,-2.71869,-2.38931,0.24285,0.4831
37022,2016-05-19 00:00:00-05,0.2732333333333333,63.96,0.77,5.02,-2.28817,1,-2.71904,-2.54785,0.26005,0.4835333333333332
37033,2016-05-19 01:00:00-05,0.25025,63.53,0.76,4.7,-2.37879,1,-3.14394,-2.19685,0.2383166666666666,0.4518166666666666
37044,2016-05-19 02:00:00-05,0.2510666666666666,63.08,0.78,4.67,-2.67897,1,-2.71945,-1.9476900000000001,0.21735,0.25425
37055,2016-05-19 03:00:00-05,0.2739166666666666,63.04,0.81,3.68,-2.52605,1,-2.7195400000000003,-2.3383599999999998,0.2255833333333333,0.22288333333333327
37066,2016-05-19 04:00:00-05,0.2493833333333333,62.95,0.85,4.12,-2.71862,1,-2.71955,-2.4516,0.2390666666666666,0.2507166666666666
37077,2016-05-19 05:00:00-05,0.4725166666666666,62.63,0.89,3.91,-1.9766700000000001,1,-2.3004,-2.37799,0.43821666666666653,0.2976166666666666
37088,2016-05-19 06:00:00-05,0.8147166666666666,62.85,0.96,3.68,12.5623,1,-2.13603,8.0229,0.4604,0.6457666666666666
37099,2016-05-19 07:00:00-05,0.39345,62.83,0.97,4.14,97.4835,1,64.6742,115.24799999999999,0.48825,0.6584333333333332
37110,2016-05-19 08:00:00-05,0.2574,62.74,0.91,6.25,111.648,1,312.395,166.965,0.5434833333333332,0.39361666666666656
37121,2016-05-19 09:00:00-05,0.2476833333333333,63.14,0.78,7.06,379.403,1,630.8530000000001,280.441,0.50555,0.5138833333333332
37132,2016-05-19 10:00:00-05,0.21456666666666666,63.6,0.8,6.83,84.4979,1,875.852,854.2260000000001,0.39305,0.68665
37143,2016-05-19 11:00:00-05,0.2119,64.22,0.77,5.1,434.148,1,1015.51,219.847,0.3018,0.5527
37154,2016-05-19 12:00:00-05,0.236,65.23,0.91,6.54,589.322,1,919.687,417.98699999999997,0.3235,0.5622833333333332
37165,2016-05-19 13:00:00-05,0.3136,66.27,0.98,7.53,321.985,1,1007.07,317.16,0.3338666666666666,1.8166833333333332
37176,2016-05-19 14:00:00-05,0.3912833333333333,68.75,0.82,7.64,930.67,1,943.691,996.457,0.358,2.2900666666666667
37187,2016-05-19 15:00:00-05,0.3385666666666666,70.87,0.79,6.85,130.542,1,807.35,313.847,0.3745833333333333,1.2649833333333331
37198,2016-05-19 16:00:00-05,0.9875,72.61,0.62,4.74,195.415,1,299.64,571.521,0.44845,1.2114333333333331
37209,2016-05-19 17:00:00-05,0.35085,73.39,0.65,3.86,382.836,1,139.85399999999998,264.496,0.4937666666666666,1.3659666666666668
37220,2016-05-19 18:00:00-05,3.5695333333333332,72.71,0.51,4.05,139.29,1,239.917,73.9801,0.34035,1.15395
37231,2016-05-19 19:00:00-05,1.454616666666667,71.3,0.69,4.37,9.465689999999999,1,-1.6749,4.48686,0.30735,1.1317833333333331
37242,2016-05-19 20:00:00-05,1.8426,69.88,0.86,4.17,-1.80635,1,-3.3903300000000005,-2.71675,0.4448166666666665,1.7934666666666668
37253,2016-05-19 21:00:00-05,1.6637666666666668,68.41,0.68,4.68,-2.7181599999999997,1,-3.2725299999999997,-2.71718,0.3665666666666666,1.255
37264,2016-05-19 22:00:00-05,0.3319166666666666,66.85,0.77,3.98,-2.3787599999999998,1,-3.3864099999999997,-2.71767,0.4065333333333333,0.5965833333333332
37275,2016-05-19 23:00:00-05,0.2798,65.38,0.62,3.19,-1.9143599999999998,1,-2.71862,-3.2046200000000002,0.3084333333333333,0.4014
37286,2016-05-20 00:00:00-05,0.26205,64.61,0.27,2.13,-2.36747,1,-3.05845,-2.37837,0.2332,0.29125
37297,2016-05-20 01:00:00-05,0.2339,63.67,0.28,1.46,-1.69914,1,-2.37885,-2.7181599999999997,0.2317833333333333,0.24435
37308,2016-05-20 02:00:00-05,0.2281,62.82,0.38,2.57,-1.95993,1,-2.37912,-2.37869,0.23325,0.2339666666666666
37319,2016-05-20 03:00:00-05,0.2510166666666666,63.0,0.94,1.63,-2.34521,1,-3.3422,-2.7639299999999998,0.2381333333333333,0.22685
37330,2016-05-20 04:00:00-05,0.2368333333333333,62.85,0.95,1.56,-1.9203599999999998,1,-2.72475,-2.2541900000000004,0.22576666666666664,0.2754166666666666
37341,2016-05-20 05:00:00-05,0.4615,62.73,0.94,1.5,-2.0339,1,-2.71922,-2.1295900000000003,0.5617666666666666,0.48745
37352,2016-05-20 06:00:00-05,0.5947333333333332,62.9,0.85,1.42,3.81869,1,-1.0197,7.135339999999999,0.6444166666666666,0.5942333333333332
37363,2016-05-20 07:00:00-05,0.2912333333333333,63.19,0.99,1.15,32.776,1,134.958,195.046,0.35905,0.3113166666666666
37374,2016-05-20 08:00:00-05,0.3077666666666666,64.33,0.94,1.52,70.2575,1,320.942,168.155,0.229,0.2526333333333333
37385,2016-05-20 09:00:00-05,0.26795,66.54,0.66,2.11,157.418,1,229.71099999999998,721.669,0.26235,0.2421166666666666
37396,2016-05-20 10:00:00-05,0.27915,70.32,0.48,2.16,308.927,1,270.005,815.73,0.29095,0.5429
37407,2016-05-20 11:00:00-05,0.2677,72.61,0.38,2.21,267.968,1,860.459,1015.69,0.2912333333333333,0.9894333333333332
37418,2016-05-20 12:00:00-05,0.2685,75.25,0.4,2.35,238.472,1,1207.76,377.12800000000004,0.2467833333333333,0.712
37429,2016-05-20 13:00:00-05,0.2643833333333333,76.93,0.31,2.67,346.414,1,1081.62,313.269,0.2871666666666666,1.08415
37440,2016-05-20 14:00:00-05,0.3209166666666666,77.8,0.24,3.34,281.113,1,1018.57,1027.64,0.3914333333333333,1.4960833333333332
37451,2016-05-20 15:00:00-05,0.4900666666666666,79.89,0.16,3.38,415.11800000000005,1,883.6669999999999,545.376,0.6193833333333332,1.6736333333333333
37462,2016-05-20 16:00:00-05,0.4633166666666666,80.55,0.11,4.49,373.43699999999995,1,663.311,611.29,0.8730833333333331,1.21015
37473,2016-05-20 17:00:00-05,0.8272,81.29,0.11,3.59,247.84400000000002,1,173.84599999999998,395.384,0.7442333333333331,1.9446166666666669
37484,2016-05-20 18:00:00-05,0.7699833333333331,80.35,0.1,4.21,94.1667,1,59.463,169.78400000000002,0.7164333333333333,1.7872666666666668
37495,2016-05-20 19:00:00-05,1.5268666666666668,78.6,0.05,4.63,0.339553,1,-1.06961,5.861219999999999,0.4060166666666665,1.3224
37506,2016-05-20 20:00:00-05,1.0536333333333332,76.46,0.03,4.29,-1.7093099999999999,1,-2.71712,-2.7162900000000003,0.4118833333333333,2.0503
37517,2016-05-20 21:00:00-05,0.6531666666666666,73.96,0.14,3.12,-2.53602,1,-2.71769,-2.7168200000000002,0.3218,1.00565
37528,2016-05-20 22:00:00-05,0.3982,72.76,0.01,3.08,-1.6983,1,-2.71813,-2.44555,0.3196833333333333,0.2959166666666666
37539,2016-05-20 23:00:00-05,0.39351666666666657,71.16,0.02,3.36,-1.69835,1,-2.37878,-2.7177,0.284,0.3075
37550,2016-05-21 00:00:00-05,0.3984666666666665,70.08,0.11,3.09,-1.6929,0,-2.3957900000000003,-2.7177,0.4035333333333333,0.4528666666666666
37561,2016-05-21 01:00:00-05,0.2510833333333333,68.83,0.18,2.44,-1.89107,0,-1.54075,-2.2194599999999998,0.3581833333333333,0.4660666666666666
37572,2016-05-21 02:00:00-05,0.2296333333333333,69.67,0.64,2.48,-2.37799,0,-2.3790299999999998,-2.37799,0.3059166666666666,0.2941833333333333
37583,2016-05-21 03:00:00-05,0.22443333333333326,69.14,0.63,2.49,-1.9816599999999998,0,-2.71905,-2.37799,0.2834833333333333,0.2895166666666666
37594,2016-05-21 04:00:00-05,0.24165,69.56,0.56,2.64,-2.37799,0,-3.3422099999999997,-2.71798,0.3055166666666666,0.2864833333333333
37605,2016-05-21 05:00:00-05,0.2217,68.97,0.42,2.42,-2.37799,0,-2.5775,-2.7181599999999997,0.5173666666666666,0.2939333333333333
37616,2016-05-21 06:00:00-05,0.23635,69.3,0.9,1.99,8.03421,0,-1.0423200000000001,14.3893,0.8465833333333331,0.29985
37627,2016-05-21 07:00:00-05,0.2598666666666666,69.82,0.86,2.11,123.805,0,136.498,61.3495,0.41121666666666656,2.3436833333333333
37638,2016-05-21 08:00:00-05,0.35655,70.8,0.51,2.04,129.425,0,241.99200000000002,181.36700000000002,0.28075,1.2306
37649,2016-05-21 09:00:00-05,0.2711666666666666,72.81,0.64,2.58,196.945,0,165.955,290.177,0.2751,0.4721833333333332
37660,2016-05-21 10:00:00-05,0.5957833333333332,74.92,0.45,3.9,177.21599999999998,0,834.763,411.881,0.3121333333333333,0.5124666666666666
37671,2016-05-21 11:00:00-05,0.6176333333333331,76.58,0.91,4.4,367.015,0,935.7280000000001,422.658,0.3314666666666666,0.7866666666666666
37682,2016-05-21 12:00:00-05,0.4791,78.53,0.91,4.52,813.308,0,561.985,638.66,0.30875,0.6728333333333332
37693,2016-05-21 13:00:00-05,1.0383666666666669,80.13,0.87,4.12,459.908,0,634.519,562.15,0.3202833333333333,0.4184833333333333
37704,2016-05-21 14:00:00-05,0.9187833333333332,81.07,0.9,4.02,281.244,0,1004.92,496.059,0.3084666666666666,0.2923166666666666
37715,2016-05-21 15:00:00-05,0.9941333333333332,82.7,0.78,5.42,684.2289999999999,0,935.449,248.074,0.5247833333333332,0.9439
37726,2016-05-21 16:00:00-05,1.2629333333333332,82.33,0.56,6.8,597.2959999999999,0,170.373,59.9339,0.3752833333333333,1.0158833333333332
37737,2016-05-21 17:00:00-05,1.1009166666666668,81.95,0.65,7.67,390.361,0,381.001,3.24757,0.3116,0.43605
37748,2016-05-21 18:00:00-05,1.1125,81.59,0.64,6.78,153.656,0,155.689,2.71869,0.7765833333333331,0.5509666666666666
37759,2016-05-21 19:00:00-05,1.32925,80.66,0.44,6.56,18.6519,0,0.033951,-1.8980099999999998,0.4883666666666666,0.41105
37770,2016-05-21 20:00:00-05,0.6153,78.73,0.34,6.3,-2.69846,0,-2.7170400000000003,-2.19263,0.3002833333333333,0.3757
37781,2016-05-21 21:00:00-05,0.562,77.41,0.45,5.5,-2.58583,0,-2.6327599999999998,-2.3796,0.3674333333333332,0.3241833333333333
37792,2016-05-21 22:00:00-05,0.8677833333333331,75.98,0.68,4.12,-2.6261400000000004,0,-2.71798,-2.3796,0.2912666666666666,0.3232
37803,2016-05-21 23:00:00-05,0.3280833333333333,75.14,0.78,3.67,-2.62642,0,-2.84882,-1.69944,0.25445,0.2654
37814,2016-05-22 00:00:00-05,0.86865,74.09,0.72,4.33,-2.37759,0,-2.8488900000000004,-2.3792,0.22266666666666665,0.247
37825,2016-05-22 01:00:00-05,0.8613833333333331,73.34,0.76,4.8,-2.37797,0,-2.71905,-2.90036,0.22781666666666664,0.23001666666666665
37836,2016-05-22 02:00:00-05,0.5983666666666666,72.63,0.57,4.54,-2.37799,0,-2.72487,-2.71921,0.2379666666666666,0.2287
37847,2016-05-22 03:00:00-05,0.5486333333333332,72.65,0.85,3.74,-2.6837299999999997,0,-2.37957,-3.21766,0.2319666666666666,0.2552833333333333
37858,2016-05-22 04:00:00-05,0.2411333333333333,72.23,0.83,3.54,-2.37233,0,-1.98275,-3.0476400000000003,0.2311666666666666,0.2178
37869,2016-05-22 05:00:00-05,0.5014,72.07,0.82,3.08,-2.37799,0,-2.52651,-2.6851,0.4806666666666666,0.21733333333333327
37880,2016-05-22 06:00:00-05,0.41915,71.75,0.81,2.91,14.251,0,-1.27473,8.41207,0.6862833333333332,0.2389833333333333
37891,2016-05-22 07:00:00-05,0.2972833333333333,71.75,0.81,3.38,109.056,0,65.0497,198.19400000000002,0.3463,0.3383833333333333
37902,2016-05-22 08:00:00-05,0.6282333333333332,72.79,0.82,3.02,295.743,0,145.957,408.95099999999996,0.29685,0.5113166666666666
37913,2016-05-22 09:00:00-05,0.9549833333333332,74.31,0.84,3.31,606.99,0,629.752,714.757,0.2339,0.5103833333333332
37924,2016-05-22 10:00:00-05,1.0298,76.76,0.86,3.47,852.9580000000001,0,883.796,234.16299999999998,0.2436,0.29865
37935,2016-05-22 11:00:00-05,0.6077666666666666,78.31,0.86,4.39,683.201,0,993.6619999999999,112.31,0.2641666666666666,0.2377833333333333
37946,2016-05-22 12:00:00-05,0.66455,80.4,0.79,5.1,342.88,0,1162.25,679.622,0.2524833333333333,0.2822833333333333
37957,2016-05-22 13:00:00-05,4.155916666666666,81.99,0.73,5.81,1055.21,0,296.101,201.44299999999998,0.3296666666666666,0.2576166666666666
37968,2016-05-22 14:00:00-05,2.1256833333333334,82.97,0.66,7.08,806.716,0,249.85299999999998,21.9689,0.41276666666666656,0.30945
37979,2016-05-22 15:00:00-05,1.8522166666666668,84.04,0.56,7.53,401.694,0,224.66,208.743,0.3511,0.3720333333333333
37990,2016-05-22 16:00:00-05,1.894183333333333,85.05,0.47,8.47,637.877,0,607.755,130.35399999999998,0.26905,0.38611666666666655
38001,2016-05-22 17:00:00-05,1.4711333333333332,85.11,0.56,7.99,198.63400000000001,0,194.66400000000002,131.789,0.3967333333333333,0.61505
38012,2016-05-22 18:00:00-05,1.7773333333333332,84.4,0.57,8.12,56.7169,0,70.7323,64.9985,0.3003333333333333,0.7220833333333332
38023,2016-05-22 19:00:00-05,1.5228333333333333,83.32,0.57,7.91,2.71536,0,-0.684891,4.371659999999999,0.3489,0.6809833333333332
38034,2016-05-22 20:00:00-05,1.5106333333333333,80.92,0.39,8.0,-2.3763799999999997,0,-2.71769,-2.7181599999999997,0.81375,0.62105
38045,2016-05-22 21:00:00-05,0.9016,79.07,0.4,7.51,-2.37677,0,-2.71817,-2.37845,0.552,0.55555
38056,2016-05-22 22:00:00-05,0.64015,77.74,0.55,7.21,-2.71677,0,-2.71862,-2.43523,0.42896666666666655,0.2331166666666666
38067,2016-05-22 23:00:00-05,0.7050166666666666,76.41,0.8,6.91,-2.71679,0,-2.71862,-2.48634,0.48995,0.19811666666666666
38078,2016-05-23 00:00:00-05,0.6863666666666666,74.3,0.53,6.63,-2.56999,1,-2.71881,-2.7185900000000003,0.3192166666666666,0.20156666666666664
38089,2016-05-23 01:00:00-05,0.5894833333333332,73.3,0.71,5.63,-2.37759,1,-2.71904,-2.46942,0.3104,0.19713333333333327
38100,2016-05-23 02:00:00-05,0.40615,72.61,0.69,5.91,-2.37761,1,-2.71908,-1.8012400000000002,0.31525,0.1941
38111,2016-05-23 03:00:00-05,0.3759833333333333,72.09,0.69,6.13,-2.6155,1,-2.9404,-2.71908,0.2966,0.2006
38122,2016-05-23 04:00:00-05,0.39245,71.82,0.71,6.82,-2.37799,1,-2.88385,-1.69966,0.2961166666666666,0.2385
38133,2016-05-23 05:00:00-05,0.71835,71.83,0.74,6.23,-1.75518,1,-2.71958,-2.41926,0.3197833333333333,0.5338666666666666
38144,2016-05-23 06:00:00-05,1.1113333333333333,71.36,0.77,5.44,15.7514,1,0.254971,5.3371,0.3494,0.6132166666666666
38155,2016-05-23 07:00:00-05,3.3354833333333334,71.51,0.79,4.45,176.702,1,165.838,82.7598,0.3986833333333333,0.5031833333333332
38166,2016-05-23 08:00:00-05,0.3578,71.94,0.8,5.24,354.61699999999996,1,390.11,159.086,0.7768333333333332,0.2357833333333333
38177,2016-05-23 09:00:00-05,0.3327,72.99,0.82,6.03,554.868,1,356.38199999999995,213.988,1.79235,0.22288333333333327
38188,2016-05-23 10:00:00-05,0.3693833333333333,74.15,0.84,5.97,778.434,1,873.238,882.8910000000001,1.0424,0.2243
38199,2016-05-23 11:00:00-05,0.33,75.85,0.86,6.72,984.08,1,1050.79,492.535,0.57055,0.2324666666666666
38210,2016-05-23 12:00:00-05,0.4282666666666666,78.18,0.89,7.24,1134.57,1,1063.58,690.5189999999999,0.6230333333333332,0.2310666666666666
38221,2016-05-23 13:00:00-05,0.4264833333333333,79.81,0.86,7.56,700.748,1,697.8919999999999,347.376,0.4332833333333333,0.2559166666666666
38232,2016-05-23 14:00:00-05,0.6909166666666666,81.37,0.79,8.65,1057.84,1,761.153,453.911,0.42766666666666653,0.2494
38243,2016-05-23 15:00:00-05,0.58125,83.65,0.59,9.03,340.73699999999997,1,409.10400000000004,867.424,0.5133833333333332,0.3374666666666666
38254,2016-05-23 16:00:00-05,0.9303666666666665,83.6,0.48,8.8,593.997,1,583.5419999999999,754.069,0.4788833333333332,0.4865
38265,2016-05-23 17:00:00-05,1.3743166666666669,82.84,0.59,8.87,213.15,1,65.9741,389.67900000000003,0.4633333333333332,0.4814666666666666
38276,2016-05-23 18:00:00-05,1.8720666666666668,81.95,0.6,9.46,176.31400000000002,1,23.0641,191.257,0.40535,1.04125
38287,2016-05-23 19:00:00-05,1.6950833333333333,80.29,0.59,8.73,10.1605,1,-1.69839,12.8526,0.7275666666666665,0.92765
38298,2016-05-23 20:00:00-05,1.7467333333333332,79.05,0.62,8.98,-2.71621,1,-3.92935,-2.7154599999999998,0.5958166666666666,0.7833666666666665
38309,2016-05-23 21:00:00-05,1.8523333333333332,78.0,0.72,8.55,-2.37716,1,-1.6991,-2.71621,0.69095,0.4196333333333333
38320,2016-05-23 22:00:00-05,1.2852333333333332,76.92,0.73,8.86,-2.37719,1,-1.69966,-2.71675,0.5006,0.43745
38331,2016-05-23 23:00:00-05,0.87405,75.91,0.69,8.03,-2.38318,1,-2.1813700000000003,-2.71716,0.4961166666666666,0.3209333333333333
38342,2016-05-24 00:00:00-05,0.78545,75.25,0.72,8.27,-2.37759,1,-2.3796,-2.7177,0.3742666666666665,0.2934833333333333
38353,2016-05-24 01:00:00-05,0.7329333333333332,74.95,0.74,7.46,-2.37759,1,-2.3796,-2.71791,0.3639,0.3488666666666666
38364,2016-05-24 02:00:00-05,0.5583666666666666,74.64,0.76,7.84,-2.14549,1,-1.6997099999999998,-2.15218,0.3300666666666666,0.2933166666666666
38375,2016-05-24 03:00:00-05,0.5857166666666666,74.54,0.78,7.43,-2.7002599999999997,1,-2.26662,-2.186,0.3342166666666666,0.2286833333333333
38386,2016-05-24 04:00:00-05,0.58815,74.48,0.8,7.55,-2.37777,1,-2.3801200000000002,-2.02167,0.3283666666666666,0.2272333333333333
38397,2016-05-24 05:00:00-05,0.7186833333333332,74.4,0.81,7.33,-2.41762,1,-2.32928,-1.9140400000000002,0.3242833333333333,0.2664333333333333
38408,2016-05-24 06:00:00-05,0.9283166666666663,74.23,0.82,5.88,11.6519,1,-2.12501,4.24141,0.38626666666666654,0.6649333333333332
38419,2016-05-24 07:00:00-05,0.3518166666666666,74.26,0.8,5.25,197.78799999999998,1,155.385,81.5426,0.44335,0.3496166666666666
38430,2016-05-24 08:00:00-05,0.3478,75.21,0.77,5.56,98.7158,1,192.465,139.833,1.07005,0.2422833333333333
38441,2016-05-24 09:00:00-05,0.46935,77.0,0.76,7.64,94.8176,1,454.27099999999996,320.369,1.00835,0.2787333333333333
38452,2016-05-24 10:00:00-05,0.48355,78.99,0.74,7.69,216.47400000000002,1,691.329,680.845,2.020366666666667,0.3502
38463,2016-05-24 11:00:00-05,0.90665,80.83,0.75,8.18,583.2819999999999,1,877.691,941.692,1.9617166666666668,0.3769
38474,2016-05-24 12:00:00-05,0.9606666666666664,82.58,0.78,8.76,616.615,1,402.241,799.84,0.47395,0.3295
38485,2016-05-24 13:00:00-05,0.9513666666666664,83.5,0.81,8.98,370.49800000000005,1,421.95599999999996,971.9739999999999,0.5423333333333332,0.32045
38496,2016-05-24 14:00:00-05,1.139233333333333,85.36,0.77,10.15,378.32599999999996,1,1029.33,934.914,1.1686333333333332,0.29255
38507,2016-05-24 15:00:00-05,1.47135,85.83,0.74,10.31,449.01599999999996,1,533.696,443.301,1.5781,0.2871666666666666
38518,2016-05-24 16:00:00-05,1.3102666666666667,86.13,0.7,9.79,580.761,1,370.12,640.4580000000001,2.386616666666667,1.259183333333333
38529,2016-05-24 17:00:00-05,1.4995,85.66,0.78,9.44,369.324,1,192.426,214.37599999999998,1.3659,1.6217666666666668
38540,2016-05-24 18:00:00-05,1.4334833333333332,84.16,0.76,9.33,85.0278,1,151.73,188.794,0.4628833333333332,1.2589666666666668
38551,2016-05-24 19:00:00-05,1.2956833333333333,83.46,0.57,9.19,10.5483,1,2.5857099999999997,10.197,0.4123333333333333,0.5687
38562,2016-05-24 20:00:00-05,1.1916166666666668,81.8,0.71,8.93,-2.71539,1,-2.7168200000000002,-2.37643,0.5689166666666666,0.8509333333333331
38573,2016-05-24 21:00:00-05,0.7297666666666665,80.13,0.77,8.64,-2.71608,1,-2.71767,-1.8168099999999998,0.5441333333333332,0.57825
38584,2016-05-24 22:00:00-05,0.7682166666666665,79.01,0.89,7.69,-2.38278,1,-2.71781,-1.7603900000000001,0.4651333333333332,0.68815
38595,2016-05-24 23:00:00-05,0.56995,77.76,0.81,7.3,-2.37719,1,-2.7181599999999997,-2.2360700000000002,0.3816833333333333,0.76835
38606,2016-05-25 00:00:00-05,0.59525,77.55,0.88,6.47,-2.36023,1,-1.6991,-1.69855,0.3040166666666666,0.57845
38617,2016-05-25 01:00:00-05,0.599,76.84,0.88,6.72,-2.26399,1,-1.85192,-2.37805,0.2946333333333333,0.3249666666666666
38628,2016-05-25 02:00:00-05,0.53785,76.74,0.76,6.26,-2.21895,1,-1.8631099999999998,-2.3780200000000002,0.29025,0.23785
38639,2016-05-25 03:00:00-05,0.5206666666666666,76.69,0.77,5.95,-2.37756,1,-2.71844,-1.7158200000000001,0.3078,0.22841666666666666
38650,2016-05-25 04:00:00-05,0.39771666666666655,76.54,0.8,5.58,-2.21342,1,-2.71862,-2.46886,0.2940333333333333,0.22636666666666666
38661,2016-05-25 05:00:00-05,0.6615333333333332,76.45,0.89,5.41,-2.37759,1,-2.71862,-2.37825,0.51785,0.43596666666666656
38672,2016-05-25 06:00:00-05,0.9384666666666664,76.23,0.71,5.12,24.4892,1,0.94019,5.38525,0.7497666666666666,0.5762166666666666
38683,2016-05-25 07:00:00-05,0.7368833333333332,76.16,0.93,5.39,148.315,1,82.2244,145.575,0.4944166666666666,0.2706666666666666
38694,2016-05-25 08:00:00-05,0.6185666666666666,76.88,0.9,5.99,168.1,1,308.827,41.8132,0.3692666666666666,0.2323166666666666
38705,2016-05-25 09:00:00-05,0.6332333333333332,78.25,0.78,7.67,289.756,1,608.74,262.468,0.4512833333333333,0.2892333333333333
38716,2016-05-25 10:00:00-05,0.7578166666666666,80.1,0.76,7.1,730.215,1,800.457,868.033,0.4080333333333333,0.2807333333333333
38727,2016-05-25 11:00:00-05,1.05995,80.78,0.81,8.0,381.545,1,928.148,1023.74,0.39935,0.2793666666666666
38738,2016-05-25 12:00:00-05,1.1230166666666668,82.14,0.78,7.95,409.949,1,978.0210000000001,1072.91,0.4059833333333333,0.2975
38749,2016-05-25 13:00:00-05,1.0109333333333332,82.39,0.72,6.13,964.704,1,997.809,1120.66,0.4272,0.2874666666666666
38760,2016-05-25 14:00:00-05,1.0156666666666665,82.81,0.46,6.47,926.6110000000001,1,931.232,421.505,0.40131666666666654,0.3197333333333333
38771,2016-05-25 15:00:00-05,1.0682166666666668,84.56,0.36,8.62,458.95099999999996,1,789.66,310.189,0.40005,0.2663666666666666
38782,2016-05-25 16:00:00-05,1.4019166666666667,84.77,0.59,7.92,392.709,1,623.655,615.0740000000001,0.4534,0.4508
38793,2016-05-25 17:00:00-05,1.2006333333333332,84.43,0.71,7.24,161.412,1,395.86400000000003,409.61300000000006,0.6337166666666666,0.5758166666666666
38804,2016-05-25 18:00:00-05,1.8595833333333331,83.68,0.8,6.93,18.2439,1,161.57299999999998,187.92700000000002,0.50505,1.2331166666666669
38815,2016-05-25 19:00:00-05,1.3681666666666668,82.65,0.65,5.96,-1.60658,1,2.47792,13.8993,0.4627,0.81215
38826,2016-05-25 20:00:00-05,1.1659833333333331,81.93,0.36,4.32,-2.71579,1,-2.24127,-2.37744,1.8633833333333332,0.5547333333333332
38837,2016-05-25 21:00:00-05,1.0611,80.78,0.4,4.61,-2.37665,1,-2.33793,-2.51372,0.9372833333333332,0.37755
38848,2016-05-25 22:00:00-05,0.99825,80.14,0.81,5.3,-2.86912,1,-2.0495900000000002,-2.7177,0.3818,0.7008833333333332
38859,2016-05-25 23:00:00-05,0.60685,78.79,1.0,5.66,-1.5510700000000002,1,-1.8627599999999997,-2.33328,0.5489166666666666,0.3291666666666666
38870,2016-05-26 00:00:00-05,0.5937,77.59,0.92,6.59,1.01925,1,-1.87408,-2.28817,0.8884166666666666,0.2732333333333333
38881,2016-05-26 01:00:00-05,0.7315666666666665,77.13,0.86,5.62,-0.130267,1,-1.7098900000000001,-2.37879,1.0618,0.25025
38892,2016-05-26 02:00:00-05,0.5494333333333332,76.62,0.98,5.95,-0.962684,1,-2.35534,-2.67897,0.62465,0.2510666666666666
38903,2016-05-26 03:00:00-05,0.3954,76.64,0.95,6.56,-2.34998,1,-2.32137,-2.52605,0.36995,0.2739166666666666
38914,2016-05-26 04:00:00-05,0.5364,76.34,0.94,6.33,-2.3780099999999997,1,-2.71785,-2.71862,0.3315,0.2493833333333333
38925,2016-05-26 05:00:00-05,0.73585,76.92,0.93,6.33,-2.37799,1,-2.5312900000000003,-1.9766700000000001,0.6341166666666666,0.4725166666666666
38936,2016-05-26 06:00:00-05,0.6345,76.9,0.78,5.69,4.49545,1,-1.01931,12.5623,0.841283333333333,0.8147166666666666
38947,2016-05-26 07:00:00-05,0.8409,76.71,0.74,5.6,97.3173,1,74.5277,97.4835,0.4296333333333333,0.39345
38958,2016-05-26 08:00:00-05,0.5904166666666666,77.07,0.96,5.86,98.8067,1,242.69099999999997,111.648,0.3464,0.2574
38969,2016-05-26 09:00:00-05,0.5527166666666666,78.29,0.89,6.86,256.753,1,138.65200000000002,379.403,0.3398333333333333,0.2476833333333333
38980,2016-05-26 10:00:00-05,0.5311333333333332,78.68,0.73,5.75,299.755,1,308.837,84.4979,0.5017333333333333,0.21456666666666666
38991,2016-05-26 11:00:00-05,0.6563333333333332,79.98,0.7,6.83,476.499,1,797.695,434.148,0.4727166666666666,0.2119
39002,2016-05-26 12:00:00-05,0.7741166666666666,83.0,0.62,6.66,690.855,1,1036.96,589.322,0.64595,0.236
39013,2016-05-26 13:00:00-05,1.5912166666666667,85.0,0.5,7.0,556.321,1,1037.98,321.985,0.9931833333333332,0.3136
39024,2016-05-26 14:00:00-05,2.8093166666666667,85.06,0.66,6.94,882.735,1,822.3480000000001,930.67,0.8251666666666666,0.3912833333333333
39035,2016-05-26 15:00:00-05,1.6534333333333333,84.82,0.33,7.16,402.184,1,771.827,130.542,1.0504,0.3385666666666666
39046,2016-05-26 16:00:00-05,1.734883333333333,85.94,0.26,5.19,527.783,1,539.533,195.415,1.6541333333333332,0.9875
39057,2016-05-26 17:00:00-05,1.6324833333333333,82.43,0.29,6.03,193.524,1,368.296,382.836,1.76065,0.35085
39068,2016-05-26 18:00:00-05,1.23645,78.0,0.34,6.37,69.9506,1,138.078,139.29,1.5114333333333332,3.5695333333333332
39079,2016-05-26 19:00:00-05,0.807983333333333,75.58,0.67,6.64,1.70861,1,2.72139,9.465689999999999,1.1668,1.454616666666667
39090,2016-05-26 20:00:00-05,0.7008,74.4,0.34,7.31,-2.37665,1,-2.71659,-1.80635,0.8275333333333331,1.8426
39101,2016-05-26 21:00:00-05,0.6418166666666666,73.41,0.65,6.19,-2.37685,1,-2.37751,-2.7181599999999997,0.7145166666666666,1.6637666666666668
39112,2016-05-26 22:00:00-05,0.7105833333333332,73.44,0.72,8.97,-2.37718,1,-2.37795,-2.3787599999999998,0.4078333333333333,0.3319166666666666
39123,2016-05-26 23:00:00-05,0.371,71.41,0.41,8.22,-2.37719,1,-2.03828,-1.9143599999999998,0.259,0.2798
39134,2016-05-27 00:00:00-05,0.3662666666666666,70.92,0.68,6.44,-2.37725,1,-2.37799,-2.36747,0.5675333333333332,0.26205
39145,2016-05-27 01:00:00-05,0.2383,69.94,0.65,4.78,-1.69813,1,-2.7177,-1.69914,0.5520166666666666,0.2339
39156,2016-05-27 02:00:00-05,0.2298833333333333,69.47,0.67,7.62,-2.3153,1,-2.7177,-1.95993,0.21896666666666664,0.2281
39167,2016-05-27 03:00:00-05,0.22751666666666664,69.52,0.66,5.62,-1.86245,1,-2.71813,-2.34521,0.2257833333333333,0.2510166666666666
39178,2016-05-27 04:00:00-05,0.2901833333333333,69.79,0.92,7.48,-2.37761,1,-2.38972,-1.9203599999999998,0.2360166666666666,0.2368333333333333
39189,2016-05-27 05:00:00-05,0.5760666666666666,69.59,0.93,6.18,-2.51372,1,-2.10658,-2.0339,0.44866666666666655,0.4615
39200,2016-05-27 06:00:00-05,0.5102666666666666,69.7,0.93,5.79,12.4042,1,-0.685118,3.81869,0.6045166666666666,0.5947333333333332
39211,2016-05-27 07:00:00-05,0.2824,70.25,0.99,5.29,159.944,1,8.00025,32.776,0.4559166666666666,0.2912333333333333
39222,2016-05-27 08:00:00-05,0.21606666666666666,70.6,0.97,4.52,360.7,1,54.6599,70.2575,0.36033333333333323,0.3077666666666666
39233,2016-05-27 09:00:00-05,0.20213333333333328,71.17,0.93,4.73,614.626,1,313.04200000000003,157.418,0.3600166666666666,0.26795
39244,2016-05-27 10:00:00-05,0.2131,71.04,0.91,5.2,793.284,1,346.736,308.927,0.36455,0.27915
39255,2016-05-27 11:00:00-05,0.1954833333333333,70.78,0.9,4.48,931.7769999999999,1,436.30199999999996,267.968,0.3831333333333333,0.2677
39266,2016-05-27 12:00:00-05,0.19251666666666664,71.17,0.91,6.19,979.448,1,602.814,238.472,0.37125,0.2685
39277,2016-05-27 13:00:00-05,0.2263,71.45,0.93,6.1,970.7360000000001,1,576.055,346.414,0.3713833333333333,0.2643833333333333
39288,2016-05-27 14:00:00-05,0.21161666666666665,72.31,0.85,6.04,973.044,1,270.471,281.113,0.52785,0.3209166666666666
39299,2016-05-27 15:00:00-05,0.3557,73.38,0.54,4.94,835.79,1,757.824,415.11800000000005,0.9122833333333332,0.4900666666666666
39310,2016-05-27 16:00:00-05,0.32595,74.92,0.73,4.53,29.1485,1,617.582,373.43699999999995,1.87535,0.4633166666666666
39321,2016-05-27 17:00:00-05,0.3909,76.97,0.76,4.85,576.25,1,395.25199999999995,247.84400000000002,2.036716666666667,0.8272
39332,2016-05-27 18:00:00-05,0.4678166666666666,76.4,0.62,5.53,241.868,1,153.175,94.1667,1.92675,0.7699833333333331
39343,2016-05-27 19:00:00-05,0.8753833333333331,75.07,0.34,5.16,36.3953,1,2.81087,0.339553,1.26815,1.5268666666666668
39354,2016-05-27 20:00:00-05,0.6865333333333332,72.96,0.19,4.26,-2.71581,1,-3.3948,-1.7093099999999999,1.4905333333333333,1.0536333333333332
39365,2016-05-27 21:00:00-05,0.7771166666666666,70.37,0.08,2.92,-2.7164200000000003,1,-3.36765,-2.53602,1.6084833333333333,0.6531666666666666
39376,2016-05-27 22:00:00-05,0.7155833333333332,68.96,0.05,1.64,-2.71678,1,-3.3965400000000003,-1.6983,0.72715,0.3982
39387,2016-05-27 23:00:00-05,0.5982833333333332,67.75,0.04,1.56,-2.71717,1,-3.2216099999999996,-1.69835,0.3826,0.39351666666666657
39398,2016-05-28 00:00:00-05,0.42846666666666655,67.27,0.34,2.92,-2.71728,0,-2.8028299999999997,-1.6929,0.2412333333333333,0.3984666666666665
39409,2016-05-28 01:00:00-05,0.3527333333333333,66.31,0.4,3.59,-2.7175,0,-2.7181599999999997,-1.89107,0.2602833333333333,0.2510833333333333
39420,2016-05-28 02:00:00-05,0.3446833333333333,66.25,0.78,3.45,-2.6667400000000003,0,-1.6988299999999998,-2.37799,0.2411166666666666,0.2296333333333333
39431,2016-05-28 03:00:00-05,0.3396333333333333,66.42,0.78,2.87,-2.44027,0,-2.36707,-1.9816599999999998,0.2743166666666666,0.22443333333333326
39442,2016-05-28 04:00:00-05,0.3447833333333333,66.69,0.79,3.19,-2.37799,0,-1.69885,-2.37799,0.25365,0.24165
39453,2016-05-28 05:00:00-05,0.3457,66.65,0.82,2.5,-2.37799,0,-1.8856700000000002,-2.37799,0.36548333333333327,0.2217
39464,2016-05-28 06:00:00-05,0.3418,66.71,0.62,3.02,17.6293,0,-1.4324700000000001,8.03421,0.6130833333333332,0.23635
39475,2016-05-28 07:00:00-05,0.36825,67.64,0.88,3.45,133.416,0,40.5787,123.805,0.8132666666666666,0.2598666666666666
39486,2016-05-28 08:00:00-05,0.60935,69.24,0.87,3.96,331.185,0,225.655,129.425,0.3335833333333333,0.35655
39497,2016-05-28 09:00:00-05,1.2284833333333331,72.04,0.85,5.71,335.663,0,206.565,196.945,0.3196666666666666,0.2711666666666666
39508,2016-05-28 10:00:00-05,1.118766666666667,75.37,0.84,5.11,567.93,0,433.722,177.21599999999998,0.3262333333333333,0.5957833333333332
39519,2016-05-28 11:00:00-05,0.4631166666666666,78.14,0.72,6.59,879.44,0,236.226,367.015,0.3470833333333333,0.6176333333333331
39530,2016-05-28 12:00:00-05,0.5948333333333332,81.48,0.78,6.81,429.455,0,546.784,813.308,0.3336666666666666,0.4791
39541,2016-05-28 13:00:00-05,0.9334166666666665,84.45,0.81,7.31,385.851,0,968.317,459.908,0.4301833333333333,1.0383666666666669
39552,2016-05-28 14:00:00-05,1.3119333333333332,85.76,0.63,7.36,1089.42,0,967.086,281.244,1.12275,0.9187833333333332
39563,2016-05-28 15:00:00-05,1.2323,86.72,0.53,7.47,735.3510000000001,0,862.846,684.2289999999999,0.9882166666666664,0.9941333333333332
39574,2016-05-28 16:00:00-05,1.5430333333333333,86.91,0.52,6.83,602.019,0,494.079,597.2959999999999,3.1484666666666667,1.2629333333333332
39585,2016-05-28 17:00:00-05,1.66955,86.51,0.43,7.17,411.164,0,350.55699999999996,390.361,2.83915,1.1009166666666668
39596,2016-05-28 18:00:00-05,2.6546166666666666,86.72,0.34,7.95,189.09799999999998,0,98.0806,153.656,1.8209,1.1125
39607,2016-05-28 19:00:00-05,2.060233333333333,84.9,0.17,7.24,12.4033,0,3.75098,18.6519,2.2981166666666666,1.32925
39618,2016-05-28 20:00:00-05,1.6652,82.96,0.07,6.34,-2.7156,0,-2.37679,-2.69846,1.820633333333333,0.6153
39629,2016-05-28 21:00:00-05,1.2991333333333333,80.6,0.21,5.91,-2.37652,0,-2.37719,-2.58583,1.49585,0.562
39640,2016-05-28 22:00:00-05,0.7615333333333331,78.8,0.27,5.88,-2.3771299999999997,0,-2.37721,-2.6261400000000004,1.0063833333333332,0.8677833333333331
39651,2016-05-28 23:00:00-05,0.9471833333333332,77.87,0.41,5.19,-2.37731,0,-2.71719,-2.62642,0.8793,0.3280833333333333
39662,2016-05-29 00:00:00-05,1.3773166666666667,76.0,0.44,5.13,-2.4908,0,-2.71184,-2.37759,0.8239,0.86865
39673,2016-05-29 01:00:00-05,2.26035,74.69,0.33,5.78,-2.71725,0,-2.7177,-2.37797,0.6581666666666666,0.8613833333333331
39684,2016-05-29 02:00:00-05,0.38865,74.14,0.74,5.23,-2.7175,0,-2.54785,-2.37799,0.6416666666666666,0.5983666666666666
39695,2016-05-29 03:00:00-05,0.5144833333333332,73.9,0.69,2.53,-2.37799,0,-2.49689,-2.6837299999999997,0.4955333333333332,0.5486333333333332
39706,2016-05-29 04:00:00-05,0.3742666666666665,72.97,0.69,1.75,-2.71769,0,-2.37799,-2.37233,0.6223666666666666,0.2411333333333333
39717,2016-05-29 05:00:00-05,0.4205833333333333,72.09,0.35,1.67,-2.37799,0,-2.37799,-2.37799,0.5542,0.5014
39728,2016-05-29 06:00:00-05,0.37865,71.18,0.49,2.03,12.4052,0,-1.04179,14.251,1.340566666666667,0.41915
39739,2016-05-29 07:00:00-05,0.2743666666666666,70.37,0.45,2.73,94.3633,0,16.0771,109.056,1.1462166666666669,0.2972833333333333
39750,2016-05-29 08:00:00-05,0.6020666666666666,71.38,0.4,1.45,251.762,0,75.1715,295.743,0.6199166666666666,0.6282333333333332
39761,2016-05-29 09:00:00-05,0.56835,73.4,0.31,3.45,210.114,0,87.7135,606.99,0.7593,0.9549833333333332
39772,2016-05-29 10:00:00-05,0.6735833333333332,76.77,0.23,2.94,555.683,0,305.067,852.9580000000001,0.7540666666666666,1.0298
39783,2016-05-29 11:00:00-05,0.73795,80.83,0.19,3.65,375.955,0,336.98800000000006,683.201,0.7088,0.6077666666666666
39794,2016-05-29 12:00:00-05,0.8115166666666666,82.19,0.18,4.25,1077.31,0,186.637,342.88,0.6338333333333332,0.66455
39805,2016-05-29 13:00:00-05,1.1872666666666667,83.1,0.16,4.61,361.274,0,327.95300000000003,1055.21,0.6563833333333332,4.155916666666666
39816,2016-05-29 14:00:00-05,1.2219,83.61,0.17,5.72,754.2760000000001,0,401.267,806.716,0.7944833333333331,2.1256833333333334
39827,2016-05-29 15:00:00-05,1.4913833333333333,85.11,0.27,5.68,478.224,0,427.79,401.694,0.7453666666666666,1.8522166666666668
39838,2016-05-29 16:00:00-05,1.8597666666666668,86.32,0.29,5.44,161.322,0,445.194,637.877,0.8671,1.894183333333333
39849,2016-05-29 17:00:00-05,2.2796833333333333,86.41,0.43,5.43,171.02900000000002,0,173.265,198.63400000000001,1.69085,1.4711333333333332
39860,2016-05-29 18:00:00-05,3.470066666666667,85.78,0.28,6.6,72.8227,0,81.4636,56.7169,1.4418,1.7773333333333332
39871,2016-05-29 19:00:00-05,2.140016666666667,84.34,0.2,6.26,16.9681,0,0.113177,2.71536,0.8646666666666666,1.5228333333333333
39882,2016-05-29 20:00:00-05,1.2116166666666668,83.0,0.09,5.37,-2.71627,0,-2.37717,-2.3763799999999997,0.9414,1.5106333333333333
39893,2016-05-29 21:00:00-05,1.33025,79.84,0.14,4.32,-2.71677,0,-2.37721,-2.37677,0.5945833333333332,0.9016
39904,2016-05-29 22:00:00-05,1.4226,77.79,0.41,4.5,-2.71696,0,-2.37728,-2.71677,0.4356,0.64015
39915,2016-05-29 23:00:00-05,0.8476166666666666,75.99,0.12,5.18,-2.71158,0,-2.37758,-2.71679,0.7103166666666666,0.7050166666666666
39926,2016-05-30 00:00:00-05,0.6115833333333331,74.98,0.22,4.67,-2.71769,1,-2.71729,-2.56999,0.4529666666666666,0.6863666666666666
39937,2016-05-30 01:00:00-05,0.43486666666666657,73.9,0.25,4.2,-2.47424,1,-2.7177,-2.37759,0.39265,0.5894833333333332
39948,2016-05-30 02:00:00-05,0.37556666666666655,73.01,0.44,4.04,-2.6724099999999997,1,-2.37799,-2.37761,0.38425,0.40615
39959,2016-05-30 03:00:00-05,0.37336666666666657,72.35,0.73,3.24,-2.7177,1,-1.6985599999999998,-2.6155,0.2676666666666666,0.3759833333333333
39970,2016-05-30 04:00:00-05,0.3660666666666666,72.35,0.87,1.25,-2.71773,1,-1.82313,-2.37799,0.2380166666666666,0.39245
39981,2016-05-30 05:00:00-05,0.3628,71.88,0.66,0.96,-2.71807,1,-1.95335,-1.75518,0.22601666666666664,0.71835
39992,2016-05-30 06:00:00-05,0.2384166666666666,69.74,0.55,0.76,18.7494,1,-0.503907,15.7514,0.3015166666666666,1.1113333333333333
40003,2016-05-30 07:00:00-05,0.5187166666666666,68.22,0.82,0.09,170.765,1,26.4151,176.702,0.5319333333333331,3.3354833333333334
40014,2016-05-30 08:00:00-05,0.8320666666666666,68.6,0.83,2.3,464.89599999999996,1,22.0154,354.61699999999996,0.5766,0.3578
40025,2016-05-30 09:00:00-05,0.5369166666666666,69.61,0.63,4.59,304.495,1,484.231,554.868,0.6327333333333331,0.3327
40036,2016-05-30 10:00:00-05,1.01595,71.48,0.36,7.04,388.87300000000005,1,319.435,778.434,0.5257166666666666,0.3693833333333333
40047,2016-05-30 11:00:00-05,0.8376666666666666,76.13,0.26,5.79,938.438,1,526.467,984.08,0.3663166666666666,0.33
40058,2016-05-30 12:00:00-05,0.9219,81.15,0.24,4.63,412.10699999999997,1,1046.16,1134.57,0.7386,0.4282666666666666
40069,2016-05-30 13:00:00-05,0.9329,84.56,0.23,4.19,1098.11,1,548.9580000000001,700.748,0.7280333333333332,0.4264833333333333
40080,2016-05-30 14:00:00-05,0.9917166666666664,86.16,0.2,4.21,982.295,1,376.598,1057.84,1.0874333333333333,0.6909166666666666
40091,2016-05-30 15:00:00-05,1.0585,86.76,0.18,4.62,805.3960000000001,1,845.0210000000001,340.73699999999997,1.3196,0.58125
40102,2016-05-30 16:00:00-05,1.1739,86.71,0.15,4.01,612.53,1,653.3919999999999,593.997,2.119966666666667,0.9303666666666665
40113,2016-05-30 17:00:00-05,1.2065833333333331,86.13,0.15,3.91,249.704,1,368.564,213.15,2.636216666666667,1.3743166666666669
40124,2016-05-30 18:00:00-05,1.5685666666666669,85.64,0.15,4.5,114.477,1,148.972,176.31400000000002,2.329283333333333,1.8720666666666668
40135,2016-05-30 19:00:00-05,1.4476833333333332,83.93,0.11,4.42,7.502339999999999,1,5.12384,10.1605,2.519366666666667,1.6950833333333333
40146,2016-05-30 20:00:00-05,1.20505,81.96,0.06,3.71,-2.5918200000000002,1,-2.71552,-2.71621,1.9245,1.7467333333333332
40157,2016-05-30 21:00:00-05,1.2140333333333333,79.59,0.1,3.41,-2.5017,1,-2.71623,-2.37716,0.8605333333333332,1.8523333333333332
40168,2016-05-30 22:00:00-05,1.0967333333333331,78.3,0.21,3.57,-2.49039,1,-2.71678,-2.37719,0.8241166666666666,1.2852333333333332
40179,2016-05-30 23:00:00-05,1.0419,77.01,0.25,4.17,-2.38289,1,-2.71718,-2.38318,1.0802666666666667,0.87405
40190,2016-05-31 00:00:00-05,1.05965,75.2,0.38,3.98,-2.37755,1,-2.37793,-2.37759,0.5134333333333332,0.78545
40201,2016-05-31 01:00:00-05,0.8536666666666666,74.62,0.81,3.62,-2.37759,1,-1.6985599999999998,-2.37759,0.2298333333333333,0.7329333333333332
40212,2016-05-31 02:00:00-05,0.8618666666666666,73.78,0.91,4.0,-2.37763,1,-2.35534,-2.14549,0.2259,0.5583666666666666
40223,2016-05-31 03:00:00-05,0.6465333333333332,73.17,0.9,3.24,-2.37795,1,-2.11754,-2.7002599999999997,0.2261833333333333,0.5857166666666666
40234,2016-05-31 04:00:00-05,0.5408333333333332,72.93,0.91,2.88,-2.66675,1,-1.8627599999999997,-2.37777,0.2396333333333333,0.58815
40245,2016-05-31 05:00:00-05,0.41471666666666657,72.89,0.93,3.27,-2.7177,1,-2.25343,-2.41762,0.22761666666666666,0.7186833333333332
40256,2016-05-31 06:00:00-05,0.401,72.93,0.94,3.91,24.6009,1,3.23855,11.6519,0.3350833333333333,0.9283166666666663
40267,2016-05-31 07:00:00-05,0.3798833333333333,73.2,0.95,3.46,82.7105,1,122.189,197.78799999999998,0.6668833333333332,0.3518166666666666
40278,2016-05-31 08:00:00-05,0.3406333333333333,73.95,0.94,3.26,315.064,1,148.509,98.7158,0.9682833333333332,0.3478
40289,2016-05-31 09:00:00-05,0.3341833333333333,75.2,0.92,4.39,682.6410000000001,1,638.837,94.8176,0.6504833333333332,0.46935
40300,2016-05-31 10:00:00-05,0.6580333333333332,76.98,0.78,4.31,308.971,1,713.438,216.47400000000002,0.434,0.48355
40311,2016-05-31 11:00:00-05,0.6727833333333332,78.49,0.71,5.0,982.2589999999999,1,375.162,583.2819999999999,0.3463166666666666,0.90665
40322,2016-05-31 12:00:00-05,0.5641166666666666,79.53,0.56,4.65,1065.54,1,534.332,616.615,0.3552166666666666,0.9606666666666664
40333,2016-05-31 13:00:00-05,0.7677666666666666,79.58,0.57,4.32,1089.12,1,567.323,370.49800000000005,0.3739,0.9513666666666664
40344,2016-05-31 14:00:00-05,0.6148,79.27,0.5,4.46,486.13800000000003,1,385.12300000000005,378.32599999999996,1.0958,1.139233333333333
40355,2016-05-31 15:00:00-05,0.5931166666666666,78.64,0.53,3.68,814.275,1,577.11,449.01599999999996,2.7304833333333334,1.47135
40366,2016-05-31 16:00:00-05,0.5159333333333332,77.74,0.54,2.95,626.144,1,555.275,580.761,0.5277666666666666,1.3102666666666667
40377,2016-05-31 17:00:00-05,0.3289,75.91,0.63,2.74,231.5,1,296.335,369.324,0.4917166666666666,1.4995
40388,2016-05-31 18:00:00-05,0.4521,73.42,0.55,3.01,224.578,1,66.812,85.0278,0.7503,1.4334833333333332
40399,2016-05-31 19:00:00-05,0.7612166666666667,72.06,0.33,4.03,23.6667,1,4.73536,10.5483,0.5031666666666667,1.2956833333333333
40410,2016-05-31 20:00:00-05,2.21095,71.05,0.54,2.1,-2.7157299999999998,1,-2.71657,-2.71539,0.3481333333333333,1.1916166666666668
40421,2016-05-31 21:00:00-05,1.1499666666666668,70.41,0.55,1.59,-2.37677,1,-2.69988,-2.71608,0.3735333333333333,0.7297666666666665
40432,2016-05-31 22:00:00-05,0.4080166666666665,68.89,0.16,1.34,-4.19402,1,-2.7173,-2.38278,0.2516833333333333,0.7682166666666665
40443,2016-05-31 23:00:00-05,0.23056666666666664,68.04,0.13,1.3,-1.69315,1,-2.37799,-2.37719,0.2347333333333333,0.56995
40454,2016-06-01 00:00:00-05,0.3599166666666666,68.5,0.37,1.11,0.339937,1,-2.361,-2.36023,0.2289,0.59525
40465,2016-06-01 01:00:00-05,0.3812333333333333,67.84,0.41,0.57,-1.01416,1,-2.37799,-2.26399,0.23375,0.599
40476,2016-06-01 02:00:00-05,0.2869,67.86,0.45,0.84,-1.7110400000000001,1,-2.80829,-2.21895,0.23055,0.53785
40487,2016-06-01 03:00:00-05,0.2242,67.95,0.96,2.07,-0.521246,1,-2.56488,-2.37756,0.2235,0.5206666666666666
40498,2016-06-01 04:00:00-05,0.2416666666666666,68.4,0.94,0.92,-1.01983,1,-2.7177700000000002,-2.21342,0.2417,0.39771666666666655
40509,2016-06-01 05:00:00-05,0.46575,68.05,0.61,1.05,-1.6997099999999998,1,-2.37812,-2.37759,0.5123833333333332,0.6615333333333332
40520,2016-06-01 06:00:00-05,0.6673333333333332,68.04,0.92,2.29,0.362606,1,1.6702599999999999,24.4892,0.6149166666666666,0.9384666666666664
40531,2016-06-01 07:00:00-05,0.2201,68.33,0.71,2.52,25.8335,1,69.3095,148.315,0.3603166666666666,0.7368833333333332
40542,2016-06-01 08:00:00-05,0.1938,69.91,0.31,1.96,141.889,1,79.6132,168.1,0.2362333333333333,0.6185666666666666
40553,2016-06-01 09:00:00-05,0.2755333333333333,72.59,0.34,3.39,286.055,1,339.288,289.756,0.223,0.6332333333333332
40564,2016-06-01 10:00:00-05,0.501,75.48,0.61,2.53,805.677,1,342.535,730.215,0.3459333333333333,0.7578166666666666
40575,2016-06-01 11:00:00-05,0.6624333333333332,78.14,0.68,1.43,485.48900000000003,1,241.835,381.545,0.2075,1.05995
40586,2016-06-01 12:00:00-05,0.852333333333333,80.32,0.36,1.9,1003.13,1,402.7,409.949,0.2015,1.1230166666666668
40597,2016-06-01 13:00:00-05,0.8349,82.49,0.51,1.43,905.462,1,297.39599999999996,964.704,0.21406666666666666,1.0109333333333332
40608,2016-06-01 14:00:00-05,1.2403666666666668,83.97,0.69,2.5,940.204,1,465.695,926.6110000000001,0.2791166666666666,1.0156666666666665
40619,2016-06-01 15:00:00-05,1.866866666666667,84.62,0.68,3.96,911.8539999999999,1,339.87300000000005,458.95099999999996,0.2787,1.0682166666666668
40630,2016-06-01 16:00:00-05,1.744983333333333,84.66,0.45,4.68,646.8530000000001,1,251.378,392.709,0.3246166666666666,1.4019166666666667
40641,2016-06-01 17:00:00-05,1.65945,84.93,0.25,4.39,168.479,1,60.4915,161.412,0.2683166666666666,1.2006333333333332
40652,2016-06-01 18:00:00-05,2.61825,83.53,0.39,4.16,223.428,1,43.5714,18.2439,0.5961,1.8595833333333331
40663,2016-06-01 19:00:00-05,1.9213333333333331,81.76,0.49,4.41,51.286,1,0.322836,-1.60658,0.96205,1.3681666666666668
40674,2016-06-01 20:00:00-05,1.5542166666666668,80.99,0.3,3.51,-2.71583,1,-2.37915,-2.71579,0.6802666666666666,1.1659833333333331
40685,2016-06-01 21:00:00-05,1.1769833333333333,78.06,0.69,4.37,-2.37718,1,-2.3792,-2.37665,0.5181333333333332,1.0611
40696,2016-06-01 22:00:00-05,0.9055,75.34,0.47,4.09,-2.50771,1,-2.37947,-2.86912,0.4596,0.99825
40707,2016-06-01 23:00:00-05,1.0858666666666668,74.39,0.54,2.86,-2.3776,1,-2.3796,-1.5510700000000002,0.4236833333333333,0.60685
40718,2016-06-02 00:00:00-05,1.253183333333333,73.62,0.72,2.51,-2.7173599999999998,1,-2.3796,1.01925,0.3994666666666665,0.5937
40729,2016-06-02 01:00:00-05,0.3996333333333333,73.09,0.9,3.33,-2.37797,1,-2.3796,-0.130267,0.19816666666666666,0.7315666666666665
40740,2016-06-02 02:00:00-05,0.4003,72.57,0.8,1.85,-2.7177,1,-2.23248,-0.962684,0.2539166666666666,0.5494333333333332
40751,2016-06-02 03:00:00-05,0.5188666666666666,71.9,0.9,2.45,-1.73826,1,-2.38006,-2.34998,0.19928333333333328,0.3954
40762,2016-06-02 04:00:00-05,0.3995833333333333,71.78,0.89,2.36,-2.3785,1,-2.37469,-2.3780099999999997,0.19431666666666664,0.5364
40773,2016-06-02 05:00:00-05,0.54495,71.52,0.94,1.93,-1.8917099999999998,1,-1.90432,-2.37799,0.41606666666666653,0.73585
40784,2016-06-02 06:00:00-05,1.1735166666666668,71.0,0.95,2.8,5.28432,1,-0.34005799999999997,4.49545,0.6280666666666666,0.6345
40795,2016-06-02 07:00:00-05,0.5554666666666666,69.45,0.54,3.16,131.468,1,38.8459,97.3173,0.39761666666666656,0.8409
40806,2016-06-02 08:00:00-05,0.5296,68.07,0.59,2.23,262.336,1,63.9875,98.8067,0.39301666666666657,0.5904166666666666
40817,2016-06-02 09:00:00-05,0.4816333333333332,68.73,0.42,2.85,218.892,1,96.4057,256.753,0.19416666666666665,0.5527166666666666
40828,2016-06-02 10:00:00-05,0.3507166666666666,70.89,0.3,2.06,354.591,1,175.645,299.755,0.1976,0.5311333333333332
40839,2016-06-02 11:00:00-05,0.35655,71.72,0.6,1.9,298.411,1,147.592,476.499,0.2627166666666666,0.6563333333333332
40850,2016-06-02 12:00:00-05,0.6611,74.59,0.7,3.09,266.885,1,216.079,690.855,0.3126833333333333,0.7741166666666666
40861,2016-06-02 13:00:00-05,0.7533,75.66,0.51,3.17,1073.92,1,338.342,556.321,0.3493,1.5912166666666667
40872,2016-06-02 14:00:00-05,0.8189333333333331,77.74,0.41,2.93,1053.38,1,159.481,882.735,0.2703166666666666,2.8093166666666667
40883,2016-06-02 15:00:00-05,1.1943833333333331,79.06,0.51,3.14,207.033,1,274.349,402.184,0.21926666666666664,1.6534333333333333
40894,2016-06-02 16:00:00-05,1.137066666666667,79.94,0.46,2.91,228.699,1,295.525,527.783,0.2405333333333333,1.734883333333333
40905,2016-06-02 17:00:00-05,1.1279666666666668,80.7,0.32,2.35,153.559,1,182.428,193.524,0.3386333333333333,1.6324833333333333
40916,2016-06-02 18:00:00-05,0.9619,80.46,0.24,2.76,51.4261,1,73.5601,69.9506,0.2860666666666666,1.23645
40927,2016-06-02 19:00:00-05,0.8674333333333331,78.91,0.11,2.6,19.5614,1,0.339804,1.70861,0.2392333333333333,0.807983333333333
40938,2016-06-02 20:00:00-05,1.0367,76.86,0.2,2.25,-2.37799,1,-2.37901,-2.37665,0.38721666666666654,0.7008
40949,2016-06-02 21:00:00-05,0.78765,74.92,0.65,1.93,-2.37839,1,-2.3792,-2.37685,0.3416166666666666,0.6418166666666666
40960,2016-06-02 22:00:00-05,0.6953833333333332,72.79,0.43,1.3,-2.53166,1,-2.37953,-2.37718,0.2698333333333333,0.7105833333333332
40971,2016-06-02 23:00:00-05,0.5760666666666666,71.58,0.18,1.78,-2.71862,1,-2.18696,-2.37719,0.2547833333333333,0.371
40982,2016-06-03 00:00:00-05,0.3596333333333333,70.8,0.69,2.5,-2.37886,1,-2.3796,-2.37725,0.2618666666666666,0.3662666666666666
40993,2016-06-03 01:00:00-05,0.2814166666666666,68.95,0.33,1.84,-2.50947,1,-2.22096,-1.69813,0.2392166666666666,0.2383
41004,2016-06-03 02:00:00-05,0.2506166666666666,67.87,0.39,2.06,-2.41319,1,-2.3796,-2.3153,0.2515,0.2298833333333333
41015,2016-06-03 03:00:00-05,0.2366166666666666,67.18,0.61,1.95,-2.71908,1,-2.71959,-1.86245,0.22941666666666666,0.22751666666666664
41026,2016-06-03 04:00:00-05,0.23025,66.93,0.59,1.54,-2.71915,1,-2.72004,-2.37761,0.2228,0.2901833333333333
41037,2016-06-03 05:00:00-05,0.2612333333333333,66.68,0.55,1.69,-2.7195099999999996,1,-2.3803799999999997,-2.51372,0.44411666666666655,0.5760666666666666
41048,2016-06-03 06:00:00-05,0.5828666666666666,65.93,0.56,0.54,27.3314,1,7.29367,12.4042,0.38595,0.5102666666666666
41059,2016-06-03 07:00:00-05,0.3107833333333333,66.27,0.92,0.52,209.71,1,153.239,159.944,0.4723666666666666,0.2824
41070,2016-06-03 08:00:00-05,0.2460666666666666,67.81,0.79,0.28,428.844,1,392.16,360.7,0.25845,0.21606666666666666
41081,2016-06-03 09:00:00-05,0.2310666666666666,71.21,0.73,1.0,637.476,1,623.2080000000001,614.626,0.2837333333333333,0.20213333333333328
41092,2016-06-03 10:00:00-05,0.3482333333333333,74.35,0.6,1.51,818.6439999999999,1,812.7510000000001,793.284,0.3009833333333333,0.2131
41103,2016-06-03 11:00:00-05,0.7133333333333332,76.86,0.52,2.97,1014.21,1,945.72,931.7769999999999,0.3260833333333333,0.1954833333333333
41114,2016-06-03 12:00:00-05,0.7039666666666666,78.87,0.57,3.63,331.392,1,1016.14,979.448,0.31785,0.19251666666666664
41125,2016-06-03 13:00:00-05,1.0266166666666667,80.25,0.79,3.48,77.3639,1,1015.3,970.7360000000001,0.40776666666666656,0.2263
41136,2016-06-03 14:00:00-05,0.9581166666666664,81.76,0.57,3.8,738.5830000000001,1,950.985,973.044,0.2487833333333333,0.21161666666666665
41147,2016-06-03 15:00:00-05,1.2258166666666668,82.4,0.63,3.03,963.712,1,819.605,835.79,0.22261666666666666,0.3557
41158,2016-06-03 16:00:00-05,1.4908833333333331,82.56,0.46,3.61,208.77,1,632.621,29.1485,0.2852666666666666,0.32595
41169,2016-06-03 17:00:00-05,1.77975,82.44,0.55,3.38,427.38599999999997,1,406.853,576.25,0.26355,0.3909
41180,2016-06-03 18:00:00-05,1.7711333333333332,81.2,0.63,3.87,80.3187,1,185.612,241.868,0.38101666666666656,0.4678166666666666
41191,2016-06-03 19:00:00-05,1.9191,80.38,0.7,3.44,62.2594,1,10.5468,36.3953,0.5748833333333332,0.8753833333333331
41202,2016-06-03 20:00:00-05,1.67935,77.4,0.58,2.38,-2.7168200000000002,1,-3.45874,-2.71581,0.3311333333333333,0.6865333333333332
41213,2016-06-03 21:00:00-05,1.2894,74.04,0.48,2.53,-2.7174,1,-3.3977,-2.7164200000000003,0.3529333333333333,0.7771166666666666
41224,2016-06-03 22:00:00-05,1.4037333333333333,71.01,0.67,1.52,-2.7177,1,-3.39868,-2.71678,0.35765,0.7155833333333332
41235,2016-06-03 23:00:00-05,0.5042833333333332,68.97,0.47,1.56,-2.64457,1,-3.25209,-2.71717,0.2333,0.5982833333333332
41246,2016-06-04 00:00:00-05,0.2769333333333333,69.7,0.7,2.63,-2.37879,0,-2.9235599999999997,-2.71728,0.19715,0.42846666666666655
41257,2016-06-04 01:00:00-05,0.5408166666666666,68.96,0.67,2.42,-2.46942,0,-2.9524,-2.7175,0.23345,0.3527333333333333
41268,2016-06-04 02:00:00-05,0.4169,68.63,0.65,3.3,-2.5373799999999997,0,-2.7204599999999997,-2.6667400000000003,0.2412,0.3446833333333333
41279,2016-06-04 03:00:00-05,0.20788333333333328,68.19,0.6,3.41,-2.52605,0,-2.7204599999999997,-2.44027,0.2451333333333333,0.3396333333333333
41290,2016-06-04 04:00:00-05,0.22381666666666666,68.28,0.62,3.43,-2.32216,0,-3.09453,-2.37799,0.2355,0.3447833333333333
41301,2016-06-04 05:00:00-05,0.24345,67.99,0.5,2.71,-2.2541900000000004,0,-2.7204599999999997,-2.37799,0.4469833333333333,0.3457
41312,2016-06-04 06:00:00-05,0.4349,67.95,0.54,2.92,1.0194299999999998,0,9.776689999999999,17.6293,2.157766666666667,0.3418
41323,2016-06-04 07:00:00-05,0.6990666666666666,68.45,0.59,3.4,51.9597,0,198.577,133.416,1.2756,0.36825
41334,2016-06-04 08:00:00-05,0.77425,69.58,0.83,2.77,84.5493,0,422.466,331.185,0.3213833333333333,0.60935
41345,2016-06-04 09:00:00-05,0.5753833333333332,71.39,0.59,3.17,6.66517,0,649.424,335.663,0.3064333333333333,1.2284833333333331
41356,2016-06-04 10:00:00-05,0.53435,73.29,0.32,3.71,17.0423,0,825.7130000000001,567.93,0.283,1.118766666666667
41367,2016-06-04 11:00:00-05,0.37166666666666653,74.76,0.54,4.68,121.46600000000001,0,960.013,879.44,0.2640166666666666,0.4631166666666666
41378,2016-06-04 12:00:00-05,0.8117166666666666,78.04,0.4,5.16,273.393,0,1015.39,429.455,0.2595666666666666,0.5948333333333332
41389,2016-06-04 13:00:00-05,1.266233333333333,80.59,0.38,5.78,536.054,0,1006.95,385.851,1.1009666666666669,0.9334166666666665
41400,2016-06-04 14:00:00-05,1.2884,80.89,0.29,5.59,604.262,0,947.347,1089.42,0.7266,1.3119333333333332
41411,2016-06-04 15:00:00-05,1.43415,82.01,0.37,6.49,338.975,0,811.125,735.3510000000001,1.6198333333333332,1.2323
41422,2016-06-04 16:00:00-05,1.4619,83.03,0.41,7.29,329.116,0,633.985,602.019,1.31645,1.5430333333333333
41433,2016-06-04 17:00:00-05,0.928,79.36,0.42,7.23,261.754,0,396.384,411.164,1.30545,1.66955
41444,2016-06-04 18:00:00-05,0.7706333333333331,78.21,0.62,6.72,7.59715,0,194.74,189.09799999999998,2.196,2.6546166666666666
41455,2016-06-04 19:00:00-05,0.6622166666666666,77.44,0.34,6.06,28.2309,0,6.5993,12.4033,1.5938333333333332,2.060233333333333
41466,2016-06-04 20:00:00-05,0.6452833333333332,75.93,0.62,5.05,-1.67107,0,-3.3948,-2.7156,0.70345,1.6652
41477,2016-06-04 21:00:00-05,0.7837166666666666,73.6,0.72,3.53,-1.29156,0,-3.39609,-2.37652,0.3408166666666666,1.2991333333333333
41488,2016-06-04 22:00:00-05,0.6003833333333332,72.43,0.41,2.66,-2.71908,0,-3.39711,-2.3771299999999997,0.2569,0.7615333333333331
41499,2016-06-04 23:00:00-05,0.5761666666666666,71.14,0.36,2.99,-1.7901,0,-3.3980599999999996,-2.37731,0.2101,0.9471833333333332
41510,2016-06-05 00:00:00-05,0.3928,70.94,0.48,3.23,-1.69387,0,-3.39833,-2.4908,0.19953333333333328,1.3773166666666667
41521,2016-06-05 01:00:00-05,0.3642666666666666,70.45,0.25,2.83,-2.03963,0,-3.39906,-2.71725,0.2056,2.26035
41532,2016-06-05 02:00:00-05,0.22485,69.58,0.4,3.25,-2.3796,0,-3.39943,-2.7175,0.1953,0.38865
41543,2016-06-05 03:00:00-05,0.2442,68.74,0.28,3.21,-2.3796,0,-3.3598199999999996,-2.37799,0.18971666666666664,0.5144833333333332
41554,2016-06-05 04:00:00-05,0.3709333333333333,68.49,0.29,3.46,-2.24362,0,-3.07172,-2.71769,0.2874,0.3742666666666665
41565,2016-06-05 05:00:00-05,0.2980166666666666,67.9,0.3,3.88,-1.01983,0,-3.40061,-2.37799,0.4959166666666666,0.4205833333333333
41576,2016-06-05 06:00:00-05,0.2635,67.44,0.27,4.05,12.1076,0,15.1633,12.4052,0.55425,0.37865
41587,2016-06-05 07:00:00-05,0.2234,67.84,0.25,3.97,181.90900000000002,0,199.378,94.3633,0.3558166666666666,0.2743666666666666
41598,2016-06-05 08:00:00-05,0.22373333333333328,69.97,0.17,4.72,425.55300000000005,0,417.716,251.762,0.24995,0.6020666666666666
41609,2016-06-05 09:00:00-05,0.2555,73.48,0.11,6.09,319.942,0,642.911,210.114,0.2527333333333333,0.56835
41620,2016-06-05 10:00:00-05,1.2533666666666667,77.14,0.07,7.16,609.788,0,833.012,555.683,0.2665,0.6735833333333332
41631,2016-06-05 11:00:00-05,1.8283833333333332,80.33,0.09,7.56,844.622,0,956.817,375.955,0.2695666666666666,0.73795
41642,2016-06-05 12:00:00-05,1.3331166666666667,82.52,0.14,7.76,1101.11,0,1029.42,1077.31,0.2680166666666666,0.8115166666666666
41653,2016-06-05 13:00:00-05,1.7621666666666669,84.53,0.19,8.0,756.7130000000001,0,1018.33,361.274,0.34495,1.1872666666666667
41664,2016-06-05 14:00:00-05,1.6201666666666668,85.49,0.32,7.53,299.592,0,946.942,754.2760000000001,0.5775833333333332,1.2219
41675,2016-06-05 15:00:00-05,1.6633166666666668,86.12,0.33,7.83,357.596,0,822.9989999999999,478.224,0.7798666666666666,1.4913833333333333
41686,2016-06-05 16:00:00-05,3.8435833333333327,86.48,0.26,8.4,940.857,0,623.5369999999999,161.322,0.9204333333333332,1.8597666666666668
41697,2016-06-05 17:00:00-05,2.285166666666667,86.16,0.17,8.19,277.10200000000003,0,397.481,171.02900000000002,0.9863,2.2796833333333333
41708,2016-06-05 18:00:00-05,1.7475166666666668,85.17,0.17,7.12,73.3728,0,179.63299999999998,72.8227,1.0824166666666668,3.470066666666667
41719,2016-06-05 19:00:00-05,1.065516666666667,83.52,0.03,6.2,14.8097,0,5.36273,16.9681,0.6044333333333332,2.140016666666667
41730,2016-06-05 20:00:00-05,1.30815,81.13,0.12,4.83,-2.4054900000000004,0,-3.39561,-2.71627,0.5622666666666666,1.2116166666666668
41741,2016-06-05 21:00:00-05,0.9320833333333332,77.34,0.08,3.98,-2.57005,0,-3.3967,-2.71677,0.37485,1.33025
41752,2016-06-05 22:00:00-05,0.7183833333333332,74.58,0.05,3.21,-2.3949700000000003,0,-3.51079,-2.71696,0.7211666666666665,1.4226
41763,2016-06-05 23:00:00-05,0.8857333333333332,72.24,0.04,2.42,-2.9215299999999997,0,-3.26824,-2.71158,0.8809833333333331,0.8476166666666666
41774,2016-06-06 00:00:00-05,0.4733166666666666,71.08,0.05,3.28,-2.71813,1,-2.98578,-2.71769,0.37361666666666654,0.6115833333333331
41785,2016-06-06 01:00:00-05,0.4926166666666666,69.78,0.05,3.01,-2.7186,1,-2.86685,-2.47424,0.3051666666666666,0.43486666666666657
41796,2016-06-06 02:00:00-05,0.4544333333333333,69.0,0.03,3.14,-2.71862,1,-2.9348400000000003,-2.6724099999999997,0.2804333333333333,0.37556666666666655
41807,2016-06-06 03:00:00-05,0.3131166666666666,68.12,0.03,3.03,-2.45283,1,-3.07665,-2.7177,0.22641666666666665,0.37336666666666657
41818,2016-06-06 04:00:00-05,0.2364666666666666,67.76,0.04,3.07,-1.8580599999999998,1,-2.72027,-2.71773,0.24145,0.3660666666666666
41829,2016-06-06 05:00:00-05,0.22325,67.49,0.14,3.16,-2.16981,1,-2.7204599999999997,-2.71807,0.21838333333333326,0.3628
41840,2016-06-06 06:00:00-05,0.22996666666666665,67.21,0.19,3.37,15.7378,1,9.43667,18.7494,0.2387,0.2384166666666666
41851,2016-06-06 07:00:00-05,0.41765,67.39,0.08,3.64,218.106,1,194.315,170.765,0.5353833333333332,0.5187166666666666
41862,2016-06-06 08:00:00-05,0.3705333333333333,70.21,0.04,3.97,442.435,1,415.469,464.89599999999996,0.5728666666666666,0.8320666666666666
41873,2016-06-06 09:00:00-05,0.8575166666666666,74.69,0.05,4.88,664.3589999999999,1,541.866,304.495,0.4711166666666666,0.5369166666666666
41884,2016-06-06 10:00:00-05,0.9664333333333333,78.92,0.05,5.42,394.36800000000005,1,632.452,388.87300000000005,0.50915,1.01595
41895,2016-06-06 11:00:00-05,1.58955,81.92,0.06,6.4,941.549,1,550.164,938.438,0.6871333333333332,0.8376666666666666
41906,2016-06-06 12:00:00-05,1.5031666666666668,84.41,0.05,5.13,500.42699999999996,1,1054.81,412.10699999999997,0.2966833333333333,0.9219
41917,2016-06-06 13:00:00-05,1.8088,86.1,0.11,4.42,188.175,1,1057.78,1098.11,0.21668333333333328,0.9329
41928,2016-06-06 14:00:00-05,1.8877666666666668,87.18,0.11,4.64,476.93800000000005,1,989.9639999999999,982.295,0.4864,0.9917166666666664
41939,2016-06-06 15:00:00-05,1.538,87.83,0.11,5.35,391.798,1,816.27,805.3960000000001,0.7700833333333331,1.0585
41950,2016-06-06 16:00:00-05,2.065733333333333,88.1,0.19,5.27,685.015,1,624.637,612.53,0.8073,1.1739
41961,2016-06-06 17:00:00-05,4.143083333333333,88.31,0.18,4.6,461.07099999999997,1,439.031,249.704,0.9940833333333332,1.2065833333333331
41972,2016-06-06 18:00:00-05,3.134516666666667,87.54,0.05,3.95,87.4999,1,91.5411,114.477,0.747533333333333,1.5685666666666669
41983,2016-06-06 19:00:00-05,2.0494166666666667,86.16,0.02,3.55,45.325,1,6.316319999999999,7.502339999999999,0.835283333333333,1.4476833333333332
41994,2016-06-06 20:00:00-05,1.3271166666666667,83.79,0.02,3.01,-2.71617,1,-2.5137400000000003,-2.5918200000000002,0.6931166666666666,1.20505
42005,2016-06-06 21:00:00-05,1.4124333333333332,79.76,0.03,2.47,-2.71677,1,-2.5706700000000002,-2.5017,0.3566,1.2140333333333333
42016,2016-06-06 22:00:00-05,0.8877333333333332,76.79,0.01,2.04,-2.7172099999999997,1,-2.7125,-2.49039,0.9853333333333332,1.0967333333333331
42027,2016-06-06 23:00:00-05,0.7250833333333332,74.81,0.01,0.61,-2.71748,1,-2.46941,-2.38289,0.57185,1.0419
42038,2016-06-07 00:00:00-05,0.7325333333333331,74.24,0.44,1.41,-2.7177,1,-2.37879,-2.37755,0.2402,1.05965
42049,2016-06-07 01:00:00-05,0.5872,72.69,0.14,1.24,-2.71786,1,-1.90304,-2.37759,0.2317666666666666,0.8536666666666666
42060,2016-06-07 02:00:00-05,0.4107333333333333,71.71,0.1,1.32,-2.5596,1,-2.3788,-2.37763,0.2476833333333333,0.8618666666666666
42071,2016-06-07 03:00:00-05,0.39555,70.87,0.44,2.05,-2.3785,1,-2.39595,-2.37795,0.22946666666666665,0.6465333333333332
42082,2016-06-07 04:00:00-05,0.3915,70.06,0.24,3.0,-2.4580599999999997,1,-2.3791599999999997,-2.66675,0.22423333333333328,0.5408333333333332
42093,2016-06-07 05:00:00-05,0.35815,69.21,0.01,3.05,-2.57136,1,-2.3961900000000003,-2.7177,0.2322166666666666,0.41471666666666657
42104,2016-06-07 06:00:00-05,0.22081666666666666,68.41,0.04,1.42,19.9878,1,0.747737,24.6009,0.23055,0.401
42115,2016-06-07 07:00:00-05,0.2852666666666666,68.43,0.04,1.43,214.25799999999998,1,29.9108,82.7105,0.22016666666666665,0.3798833333333333
42126,2016-06-07 08:00:00-05,1.2246,71.96,0.04,2.11,420.176,1,149.43200000000002,315.064,2.078316666666667,0.3406333333333333
42137,2016-06-07 09:00:00-05,1.0140833333333332,77.49,0.04,2.02,629.903,1,194.019,682.6410000000001,1.9021833333333331,0.3341833333333333
42148,2016-06-07 10:00:00-05,1.535,82.29,0.07,2.46,404.04900000000004,1,187.667,308.971,0.5419166666666666,0.6580333333333332
42159,2016-06-07 11:00:00-05,1.250916666666667,85.11,0.17,2.77,963.887,1,101.944,982.2589999999999,0.4080666666666666,0.6727833333333332
42170,2016-06-07 12:00:00-05,1.5134833333333333,85.53,0.11,2.88,708.181,1,490.087,1065.54,0.5942166666666666,0.5641166666666666
42181,2016-06-07 13:00:00-05,1.69015,86.5,0.25,3.58,785.46,1,1147.58,1089.12,0.6484833333333332,0.7677666666666666
42192,2016-06-07 14:00:00-05,1.5955166666666667,88.21,0.4,3.03,250.64700000000002,1,430.413,486.13800000000003,1.5924833333333333,0.6148
42203,2016-06-07 15:00:00-05,2.240766666666667,88.5,0.39,3.3,232.312,1,430.839,814.275,1.7002,0.5931166666666666
42214,2016-06-07 16:00:00-05,2.87235,89.82,0.22,3.77,629.503,1,293.005,626.144,0.6928833333333332,0.5159333333333332
42225,2016-06-07 17:00:00-05,3.0519,89.43,0.12,3.19,201.21900000000002,1,194.24200000000002,231.5,0.6361,0.3289
42236,2016-06-07 18:00:00-05,2.1664166666666667,89.55,0.12,3.6,222.25099999999998,1,73.6891,224.578,0.39976666666666655,0.4521
42247,2016-06-07 19:00:00-05,1.7928,87.45,0.18,4.06,63.3041,1,2.91519,23.6667,0.3298666666666666,0.7612166666666667
42258,2016-06-07 20:00:00-05,1.5182666666666669,85.31,0.03,4.24,-2.3774900000000003,1,-2.3949599999999998,-2.7157299999999998,0.5488166666666666,2.21095
42269,2016-06-07 21:00:00-05,1.0442833333333332,81.61,0.03,3.24,-2.3778599999999996,1,-2.38944,-2.37677,0.5093,1.1499666666666668
42280,2016-06-07 22:00:00-05,0.7450166666666665,80.07,0.03,3.39,-2.58182,1,-2.7181599999999997,-4.19402,0.35785,0.4080166666666665
42291,2016-06-07 23:00:00-05,0.7154166666666666,78.3,0.03,2.09,-2.7177,1,-2.61639,-1.69315,0.2652,0.23056666666666664
42302,2016-06-08 00:00:00-05,0.54735,76.33,0.05,1.87,-2.70664,1,-2.5373799999999997,0.339937,0.2342666666666666,0.3599166666666666
42313,2016-06-08 01:00:00-05,0.55475,75.13,0.05,1.99,-2.7181599999999997,1,-2.01065,-1.01416,0.2424833333333333,0.3812333333333333
42324,2016-06-08 02:00:00-05,0.5694833333333332,73.75,0.06,1.43,-2.5145299999999997,1,-4.41785,-1.7110400000000001,0.2542833333333333,0.2869
42335,2016-06-08 03:00:00-05,0.4337333333333333,72.68,0.04,1.2,-2.61666,1,-2.3791900000000004,-0.521246,0.2833,0.2242
42346,2016-06-08 04:00:00-05,0.45865,71.99,0.11,0.97,-2.71862,1,-2.71908,-1.01983,0.2440833333333333,0.2416666666666666
42357,2016-06-08 05:00:00-05,0.37876666666666653,71.69,0.08,0.96,-2.71862,1,-2.12997,-1.6997099999999998,0.5829166666666666,0.46575
42368,2016-06-08 06:00:00-05,0.40231666666666654,71.01,0.1,1.15,7.62913,1,1.69943,0.362606,0.7103666666666666,0.6673333333333332
42379,2016-06-08 07:00:00-05,0.5890666666666666,71.43,0.19,0.54,136.775,1,89.1016,25.8335,0.2344666666666666,0.2201
42390,2016-06-08 08:00:00-05,0.7240333333333332,74.51,0.17,0.71,426.624,1,153.852,141.889,0.2358,0.1938
42401,2016-06-08 09:00:00-05,1.0860333333333332,79.3,0.18,1.14,726.6089999999999,1,520.4259999999999,286.055,0.2575666666666666,0.2755333333333333
42412,2016-06-08 10:00:00-05,1.2508666666666668,83.25,0.17,1.86,347.365,1,716.4110000000001,805.677,0.24175,0.501
42423,2016-06-08 11:00:00-05,1.1231,84.73,0.27,3.09,1088.41,1,707.15,485.48900000000003,0.22725,0.6624333333333332
42434,2016-06-08 12:00:00-05,1.5647333333333333,86.64,0.17,3.89,431.519,1,1101.42,1003.13,0.2437,0.852333333333333
42445,2016-06-08 13:00:00-05,1.5800166666666668,87.52,0.2,4.14,398.18699999999995,1,664.043,905.462,0.38915,0.8349
42456,2016-06-08 14:00:00-05,1.9351333333333331,89.2,0.2,3.96,1022.13,1,496.92699999999996,940.204,0.34265,1.2403666666666668
42467,2016-06-08 15:00:00-05,2.676,90.16,0.35,3.94,839.4910000000001,1,450.69300000000004,911.8539999999999,0.9562333333333332,1.866866666666667
42478,2016-06-08 16:00:00-05,4.8631166666666665,90.84,0.66,4.96,380.37300000000005,1,228.328,646.8530000000001,1.2782,1.744983333333333
42489,2016-06-08 17:00:00-05,3.512566666666667,89.51,0.62,4.53,125.514,1,277.439,168.479,1.3238666666666667,1.65945
42500,2016-06-08 18:00:00-05,2.3952166666666668,89.0,0.34,5.09,250.109,1,86.1938,223.428,1.56385,2.61825
42511,2016-06-08 19:00:00-05,2.931483333333333,86.08,0.66,6.31,30.0755,1,4.10283,51.286,1.3935166666666667,1.9213333333333331
42522,2016-06-08 20:00:00-05,1.5879,83.15,0.68,4.22,-2.7159,1,-2.43391,-2.71583,1.2300666666666669,1.5542166666666668
42533,2016-06-08 21:00:00-05,1.6565833333333333,79.84,0.64,2.91,-2.71675,1,-2.37759,-2.37718,0.7648333333333331,1.1769833333333333
42544,2016-06-08 22:00:00-05,1.3229833333333332,77.97,0.14,3.26,-2.59833,1,-2.37797,-2.50771,0.5563833333333332,0.9055
42555,2016-06-08 23:00:00-05,1.06025,76.19,0.13,3.69,-2.59878,1,-2.5308599999999997,-2.3776,0.6063833333333332,1.0858666666666668
42566,2016-06-09 00:00:00-05,0.8195833333333331,75.34,0.18,2.77,-2.7177,1,-2.57616,-2.7173599999999998,0.40471666666666656,1.253183333333333
42577,2016-06-09 01:00:00-05,0.7831,74.1,0.13,2.57,-2.71782,1,-2.37799,-2.37797,0.2391166666666666,0.3996333333333333
42588,2016-06-09 02:00:00-05,0.6562,73.48,0.12,1.83,-2.7181599999999997,1,-2.6724099999999997,-2.7177,0.2325833333333333,0.4003
42599,2016-06-09 03:00:00-05,0.5335,72.53,0.09,1.77,-2.78612,1,-2.3780099999999997,-1.73826,0.2399333333333333,0.5188666666666666
42610,2016-06-09 04:00:00-05,0.4358333333333333,71.86,0.07,1.43,-2.71861,1,-2.6894,-2.3785,0.2352666666666666,0.3995833333333333
42621,2016-06-09 05:00:00-05,0.3958833333333333,71.18,0.11,1.15,-2.7187099999999997,1,-2.7177700000000002,-1.8917099999999998,0.4392,0.54495
42632,2016-06-09 06:00:00-05,0.37565,70.45,0.12,0.32,28.7325,1,8.70801,5.28432,0.5269166666666666,1.1735166666666668
42643,2016-06-09 07:00:00-05,0.2878666666666666,70.58,0.12,0.31,215.524,1,112.42200000000001,131.468,0.3305166666666666,0.5554666666666666
42654,2016-06-09 08:00:00-05,0.592,73.41,0.12,0.91,459.686,1,337.542,262.336,0.3213666666666666,0.5296
42665,2016-06-09 09:00:00-05,1.38675,78.97,0.11,1.32,716.207,1,355.426,218.892,0.5329166666666666,0.4816333333333332
42676,2016-06-09 10:00:00-05,1.53475,82.55,0.1,3.44,583.418,1,866.8589999999999,354.591,0.6739833333333332,0.3507166666666666
42687,2016-06-09 11:00:00-05,2.02505,84.93,0.11,3.36,347.716,1,326.01099999999997,298.411,1.3260666666666667,0.35655
42698,2016-06-09 12:00:00-05,2.4890166666666667,86.87,0.24,3.71,227.891,1,1075.02,266.885,1.0489666666666668,0.6611
42709,2016-06-09 13:00:00-05,3.669,87.8,0.38,4.88,1070.62,1,995.28,1073.92,1.5472833333333331,0.7533
42720,2016-06-09 14:00:00-05,2.475433333333333,88.4,0.27,4.96,1009.86,1,902.837,1053.38,1.32685,0.8189333333333331
42731,2016-06-09 15:00:00-05,2.681366666666667,89.56,0.4,5.97,856.207,1,770.227,207.033,1.3294,1.1943833333333331
42742,2016-06-09 16:00:00-05,2.579883333333333,89.82,0.31,5.84,139.007,1,592.159,228.699,1.7723666666666669,1.137066666666667
42753,2016-06-09 17:00:00-05,1.9963666666666668,88.97,0.45,6.18,470.35699999999997,1,370.39599999999996,153.559,1.84355,1.1279666666666668
42764,2016-06-09 18:00:00-05,1.6700166666666667,83.34,0.4,8.52,229.033,1,86.978,51.4261,1.7395,0.9619
42775,2016-06-09 19:00:00-05,1.09075,81.63,0.09,6.64,27.7591,1,4.7413,19.5614,2.09005,0.8674333333333331
42786,2016-06-09 20:00:00-05,1.0817666666666668,80.33,0.05,4.77,-2.71549,1,-2.50161,-2.37799,1.4841,1.0367
42797,2016-06-09 21:00:00-05,0.8251,78.41,0.01,3.99,-2.71615,1,-2.55288,-2.37839,0.97415,0.78765
42808,2016-06-09 22:00:00-05,0.9008666666666666,77.34,0.01,3.3,-2.71672,1,-2.37767,-2.53166,0.5905,0.6953833333333332
42819,2016-06-09 23:00:00-05,0.7923,76.13,0.0,3.65,-2.71678,1,-2.37798,-2.71862,0.53055,0.5760666666666666
42830,2016-06-10 00:00:00-05,0.7152833333333332,75.3,0.03,3.75,-2.7172,1,-2.54218,-2.37886,0.2351833333333333,0.3596333333333333
42841,2016-06-10 01:00:00-05,0.8098833333333331,74.19,0.09,2.17,-2.71732,1,-2.37799,-2.50947,0.2481666666666666,0.2814166666666666
42852,2016-06-10 02:00:00-05,0.40196666666666653,72.48,0.1,2.42,-2.53085,1,-2.7177,-2.41319,0.2331333333333333,0.2506166666666666
42863,2016-06-10 03:00:00-05,0.3898333333333333,71.9,0.11,2.01,-2.7177,1,-2.7177,-2.71908,0.2308833333333333,0.2366166666666666
42874,2016-06-10 04:00:00-05,0.37536666666666657,70.48,0.12,1.55,-2.7177,1,-2.7180299999999997,-2.71915,0.3805833333333333,0.23025
42885,2016-06-10 05:00:00-05,0.3666166666666666,70.14,0.14,1.28,-2.7181599999999997,1,-2.7181599999999997,-2.7195099999999996,0.5061666666666667,0.2612333333333333
42896,2016-06-10 06:00:00-05,0.36255,69.57,0.16,1.21,29.6629,1,6.18382,27.3314,0.5595,0.5828666666666666
42907,2016-06-10 07:00:00-05,0.2917833333333333,69.97,0.18,1.37,107.302,1,151.063,209.71,0.3043166666666666,0.3107833333333333
42918,2016-06-10 08:00:00-05,0.6651166666666666,73.09,0.24,1.87,400.798,1,359.926,428.844,0.2284333333333333,0.2460666666666666
42929,2016-06-10 09:00:00-05,1.0796666666666668,76.63,0.6,2.32,426.42800000000005,1,531.472,637.476,0.22361666666666666,0.2310666666666666
42940,2016-06-10 10:00:00-05,1.2635,79.81,0.38,3.81,772.673,1,231.201,818.6439999999999,0.2549833333333333,0.3482333333333333
42951,2016-06-10 11:00:00-05,1.7450333333333332,82.84,0.6,2.91,972.5980000000001,1,649.225,1014.21,0.2494333333333333,0.7133333333333332
42962,2016-06-10 12:00:00-05,1.8652833333333332,84.75,0.25,3.35,219.732,1,555.505,331.392,0.2479833333333333,0.7039666666666666
42973,2016-06-10 13:00:00-05,2.189833333333333,86.91,0.39,3.09,106.045,1,516.717,77.3639,0.68435,1.0266166666666667
42984,2016-06-10 14:00:00-05,1.8742666666666667,87.96,0.37,3.68,207.62599999999998,1,456.02099999999996,738.5830000000001,1.1303,0.9581166666666664
42995,2016-06-10 15:00:00-05,2.1242,89.41,0.23,4.58,139.064,1,439.48699999999997,963.712,1.2158166666666668,1.2258166666666668
43006,2016-06-10 16:00:00-05,2.197783333333333,89.41,0.36,3.58,71.7628,1,444.186,208.77,1.7202166666666667,1.4908833333333331
43017,2016-06-10 17:00:00-05,2.6351,90.3,0.2,4.09,103.99700000000001,1,210.47299999999998,427.38599999999997,1.6065833333333333,1.77975
43028,2016-06-10 18:00:00-05,2.9671833333333333,89.67,0.11,4.59,137.07299999999998,1,140.184,80.3187,1.2980166666666668,1.7711333333333332
43039,2016-06-10 19:00:00-05,2.1306333333333334,88.06,0.18,4.05,34.8752,1,6.36978,62.2594,2.2664166666666667,1.9191
43050,2016-06-10 20:00:00-05,2.107666666666667,86.1,0.01,3.45,-2.48373,1,-2.71615,-2.7168200000000002,1.8852166666666668,1.67935
43061,2016-06-10 21:00:00-05,1.3822833333333333,83.84,0.0,2.7,-2.3767,1,-2.71679,-2.7174,1.3052833333333331,1.2894
43072,2016-06-10 22:00:00-05,1.235866666666667,81.22,0.01,2.91,-2.71663,1,-2.70024,-2.7177,0.8016,1.4037333333333333
43083,2016-06-10 23:00:00-05,0.72175,80.15,0.01,3.95,-2.50737,1,-2.38931,-2.64457,0.4831,0.5042833333333332
43094,2016-06-11 00:00:00-05,0.8072333333333331,79.51,0.09,4.3,-2.53041,0,-2.54785,-2.37879,0.4835333333333332,0.2769333333333333
43105,2016-06-11 01:00:00-05,0.7768833333333331,78.3,0.12,3.64,-2.6210299999999997,0,-2.19685,-2.46942,0.4518166666666666,0.5408166666666666
43116,2016-06-11 02:00:00-05,0.61825,77.22,0.23,3.71,-2.4515599999999997,0,-1.9476900000000001,-2.5373799999999997,0.25425,0.4169
43127,2016-06-11 03:00:00-05,0.5895333333333332,76.27,0.38,2.88,-2.37799,0,-2.3383599999999998,-2.52605,0.22288333333333327,0.20788333333333328
43138,2016-06-11 04:00:00-05,0.5686833333333332,76.15,0.65,2.97,-2.42895,0,-2.4516,-2.32216,0.2507166666666666,0.22381666666666666
43149,2016-06-11 05:00:00-05,0.6731833333333332,75.78,0.82,3.3,-2.37798,0,-2.37799,-2.2541900000000004,0.2976166666666666,0.24345
43160,2016-06-11 06:00:00-05,0.4677333333333332,75.56,0.64,2.55,26.1004,0,8.0229,1.0194299999999998,0.6457666666666666,0.4349
43171,2016-06-11 07:00:00-05,0.7105166666666666,75.97,0.65,3.64,212.24900000000002,0,115.24799999999999,51.9597,0.6584333333333332,0.6990666666666666
43182,2016-06-11 08:00:00-05,0.8978333333333332,76.98,0.65,2.93,360.931,0,166.965,84.5493,0.39361666666666656,0.77425
43193,2016-06-11 09:00:00-05,0.854,79.14,0.53,3.81,347.23900000000003,0,280.441,6.66517,0.5138833333333332,0.5753833333333332
43204,2016-06-11 10:00:00-05,1.1917,81.06,0.23,4.57,985.175,0,854.2260000000001,17.0423,0.68665,0.53435
43215,2016-06-11 11:00:00-05,1.2705833333333332,84.74,0.12,5.67,601.545,0,219.847,121.46600000000001,0.5527,0.37166666666666653
43226,2016-06-11 12:00:00-05,1.8083833333333332,86.74,0.16,5.5,538.035,0,417.98699999999997,273.393,0.5622833333333332,0.8117166666666666
43237,2016-06-11 13:00:00-05,1.67325,88.3,0.4,5.57,480.746,0,317.16,536.054,1.8166833333333332,1.266233333333333
43248,2016-06-11 14:00:00-05,2.0235166666666666,89.6,0.23,5.81,491.666,0,996.457,604.262,2.2900666666666667,1.2884
43259,2016-06-11 15:00:00-05,2.3251166666666667,90.94,0.16,4.87,351.409,0,313.847,338.975,1.2649833333333331,1.43415
43270,2016-06-11 16:00:00-05,2.82225,90.67,0.44,5.29,383.865,0,571.521,329.116,1.2114333333333331,1.4619
43281,2016-06-11 17:00:00-05,2.34775,90.83,0.58,5.16,98.1167,0,264.496,261.754,1.3659666666666668,0.928
43292,2016-06-11 18:00:00-05,3.550816666666667,90.19,0.65,5.83,43.9055,0,73.9801,7.59715,1.15395,0.7706333333333331
43303,2016-06-11 19:00:00-05,3.0587833333333334,88.87,0.4,5.96,18.7625,0,4.48686,28.2309,1.1317833333333331,0.6622166666666666
43314,2016-06-11 20:00:00-05,1.758,86.93,0.21,4.94,-2.47781,0,-2.71675,-1.67107,1.7934666666666668,0.6452833333333332
43325,2016-06-11 21:00:00-05,1.2532833333333333,84.82,0.03,4.57,-2.3763799999999997,0,-2.71718,-1.29156,1.255,0.7837166666666666
43336,2016-06-11 22:00:00-05,1.031383333333333,83.47,0.02,4.62,-2.37676,0,-2.71767,-2.71908,0.5965833333333332,0.6003833333333332
43347,2016-06-11 23:00:00-05,0.8518333333333331,81.87,0.04,4.64,-2.3769,0,-3.2046200000000002,-1.7901,0.4014,0.5761666666666666
43358,2016-06-12 00:00:00-05,0.62805,80.32,0.44,5.34,-2.37718,0,-2.37837,-1.69387,0.29125,0.3928
43369,2016-06-12 01:00:00-05,0.57825,79.44,0.78,5.03,-2.37722,0,-2.7181599999999997,-2.03963,0.24435,0.3642666666666666
43380,2016-06-12 02:00:00-05,0.6502833333333332,78.88,0.77,5.11,-2.37725,0,-2.37869,-2.3796,0.2339666666666666,0.22485
43391,2016-06-12 03:00:00-05,0.61405,78.26,0.74,4.43,-2.37753,0,-2.7639299999999998,-2.3796,0.22685,0.2442
43402,2016-06-12 04:00:00-05,0.7323166666666665,77.87,0.75,3.76,-2.37759,0,-2.2541900000000004,-2.24362,0.2754166666666666,0.3709333333333333
43413,2016-06-12 05:00:00-05,0.42145,77.62,0.9,3.43,-2.37759,0,-2.1295900000000003,-1.01983,0.48745,0.2980166666666666
43424,2016-06-12 06:00:00-05,0.54965,77.13,0.9,3.31,9.75378,0,7.135339999999999,12.1076,0.5942333333333332,0.2635
43435,2016-06-12 07:00:00-05,0.9604666666666664,77.45,0.83,3.12,88.5179,0,195.046,181.90900000000002,0.3113166666666666,0.2234
43446,2016-06-12 08:00:00-05,1.2560833333333332,78.31,0.75,3.78,185.908,0,168.155,425.55300000000005,0.2526333333333333,0.22373333333333328
43457,2016-06-12 09:00:00-05,1.2931166666666667,80.33,0.67,4.82,278.584,0,721.669,319.942,0.2421166666666666,0.2555
43468,2016-06-12 10:00:00-05,2.0937,82.42,0.8,5.11,230.079,0,815.73,609.788,0.5429,1.2533666666666667
43479,2016-06-12 11:00:00-05,1.55545,85.15,0.32,5.17,447.819,0,1015.69,844.622,0.9894333333333332,1.8283833333333332
43490,2016-06-12 12:00:00-05,1.6221833333333333,88.44,0.36,5.16,1062.41,0,377.12800000000004,1101.11,0.712,1.3331166666666667
43501,2016-06-12 13:00:00-05,2.021166666666667,90.11,0.46,5.12,857.245,0,313.269,756.7130000000001,1.08415,1.7621666666666669
43512,2016-06-12 14:00:00-05,2.54835,91.73,0.24,5.66,1014.37,0,1027.64,299.592,1.4960833333333332,1.6201666666666668
43523,2016-06-12 15:00:00-05,2.6152333333333333,91.74,0.39,5.75,882.462,0,545.376,357.596,1.6736333333333333,1.6633166666666668
43534,2016-06-12 16:00:00-05,2.3004,92.22,0.23,6.48,336.088,0,611.29,940.857,1.21015,3.8435833333333327
43545,2016-06-12 17:00:00-05,2.5306333333333333,91.35,0.18,5.58,459.33,0,395.384,277.10200000000003,1.9446166666666669,2.285166666666667
43556,2016-06-12 18:00:00-05,1.91635,89.95,0.47,6.61,282.155,0,169.78400000000002,73.3728,1.7872666666666668,1.7475166666666668
43567,2016-06-12 19:00:00-05,1.6782,87.55,0.26,6.8,29.4419,0,5.861219999999999,14.8097,1.3224,1.065516666666667
43578,2016-06-12 20:00:00-05,2.0260333333333334,86.01,0.17,6.47,-2.71528,0,-2.7162900000000003,-2.4054900000000004,2.0503,1.30815
43589,2016-06-12 21:00:00-05,1.5189166666666667,84.44,0.11,5.41,-2.71584,0,-2.7168200000000002,-2.57005,1.00565,0.9320833333333332
43600,2016-06-12 22:00:00-05,1.638283333333333,82.91,0.53,5.33,-2.71635,0,-2.44555,-2.3949700000000003,0.2959166666666666,0.7183833333333332
43611,2016-06-12 23:00:00-05,1.0076666666666665,81.71,0.75,5.33,-2.68854,0,-2.7177,-2.9215299999999997,0.3075,0.8857333333333332
43622,2016-06-13 00:00:00-05,0.7420833333333331,80.68,0.78,5.6,-2.54142,1,-2.7177,-2.71813,0.4528666666666666,0.4733166666666666
43633,2016-06-13 01:00:00-05,0.6118666666666666,79.82,0.64,4.98,-2.37758,1,-2.2194599999999998,-2.7186,0.4660666666666666,0.4926166666666666
43644,2016-06-13 02:00:00-05,0.7583166666666666,79.5,0.76,5.05,-2.37759,1,-2.37799,-2.71862,0.2941833333333333,0.4544333333333333
43655,2016-06-13 03:00:00-05,0.5926666666666666,79.13,0.54,4.53,-2.39457,1,-2.37799,-2.45283,0.2895166666666666,0.3131166666666666
43666,2016-06-13 04:00:00-05,0.5757166666666667,78.75,0.81,4.73,-2.5361,1,-2.71798,-1.8580599999999998,0.2864833333333333,0.2364666666666666
43677,2016-06-13 05:00:00-05,0.5869666666666666,78.06,0.81,4.84,-2.71725,1,-2.7181599999999997,-2.16981,0.2939333333333333,0.22325
43688,2016-06-13 06:00:00-05,0.5587833333333332,77.61,0.92,4.43,14.0617,1,14.3893,15.7378,0.29985,0.22996666666666665
43699,2016-06-13 07:00:00-05,2.842716666666667,77.01,0.69,4.31,177.612,1,61.3495,218.106,2.3436833333333333,0.41765
43710,2016-06-13 08:00:00-05,1.4128833333333333,77.79,0.98,4.61,157.49200000000002,1,181.36700000000002,442.435,1.2306,0.3705333333333333
43721,2016-06-13 09:00:00-05,1.2773166666666669,79.71,0.78,6.95,313.813,1,290.177,664.3589999999999,0.4721833333333332,0.8575166666666666
43732,2016-06-13 10:00:00-05,1.6970666666666667,82.47,0.68,7.13,670.755,1,411.881,394.36800000000005,0.5124666666666666,0.9664333333333333
43743,2016-06-13 11:00:00-05,1.75515,85.38,0.37,7.42,683.0269999999999,1,422.658,941.549,0.7866666666666666,1.58955
43754,2016-06-13 12:00:00-05,2.4591833333333333,87.48,0.52,6.67,947.5060000000001,1,638.66,500.42699999999996,0.6728333333333332,1.5031666666666668
43765,2016-06-13 13:00:00-05,1.9429833333333333,88.88,0.7,7.4,1065.03,1,562.15,188.175,0.4184833333333333,1.8088
43776,2016-06-13 14:00:00-05,2.3568333333333333,90.58,0.64,7.0,987.7239999999999,1,496.059,476.93800000000005,0.2923166666666666,1.8877666666666668
43787,2016-06-13 15:00:00-05,2.158233333333333,91.43,0.32,6.77,667.04,1,248.074,391.798,0.9439,1.538
43798,2016-06-13 16:00:00-05,2.804683333333333,92.09,0.25,7.77,683.961,1,59.9339,685.015,1.0158833333333332,2.065733333333333
43809,2016-06-13 17:00:00-05,2.2032333333333334,92.01,0.24,7.21,437.48900000000003,1,3.24757,461.07099999999997,0.43605,4.143083333333333
43820,2016-06-13 18:00:00-05,2.53455,91.46,0.17,7.19,199.261,1,2.71869,87.4999,0.5509666666666666,3.134516666666667
43831,2016-06-13 19:00:00-05,2.122866666666667,89.66,0.07,6.99,43.6567,1,-1.8980099999999998,45.325,0.41105,2.0494166666666667
43842,2016-06-13 20:00:00-05,1.74005,88.28,0.13,6.98,-2.71522,1,-2.19263,-2.71617,0.3757,1.3271166666666667
43853,2016-06-13 21:00:00-05,1.69985,85.62,0.28,6.85,-2.37635,1,-2.3796,-2.71677,0.3241833333333333,1.4124333333333332
43864,2016-06-13 22:00:00-05,1.4636833333333332,84.07,0.32,6.65,-2.47309,1,-2.3796,-2.7172099999999997,0.3232,0.8877333333333332
43875,2016-06-13 23:00:00-05,0.9645166666666664,82.23,0.26,7.15,-2.71678,1,-1.69944,-2.71748,0.2654,0.7250833333333332
43886,2016-06-14 00:00:00-05,0.9473333333333332,80.89,0.56,6.81,-2.71693,1,-2.3792,-2.7177,0.247,0.7325333333333331
43897,2016-06-14 01:00:00-05,0.8506,79.55,0.74,6.7,-2.7002599999999997,1,-2.90036,-2.71786,0.23001666666666665,0.5872
43908,2016-06-14 02:00:00-05,0.8415,78.99,0.93,6.74,-2.37759,1,-2.71921,-2.5596,0.2287,0.4107333333333333
43919,2016-06-14 03:00:00-05,0.8313166666666666,78.58,0.96,6.8,-2.37784,1,-3.21766,-2.3785,0.2552833333333333,0.39555
43930,2016-06-14 04:00:00-05,0.6043833333333332,78.22,0.99,7.0,-2.45151,1,-3.0476400000000003,-2.4580599999999997,0.2178,0.3915
43941,2016-06-14 05:00:00-05,0.7712,78.08,0.98,6.61,-2.7177,1,-2.6851,-2.57136,0.21733333333333327,0.35815
43952,2016-06-14 06:00:00-05,0.69045,77.8,0.94,6.15,26.1348,1,8.41207,19.9878,0.2389833333333333,0.22081666666666666
43963,2016-06-14 07:00:00-05,0.9451666666666664,77.69,0.84,6.17,164.15400000000002,1,198.19400000000002,214.25799999999998,0.3383833333333333,0.2852666666666666
43974,2016-06-14 08:00:00-05,1.15625,78.46,0.81,6.17,304.666,1,408.95099999999996,420.176,0.5113166666666666,1.2246
43985,2016-06-14 09:00:00-05,1.6343166666666669,79.76,0.91,7.61,627.854,1,714.757,629.903,0.5103833333333332,1.0140833333333332
43996,2016-06-14 10:00:00-05,1.82105,81.56,0.9,7.55,770.727,1,234.16299999999998,404.04900000000004,0.29865,1.535
44007,2016-06-14 11:00:00-05,1.3867666666666667,83.06,0.84,7.4,931.482,1,112.31,963.887,0.2377833333333333,1.250916666666667
44018,2016-06-14 12:00:00-05,1.83625,85.45,0.56,7.53,1007.31,1,679.622,708.181,0.2822833333333333,1.5134833333333333
44029,2016-06-14 13:00:00-05,2.4333666666666667,87.75,0.41,7.87,1030.18,1,201.44299999999998,785.46,0.2576166666666666,1.69015
44040,2016-06-14 14:00:00-05,2.4132333333333333,89.69,0.28,8.48,897.455,1,21.9689,250.64700000000002,0.30945,1.5955166666666667
44051,2016-06-14 15:00:00-05,2.001816666666667,91.21,0.35,8.7,773.982,1,208.743,232.312,0.3720333333333333,2.240766666666667
44062,2016-06-14 16:00:00-05,2.20875,91.88,0.29,8.45,612.101,1,130.35399999999998,629.503,0.38611666666666655,2.87235
44073,2016-06-14 17:00:00-05,2.461266666666667,92.29,0.29,7.93,410.89599999999996,1,131.789,201.21900000000002,0.61505,3.0519
44084,2016-06-14 18:00:00-05,2.1289,91.75,0.23,8.29,250.09099999999998,1,64.9985,222.25099999999998,0.7220833333333332,2.1664166666666667
44095,2016-06-14 19:00:00-05,1.79265,90.47,0.07,8.19,40.485,1,4.371659999999999,63.3041,0.6809833333333332,1.7928
44106,2016-06-14 20:00:00-05,1.5838333333333332,88.34,0.17,7.76,-2.7153099999999997,1,-2.7181599999999997,-2.3774900000000003,0.62105,1.5182666666666669
44117,2016-06-14 21:00:00-05,1.6988833333333333,85.94,0.13,8.19,-2.71588,1,-2.37845,-2.3778599999999996,0.55555,1.0442833333333332
44128,2016-06-14 22:00:00-05,0.9824333333333332,83.7,0.16,7.83,-2.71653,1,-2.43523,-2.58182,0.2331166666666666,0.7450166666666665
44139,2016-06-14 23:00:00-05,0.78105,81.79,0.15,8.29,-2.71678,1,-2.48634,-2.7177,0.19811666666666666,0.7154166666666666
44150,2016-06-15 00:00:00-05,0.7452,80.22,0.1,8.22,-2.58098,1,-2.7185900000000003,-2.70664,0.20156666666666664,0.54735
44161,2016-06-15 01:00:00-05,0.8837833333333331,78.46,0.19,7.6,-2.6549099999999997,1,-2.46942,-2.7181599999999997,0.19713333333333327,0.55475
44172,2016-06-15 02:00:00-05,0.8309833333333331,77.5,0.48,7.33,-2.57006,1,-1.8012400000000002,-2.5145299999999997,0.1941,0.5694833333333332
44183,2016-06-15 03:00:00-05,0.8650666666666667,77.23,0.65,7.05,-2.63233,1,-2.71908,-2.61666,0.2006,0.4337333333333333
44194,2016-06-15 04:00:00-05,0.6537666666666666,76.75,0.71,7.08,-2.37759,1,-1.69966,-2.71862,0.2385,0.45865
44205,2016-06-15 05:00:00-05,0.8223333333333331,76.62,0.74,6.4,-2.71725,1,-2.41926,-2.71862,0.5338666666666666,0.37876666666666653
44216,2016-06-15 06:00:00-05,0.8122333333333331,76.32,0.76,5.37,16.4903,1,5.3371,7.62913,0.6132166666666666,0.40231666666666654
44227,2016-06-15 07:00:00-05,0.6876333333333332,76.7,0.75,5.33,212.32,1,82.7598,136.775,0.5031833333333332,0.5890666666666666
44238,2016-06-15 08:00:00-05,1.2177,78.25,0.66,5.79,434.973,1,159.086,426.624,0.2357833333333333,0.7240333333333332
44249,2016-06-15 09:00:00-05,1.2515166666666668,80.55,0.56,8.17,672.066,1,213.988,726.6089999999999,0.22288333333333327,1.0860333333333332
44260,2016-06-15 10:00:00-05,1.6981,82.99,0.38,8.42,797.215,1,882.8910000000001,347.365,0.2243,1.2508666666666668
44271,2016-06-15 11:00:00-05,2.289416666666667,86.22,0.36,8.98,958.1060000000001,1,492.535,1088.41,0.2324666666666666,1.1231
44282,2016-06-15 12:00:00-05,2.1232333333333333,89.1,0.16,9.05,1008.4,1,690.5189999999999,431.519,0.2310666666666666,1.5647333333333333
44293,2016-06-15 13:00:00-05,2.433133333333333,91.18,0.15,9.58,969.053,1,347.376,398.18699999999995,0.2559166666666666,1.5800166666666668
44304,2016-06-15 14:00:00-05,2.26895,92.59,0.14,9.3,188.679,1,453.911,1022.13,0.2494,1.9351333333333331
44315,2016-06-15 15:00:00-05,2.4452333333333334,93.7,0.12,9.1,833.22,1,867.424,839.4910000000001,0.3374666666666666,2.676
44326,2016-06-15 16:00:00-05,2.3417166666666667,94.12,0.08,8.96,652.294,1,754.069,380.37300000000005,0.4865,4.8631166666666665
44337,2016-06-15 17:00:00-05,2.4343833333333333,93.8,0.05,8.47,459.17199999999997,1,389.67900000000003,125.514,0.4814666666666666,3.512566666666667
44348,2016-06-15 18:00:00-05,2.405,93.33,0.05,8.71,194.321,1,191.257,250.109,1.04125,2.3952166666666668
44359,2016-06-15 19:00:00-05,1.9355166666666668,91.59,0.04,8.98,49.6549,1,12.8526,30.0755,0.92765,2.931483333333333
44370,2016-06-15 20:00:00-05,1.6386833333333333,88.82,0.02,8.88,-3.3936699999999997,1,-2.7154599999999998,-2.7159,0.7833666666666665,1.5879
44381,2016-06-15 21:00:00-05,1.2502,85.97,0.03,8.0,-2.73842,1,-2.71621,-2.71675,0.4196333333333333,1.6565833333333333
44392,2016-06-15 22:00:00-05,1.3064166666666668,83.38,0.05,8.76,-2.56351,1,-2.71675,-2.59833,0.43745,1.3229833333333332
44403,2016-06-15 23:00:00-05,0.7275333333333333,81.71,0.06,8.45,-2.71678,1,-2.71716,-2.59878,0.3209333333333333,1.06025
44414,2016-06-16 00:00:00-05,0.8481166666666666,80.84,0.1,5.59,-2.71116,1,-2.7177,-2.7177,0.2934833333333333,0.8195833333333331
44425,2016-06-16 01:00:00-05,0.81895,78.74,0.47,5.25,-2.717,1,-2.71791,-2.71782,0.3488666666666666,0.7831
44436,2016-06-16 02:00:00-05,0.8115,77.77,0.68,5.02,-2.7172400000000003,1,-2.15218,-2.7181599999999997,0.2933166666666666,0.6562
44447,2016-06-16 03:00:00-05,0.6064666666666666,76.77,0.76,4.62,-2.71725,1,-2.186,-2.78612,0.2286833333333333,0.5335
44458,2016-06-16 04:00:00-05,0.5782,76.34,0.3,4.17,-2.71726,1,-2.02167,-2.71861,0.2272333333333333,0.4358333333333333
44469,2016-06-16 05:00:00-05,0.6355,75.56,0.54,4.53,-2.71755,1,-1.9140400000000002,-2.7187099999999997,0.2664333333333333,0.3958833333333333
44480,2016-06-16 06:00:00-05,0.7888666666666666,75.1,0.53,4.09,21.7117,1,4.24141,28.7325,0.6649333333333332,0.37565
44491,2016-06-16 07:00:00-05,0.62925,75.65,0.52,4.22,104.87,1,81.5426,215.524,0.3496166666666666,0.2878666666666666
44502,2016-06-16 08:00:00-05,0.9108166666666666,76.9,0.8,4.38,212.3,1,139.833,459.686,0.2422833333333333,0.592
44513,2016-06-16 09:00:00-05,1.0223833333333332,79.34,0.44,5.82,732.3710000000001,1,320.369,716.207,0.2787333333333333,1.38675
44524,2016-06-16 10:00:00-05,1.28205,82.72,0.16,6.12,624.781,1,680.845,583.418,0.3502,1.53475
44535,2016-06-16 11:00:00-05,1.8059833333333333,86.14,0.11,6.28,521.566,1,941.692,347.716,0.3769,2.02505
44546,2016-06-16 12:00:00-05,1.6564666666666668,89.08,0.04,6.24,853.357,1,799.84,227.891,0.3295,2.4890166666666667
44557,2016-06-16 13:00:00-05,1.8540333333333332,90.74,0.02,7.04,309.772,1,971.9739999999999,1070.62,0.32045,3.669
44568,2016-06-16 14:00:00-05,2.5751166666666667,92.56,0.02,6.66,884.314,1,934.914,1009.86,0.29255,2.475433333333333
44579,2016-06-16 15:00:00-05,2.490883333333333,93.3,0.02,6.81,783.7189999999999,1,443.301,856.207,0.2871666666666666,2.681366666666667
44590,2016-06-16 16:00:00-05,3.084516666666667,93.9,0.02,6.95,669.174,1,640.4580000000001,139.007,1.259183333333333,2.579883333333333
44601,2016-06-16 17:00:00-05,3.0199833333333332,94.02,0.02,6.42,448.566,1,214.37599999999998,470.35699999999997,1.6217666666666668,1.9963666666666668
44612,2016-06-16 18:00:00-05,2.90805,93.31,0.02,7.51,227.982,1,188.794,229.033,1.2589666666666668,1.6700166666666667
44623,2016-06-16 19:00:00-05,1.9420666666666668,91.43,0.02,7.55,42.0116,1,10.197,27.7591,0.5687,1.09075
44634,2016-06-16 20:00:00-05,1.9898333333333331,88.98,0.02,7.35,-2.71522,1,-2.37643,-2.71549,0.8509333333333331,1.0817666666666668
44645,2016-06-16 21:00:00-05,1.7548666666666668,86.23,0.03,5.5,-2.7159,1,-1.8168099999999998,-2.71615,0.57825,0.8251
44656,2016-06-16 22:00:00-05,1.5929166666666668,83.8,0.04,5.17,-2.71671,1,-1.7603900000000001,-2.71672,0.68815,0.9008666666666666
44667,2016-06-16 23:00:00-05,1.7433833333333333,81.93,0.04,6.16,-2.71679,1,-2.2360700000000002,-2.71678,0.76835,0.7923
44678,2016-06-17 00:00:00-05,1.1745666666666668,80.68,0.11,6.36,-2.7172400000000003,1,-1.69855,-2.7172,0.57845,0.7152833333333332
44689,2016-06-17 01:00:00-05,0.7475833333333332,78.97,0.25,6.44,-2.71743,1,-2.37805,-2.71732,0.3249666666666666,0.8098833333333331
44700,2016-06-17 02:00:00-05,0.9148833333333332,77.87,0.19,6.28,-2.7177,1,-2.3780200000000002,-2.53085,0.23785,0.40196666666666653
44711,2016-06-17 03:00:00-05,0.9217666666666666,77.39,0.39,5.66,-2.7177,1,-1.7158200000000001,-2.7177,0.22841666666666666,0.3898333333333333
44722,2016-06-17 04:00:00-05,0.69585,76.77,0.54,5.55,-2.7177,1,-2.46886,-2.7177,0.22636666666666666,0.37536666666666657
44733,2016-06-17 05:00:00-05,0.851,76.07,0.56,4.89,-2.7177,1,-2.37825,-2.7181599999999997,0.43596666666666656,0.3666166666666666
44744,2016-06-17 06:00:00-05,0.9232,75.57,0.44,4.63,18.2766,1,5.38525,29.6629,0.5762166666666666,0.36255
44755,2016-06-17 07:00:00-05,2.634183333333333,75.33,0.35,4.13,142.416,1,145.575,107.302,0.2706666666666666,0.2917833333333333
44766,2016-06-17 08:00:00-05,1.6695833333333332,76.81,0.6,5.05,479.57599999999996,1,41.8132,400.798,0.2323166666666666,0.6651166666666666
44777,2016-06-17 09:00:00-05,1.8191166666666667,79.3,0.49,5.92,647.071,1,262.468,426.42800000000005,0.2892333333333333,1.0796666666666668
44788,2016-06-17 10:00:00-05,2.229083333333333,82.33,0.48,6.81,756.997,1,868.033,772.673,0.2807333333333333,1.2635
44799,2016-06-17 11:00:00-05,1.7058166666666668,84.9,0.33,6.23,952.346,1,1023.74,972.5980000000001,0.2793666666666666,1.7450333333333332
44810,2016-06-17 12:00:00-05,2.1726666666666667,87.69,0.2,5.7,978.573,1,1072.91,219.732,0.2975,1.8652833333333332
44821,2016-06-17 13:00:00-05,3.9508666666666663,89.95,0.12,4.99,987.6239999999999,1,1120.66,106.045,0.2874666666666666,2.189833333333333
44832,2016-06-17 14:00:00-05,4.284166666666667,91.97,0.07,4.85,924.69,1,421.505,207.62599999999998,0.3197333333333333,1.8742666666666667
44843,2016-06-17 15:00:00-05,3.5308333333333333,93.44,0.06,5.32,804.698,1,310.189,139.064,0.2663666666666666,2.1242
44854,2016-06-17 16:00:00-05,3.42695,94.1,0.04,5.23,639.62,1,615.0740000000001,71.7628,0.4508,2.197783333333333
44865,2016-06-17 17:00:00-05,2.8062,94.19,0.04,5.3,444.917,1,409.61300000000006,103.99700000000001,0.5758166666666666,2.6351
44876,2016-06-17 18:00:00-05,2.67715,93.97,0.04,6.19,226.408,1,187.92700000000002,137.07299999999998,1.2331166666666669,2.9671833333333333
44887,2016-06-17 19:00:00-05,3.2558166666666666,92.57,0.04,5.95,34.8758,1,13.8993,34.8752,0.81215,2.1306333333333334
44898,2016-06-17 20:00:00-05,3.04825,90.29,0.04,5.02,-2.71446,1,-2.37744,-2.48373,0.5547333333333332,2.107666666666667
44909,2016-06-17 21:00:00-05,2.865683333333333,86.85,0.07,4.31,-2.7154599999999998,1,-2.51372,-2.3767,0.37755,1.3822833333333333
44920,2016-06-17 22:00:00-05,2.6362666666666668,84.53,0.07,4.26,-2.7159,1,-2.7177,-2.71663,0.7008833333333332,1.235866666666667
44931,2016-06-17 23:00:00-05,1.7787333333333333,82.91,0.07,5.33,-2.71655,1,-2.33328,-2.50737,0.3291666666666666,0.72175
44942,2016-06-18 00:00:00-05,1.4949,81.42,0.48,5.36,-2.71678,0,-2.28817,-2.53041,0.2732333333333333,0.8072333333333331
44953,2016-06-18 01:00:00-05,1.1149833333333332,79.72,0.52,5.51,-2.71695,0,-2.37879,-2.6210299999999997,0.25025,0.7768833333333331
44964,2016-06-18 02:00:00-05,1.0555666666666668,78.45,0.47,4.81,-2.7172400000000003,0,-2.67897,-2.4515599999999997,0.2510666666666666,0.61825
44975,2016-06-18 03:00:00-05,0.7292333333333332,77.68,0.46,3.85,-2.71726,0,-2.52605,-2.37799,0.2739166666666666,0.5895333333333332
44986,2016-06-18 04:00:00-05,0.7294833333333332,76.67,0.49,4.74,-2.71732,0,-2.71862,-2.42895,0.2493833333333333,0.5686833333333332
44997,2016-06-18 05:00:00-05,0.685,76.56,0.66,5.02,-2.7177,0,-1.9766700000000001,-2.37798,0.4725166666666666,0.6731833333333332
45008,2016-06-18 06:00:00-05,0.6627666666666666,76.99,0.81,4.89,21.0959,0,12.5623,26.1004,0.8147166666666666,0.4677333333333332
45019,2016-06-18 07:00:00-05,1.3938333333333333,77.55,0.89,3.97,197.983,0,97.4835,212.24900000000002,0.39345,0.7105166666666666
45030,2016-06-18 08:00:00-05,1.7244666666666668,78.49,0.89,4.03,433.485,0,111.648,360.931,0.2574,0.8978333333333332
45041,2016-06-18 09:00:00-05,1.0623166666666668,80.5,0.8,5.38,652.775,0,379.403,347.23900000000003,0.2476833333333333,0.854
45052,2016-06-18 10:00:00-05,0.2986833333333333,82.74,0.82,5.83,797.8910000000001,0,84.4979,985.175,0.21456666666666666,1.1917
45063,2016-06-18 11:00:00-05,0.2405166666666666,85.42,0.69,5.46,759.0010000000001,0,434.148,601.545,0.2119,1.2705833333333332
45074,2016-06-18 12:00:00-05,0.2411333333333333,88.07,0.74,3.97,1022.35,0,589.322,538.035,0.236,1.8083833333333332
45085,2016-06-18 13:00:00-05,0.2409833333333333,90.27,0.68,3.16,987.6160000000001,0,321.985,480.746,0.3136,1.67325
45096,2016-06-18 14:00:00-05,0.2376333333333333,92.33,0.56,3.08,997.02,0,930.67,491.666,0.3912833333333333,2.0235166666666666
45107,2016-06-18 15:00:00-05,0.2405833333333333,93.44,0.42,3.85,867.439,0,130.542,351.409,0.3385666666666666,2.3251166666666667
45118,2016-06-18 16:00:00-05,0.2480166666666666,93.57,0.19,5.3,676.0,0,195.415,383.865,0.9875,2.82225
45129,2016-06-18 17:00:00-05,0.2443333333333333,93.58,0.17,5.56,447.099,0,382.836,98.1167,0.35085,2.34775
45140,2016-06-18 18:00:00-05,0.24125,92.94,0.27,5.73,232.155,0,139.29,43.9055,3.5695333333333332,3.550816666666667
45151,2016-06-18 19:00:00-05,0.2651333333333333,91.56,0.18,5.57,43.6836,0,9.465689999999999,18.7625,1.454616666666667,3.0587833333333334
45162,2016-06-18 20:00:00-05,0.2751333333333333,89.63,0.12,4.75,-2.71504,0,-1.80635,-2.47781,1.8426,1.758
45173,2016-06-18 21:00:00-05,0.1837166666666666,86.49,0.2,4.02,-2.7158,0,-2.7181599999999997,-2.3763799999999997,1.6637666666666668,1.2532833333333333
45184,2016-06-18 22:00:00-05,0.2353166666666666,84.49,0.22,2.66,-2.71631,0,-2.3787599999999998,-2.37676,0.3319166666666666,1.031383333333333
45195,2016-06-18 23:00:00-05,0.19858333333333328,82.79,0.2,2.53,-2.71677,0,-1.9143599999999998,-2.3769,0.2798,0.8518333333333331
45206,2016-06-19 00:00:00-05,0.20928333333333327,80.64,0.18,3.64,-2.72248,0,-2.36747,-2.37718,0.26205,0.62805
45217,2016-06-19 01:00:00-05,0.2254333333333333,79.19,0.14,4.3,-2.71706,0,-1.69914,-2.37722,0.2339,0.57825
45228,2016-06-19 02:00:00-05,0.1813833333333333,78.14,0.18,3.5,-2.7172400000000003,0,-1.95993,-2.37725,0.2281,0.6502833333333332
45239,2016-06-19 03:00:00-05,0.2528833333333333,77.77,0.18,2.6,-2.71739,0,-2.34521,-2.37753,0.2510166666666666,0.61405
45250,2016-06-19 04:00:00-05,0.1545833333333333,77.0,0.16,1.77,-2.71765,0,-1.9203599999999998,-2.37759,0.2368333333333333,0.7323166666666665
45261,2016-06-19 05:00:00-05,0.2788166666666666,76.3,0.17,1.82,-2.7177,0,-2.0339,-2.37759,0.4615,0.42145
45272,2016-06-19 06:00:00-05,0.1510833333333333,76.21,0.53,1.73,17.2065,0,3.81869,9.75378,0.5947333333333332,0.54965
45283,2016-06-19 07:00:00-05,0.2648666666666666,75.93,0.5,2.2,198.196,0,32.776,88.5179,0.2912333333333333,0.9604666666666664
45294,2016-06-19 08:00:00-05,0.16895,77.64,0.17,2.11,409.846,0,70.2575,185.908,0.3077666666666666,1.2560833333333332
45305,2016-06-19 09:00:00-05,0.2564,79.72,0.21,1.71,385.12300000000005,0,157.418,278.584,0.26795,1.2931166666666667
45316,2016-06-19 10:00:00-05,0.19856666666666664,83.14,0.57,2.51,363.833,0,308.927,230.079,0.27915,2.0937
45327,2016-06-19 11:00:00-05,0.2472,85.71,0.2,2.53,980.529,0,267.968,447.819,0.2677,1.55545
45338,2016-06-19 12:00:00-05,0.22486666666666666,88.16,0.23,2.97,186.113,0,238.472,1062.41,0.2685,1.6221833333333333
45349,2016-06-19 13:00:00-05,0.29305,89.87,0.47,3.45,1030.17,0,346.414,857.245,0.2643833333333333,2.021166666666667
45360,2016-06-19 14:00:00-05,0.3075833333333333,91.06,0.39,4.81,408.43300000000005,0,281.113,1014.37,0.3209166666666666,2.54835
45371,2016-06-19 15:00:00-05,0.2937833333333333,91.47,0.29,4.91,1017.44,0,415.11800000000005,882.462,0.4900666666666666,2.6152333333333333
45382,2016-06-19 16:00:00-05,0.1654333333333333,92.44,0.33,4.3,494.45599999999996,0,373.43699999999995,336.088,0.4633166666666666,2.3004
45393,2016-06-19 17:00:00-05,0.20503333333333326,92.36,0.34,5.19,514.581,0,247.84400000000002,459.33,0.8272,2.5306333333333333
45404,2016-06-19 18:00:00-05,0.497,89.4,0.4,5.73,241.38400000000001,0,94.1667,282.155,0.7699833333333331,1.91635
45415,2016-06-19 19:00:00-05,0.51555,88.45,0.32,5.36,23.393,0,0.339553,29.4419,1.5268666666666668,1.6782
45426,2016-06-19 20:00:00-05,0.2423333333333333,85.77,0.04,5.12,-2.7159,0,-1.7093099999999999,-2.71528,1.0536333333333332,2.0260333333333334
45437,2016-06-19 21:00:00-05,0.2577166666666666,83.88,0.13,4.17,-2.66577,0,-2.53602,-2.71584,0.6531666666666666,1.5189166666666667
45448,2016-06-19 22:00:00-05,0.1467333333333333,82.54,0.61,2.83,-2.6771700000000003,0,-1.6983,-2.71635,0.3982,1.638283333333333
45459,2016-06-19 23:00:00-05,0.2825666666666666,80.72,0.25,2.85,-2.71723,0,-1.69835,-2.68854,0.39351666666666657,1.0076666666666665
45470,2016-06-20 00:00:00-05,0.1602833333333333,79.29,0.31,3.13,-2.7175700000000003,1,-1.6929,-2.54142,0.3984666666666665,0.7420833333333331
45481,2016-06-20 01:00:00-05,0.2549166666666666,78.69,0.33,3.72,-2.61013,1,-1.89107,-2.37758,0.2510833333333333,0.6118666666666666
45492,2016-06-20 02:00:00-05,0.18878333333333328,77.5,0.15,3.11,-2.7177,1,-2.37799,-2.37759,0.2296333333333333,0.7583166666666666
45503,2016-06-20 03:00:00-05,0.2259,76.26,0.08,2.89,-2.7177,1,-1.9816599999999998,-2.39457,0.22443333333333326,0.5926666666666666
45514,2016-06-20 04:00:00-05,0.2161,75.3,0.02,2.15,-2.49159,1,-2.37799,-2.5361,0.24165,0.5757166666666667
45525,2016-06-20 05:00:00-05,0.18905,74.56,0.07,1.9,-2.7181599999999997,1,-2.37799,-2.71725,0.2217,0.5869666666666666
45536,2016-06-20 06:00:00-05,0.2705833333333333,74.16,0.18,1.48,8.30176,1,8.03421,14.0617,0.23635,0.5587833333333332
45547,2016-06-20 07:00:00-05,0.2672833333333333,74.02,0.34,1.06,117.147,1,123.805,177.612,0.2598666666666666,2.842716666666667
45558,2016-06-20 08:00:00-05,0.14575,76.63,0.11,1.58,404.06699999999995,1,129.425,157.49200000000002,0.35655,1.4128833333333333
45569,2016-06-20 09:00:00-05,0.2694666666666666,79.69,0.15,2.44,673.8,1,196.945,313.813,0.2711666666666666,1.2773166666666669
45580,2016-06-20 10:00:00-05,0.1832333333333333,83.05,0.18,3.57,697.8710000000001,1,177.21599999999998,670.755,0.5957833333333332,1.6970666666666667
45591,2016-06-20 11:00:00-05,0.2568166666666666,85.55,0.15,3.63,770.8969999999999,1,367.015,683.0269999999999,0.6176333333333331,1.75515
45602,2016-06-20 12:00:00-05,0.21481666666666666,87.87,0.18,2.55,443.13,1,813.308,947.5060000000001,0.4791,2.4591833333333333
45613,2016-06-20 13:00:00-05,0.2336333333333333,89.64,0.16,2.56,1119.78,1,459.908,1065.03,1.0383666666666669,1.9429833333333333
45624,2016-06-20 14:00:00-05,0.2460833333333333,91.77,0.19,2.79,724.102,1,281.244,987.7239999999999,0.9187833333333332,2.3568333333333333
45635,2016-06-20 15:00:00-05,0.20453333333333326,92.48,0.27,3.05,982.14,1,684.2289999999999,667.04,0.9941333333333332,2.158233333333333
45646,2016-06-20 16:00:00-05,0.66375,92.78,0.23,3.04,133.469,1,597.2959999999999,683.961,1.2629333333333332,2.804683333333333
45657,2016-06-20 17:00:00-05,0.5534,92.36,0.25,3.34,163.88,1,390.361,437.48900000000003,1.1009166666666668,2.2032333333333334
45668,2016-06-20 18:00:00-05,0.7228333333333332,92.17,0.22,5.42,53.0387,1,153.656,199.261,1.1125,2.53455
45679,2016-06-20 19:00:00-05,0.5256833333333332,90.6,0.18,6.1,37.9562,1,18.6519,43.6567,1.32925,2.122866666666667
45690,2016-06-20 20:00:00-05,0.59105,88.39,0.13,5.42,-2.71714,1,-2.69846,-2.71522,0.6153,1.74005
45701,2016-06-20 21:00:00-05,0.19346666666666665,85.38,0.05,4.18,-2.7172400000000003,1,-2.58583,-2.37635,0.562,1.69985
45712,2016-06-20 22:00:00-05,0.2812833333333333,82.92,0.08,4.06,-2.71739,1,-2.6261400000000004,-2.47309,0.8677833333333331,1.4636833333333332
45723,2016-06-20 23:00:00-05,0.2944,81.62,0.04,4.1,-2.7177,1,-2.62642,-2.71678,0.3280833333333333,0.9645166666666664
45734,2016-06-21 00:00:00-05,0.2779666666666666,79.91,0.0,4.44,-2.7177,1,-2.37759,-2.71693,0.86865,0.9473333333333332
45745,2016-06-21 01:00:00-05,0.15201666666666666,78.78,0.0,4.08,-2.7177,1,-2.37797,-2.7002599999999997,0.8613833333333331,0.8506
45756,2016-06-21 02:00:00-05,0.18675,77.8,0.0,3.81,-2.7178299999999997,1,-2.37799,-2.37759,0.5983666666666666,0.8415
45767,2016-06-21 03:00:00-05,0.28135,76.78,0.01,3.33,-2.7181599999999997,1,-2.6837299999999997,-2.37784,0.5486333333333332,0.8313166666666666
45778,2016-06-21 04:00:00-05,0.2347833333333333,76.08,0.04,3.11,-2.7183200000000003,1,-2.37233,-2.45151,0.2411333333333333,0.6043833333333332
45789,2016-06-21 05:00:00-05,0.1741333333333333,75.33,0.09,2.64,-2.71861,1,-2.37799,-2.7177,0.5014,0.7712
45800,2016-06-21 06:00:00-05,0.2684833333333333,74.77,0.22,2.05,19.795,1,14.251,26.1348,0.41915,0.69045
45811,2016-06-21 07:00:00-05,0.1449,74.99,0.24,2.13,190.28,1,109.056,164.15400000000002,0.2972833333333333,0.9451666666666664
45822,2016-06-21 08:00:00-05,0.2749666666666666,77.44,0.22,2.93,406.139,1,295.743,304.666,0.6282333333333332,1.15625
45833,2016-06-21 09:00:00-05,0.1715,81.29,0.13,3.93,632.586,1,606.99,627.854,0.9549833333333332,1.6343166666666669
45844,2016-06-21 10:00:00-05,0.2639833333333333,84.89,0.12,2.96,925.165,1,852.9580000000001,770.727,1.0298,1.82105
45855,2016-06-21 11:00:00-05,0.20956666666666665,87.43,0.09,3.08,524.0840000000001,1,683.201,931.482,0.6077666666666666,1.3867666666666667
45866,2016-06-21 12:00:00-05,0.2409166666666666,89.95,0.09,3.86,295.698,1,342.88,1007.31,0.66455,1.83625
45877,2016-06-21 13:00:00-05,0.2423333333333333,91.81,0.13,4.22,999.8510000000001,1,1055.21,1030.18,4.155916666666666,2.4333666666666667
45888,2016-06-21 14:00:00-05,0.4087,92.59,0.18,4.49,949.4689999999999,1,806.716,897.455,2.1256833333333334,2.4132333333333333
45899,2016-06-21 15:00:00-05,0.7151833333333332,93.58,0.2,4.68,924.8760000000001,1,401.694,773.982,1.8522166666666668,2.001816666666667
45910,2016-06-21 16:00:00-05,0.8981,93.72,0.33,5.39,74.3506,1,637.877,612.101,1.894183333333333,2.20875
45921,2016-06-21 17:00:00-05,0.6557166666666666,92.89,0.24,5.99,345.756,1,198.63400000000001,410.89599999999996,1.4711333333333332,2.461266666666667
45932,2016-06-21 18:00:00-05,0.65465,92.47,0.24,5.87,136.053,1,56.7169,250.09099999999998,1.7773333333333332,2.1289
45943,2016-06-21 19:00:00-05,0.756583333333333,91.51,0.12,5.87,38.2623,1,2.71536,40.485,1.5228333333333333,1.79265
45954,2016-06-21 20:00:00-05,0.4040666666666666,89.43,0.05,5.39,-2.7155,1,-2.3763799999999997,-2.7153099999999997,1.5106333333333333,1.5838333333333332
45965,2016-06-21 21:00:00-05,0.2372333333333333,86.37,0.02,4.31,-2.55192,1,-2.37677,-2.71588,0.9016,1.6988833333333333
45976,2016-06-21 22:00:00-05,0.1717,83.36,0.01,3.84,-2.71666,1,-2.71677,-2.71653,0.64015,0.9824333333333332
45987,2016-06-21 23:00:00-05,0.2784666666666666,81.69,0.02,4.07,-2.71679,1,-2.71679,-2.71678,0.7050166666666666,0.78105
45998,2016-06-22 00:00:00-05,0.14781666666666665,80.43,0.01,4.56,-2.71722,1,-2.56999,-2.58098,0.6863666666666666,0.7452
46009,2016-06-22 01:00:00-05,0.26945,79.32,0.01,4.63,-2.7175700000000003,1,-2.37759,-2.6549099999999997,0.5894833333333332,0.8837833333333331
46020,2016-06-22 02:00:00-05,0.1823,78.05,0.04,4.79,-2.7177,1,-2.37761,-2.57006,0.40615,0.8309833333333331
46031,2016-06-22 03:00:00-05,0.2349,77.12,0.12,4.66,-2.7177,1,-2.6155,-2.63233,0.3759833333333333,0.8650666666666667
46042,2016-06-22 04:00:00-05,0.21466666666666664,76.32,0.13,4.05,-2.7177,1,-2.37799,-2.37759,0.39245,0.6537666666666666
46053,2016-06-22 05:00:00-05,0.19665,75.7,0.15,3.53,-2.71807,1,-1.75518,-2.71725,0.71835,0.8223333333333331
46064,2016-06-22 06:00:00-05,0.2504333333333333,74.91,0.21,2.84,19.2134,1,15.7514,16.4903,1.1113333333333333,0.8122333333333331
46075,2016-06-22 07:00:00-05,0.1674833333333333,75.06,0.51,3.06,210.46400000000003,1,176.702,212.32,3.3354833333333334,0.6876333333333332
46086,2016-06-22 08:00:00-05,0.339,77.15,0.29,3.51,335.309,1,354.61699999999996,434.973,0.3578,1.2177
46097,2016-06-22 09:00:00-05,0.2887166666666666,80.06,0.24,5.19,530.2769999999999,1,554.868,672.066,0.3327,1.2515166666666668
46108,2016-06-22 10:00:00-05,0.2075,83.38,0.13,5.97,875.582,1,778.434,797.215,0.3693833333333333,1.6981
46119,2016-06-22 11:00:00-05,0.1646333333333333,86.24,0.11,5.72,983.427,1,984.08,958.1060000000001,0.33,2.289416666666667
46130,2016-06-22 12:00:00-05,0.2982,89.12,0.15,5.76,928.7189999999999,1,1134.57,1008.4,0.4282666666666666,2.1232333333333333
46141,2016-06-22 13:00:00-05,0.2917166666666666,90.94,0.11,6.23,1153.14,1,700.748,969.053,0.4264833333333333,2.433133333333333
46152,2016-06-22 14:00:00-05,0.16861666666666664,91.47,0.2,6.96,1035.51,1,1057.84,188.679,0.6909166666666666,2.26895
46163,2016-06-22 15:00:00-05,0.3573666666666666,92.89,0.19,7.01,946.1189999999999,1,340.73699999999997,833.22,0.58125,2.4452333333333334
46174,2016-06-22 16:00:00-05,0.6718833333333332,92.95,0.32,7.59,710.451,1,593.997,652.294,0.9303666666666665,2.3417166666666667
46185,2016-06-22 17:00:00-05,3.3732333333333333,92.93,0.13,6.65,465.241,1,213.15,459.17199999999997,1.3743166666666669,2.4343833333333333
46196,2016-06-22 18:00:00-05,3.3299333333333334,91.44,0.17,8.17,265.328,1,176.31400000000002,194.321,1.8720666666666668,2.405
46207,2016-06-22 19:00:00-05,3.238933333333333,90.15,0.24,7.54,44.9342,1,10.1605,49.6549,1.6950833333333333,1.9355166666666668
46218,2016-06-22 20:00:00-05,2.9560833333333334,88.62,0.25,7.49,-3.0093799999999997,1,-2.71621,-3.3936699999999997,1.7467333333333332,1.6386833333333333
46229,2016-06-22 21:00:00-05,3.0845,85.74,0.01,6.65,-3.1968900000000002,1,-2.37716,-2.73842,1.8523333333333332,1.2502
46240,2016-06-22 22:00:00-05,2.1771166666666666,83.79,0.01,7.07,-3.36763,1,-2.37719,-2.56351,1.2852333333333332,1.3064166666666668
46251,2016-06-22 23:00:00-05,1.8816833333333332,82.34,0.01,7.35,-2.86443,1,-2.38318,-2.71678,0.87405,0.7275333333333333
46262,2016-06-23 00:00:00-05,1.2112166666666668,80.53,0.09,6.22,-2.7177,1,-2.37759,-2.71116,0.78545,0.8481166666666666
46273,2016-06-23 01:00:00-05,0.846,79.19,0.23,5.73,-2.7177,1,-2.37759,-2.717,0.7329333333333332,0.81895
46284,2016-06-23 02:00:00-05,1.0429166666666667,78.02,0.37,5.6,-2.71775,1,-2.14549,-2.7172400000000003,0.5583666666666666,0.8115
46295,2016-06-23 03:00:00-05,0.6815833333333332,76.96,0.28,4.79,-2.8256900000000003,1,-2.7002599999999997,-2.71725,0.5857166666666666,0.6064666666666666
46306,2016-06-23 04:00:00-05,0.54745,76.15,0.25,4.5,-2.71847,1,-2.37777,-2.71726,0.58815,0.5782
46317,2016-06-23 05:00:00-05,0.6632833333333332,75.44,0.61,3.89,-2.71862,1,-2.41762,-2.71755,0.7186833333333332,0.6355
46328,2016-06-23 06:00:00-05,0.5593833333333332,74.72,0.38,2.9,14.6013,1,11.6519,21.7117,0.9283166666666663,0.7888666666666666
46339,2016-06-23 07:00:00-05,0.3732666666666665,74.75,0.58,1.83,217.49200000000002,1,197.78799999999998,104.87,0.3518166666666666,0.62925
46350,2016-06-23 08:00:00-05,0.8060666666666666,76.6,0.31,2.55,442.94300000000004,1,98.7158,212.3,0.3478,0.9108166666666666
46361,2016-06-23 09:00:00-05,1.18895,79.61,0.32,4.75,318.763,1,94.8176,732.3710000000001,0.46935,1.0223833333333332
46372,2016-06-23 10:00:00-05,1.1062666666666667,82.31,0.46,5.52,728.567,1,216.47400000000002,624.781,0.48355,1.28205
46383,2016-06-23 11:00:00-05,1.3521333333333332,84.61,0.65,6.05,803.257,1,583.2819999999999,521.566,0.90665,1.8059833333333333
46394,2016-06-23 12:00:00-05,1.2158166666666668,87.5,0.39,5.8,533.073,1,616.615,853.357,0.9606666666666664,1.6564666666666668
46405,2016-06-23 13:00:00-05,1.435366666666667,89.0,0.35,5.78,599.05,1,370.49800000000005,309.772,0.9513666666666664,1.8540333333333332
46416,2016-06-23 14:00:00-05,3.7358166666666666,90.67,0.42,6.18,1040.71,1,378.32599999999996,884.314,1.139233333333333,2.5751166666666667
46427,2016-06-23 15:00:00-05,2.5688666666666666,91.34,0.51,6.27,792.791,1,449.01599999999996,783.7189999999999,1.47135,2.490883333333333
46438,2016-06-23 16:00:00-05,1.94185,92.45,0.4,7.36,257.222,1,580.761,669.174,1.3102666666666667,3.084516666666667
46449,2016-06-23 17:00:00-05,2.222033333333333,91.69,0.28,6.97,540.28,1,369.324,448.566,1.4995,3.0199833333333332
46460,2016-06-23 18:00:00-05,1.7521833333333332,91.57,0.27,7.57,253.696,1,85.0278,227.982,1.4334833333333332,2.90805
46471,2016-06-23 19:00:00-05,1.77095,90.44,0.25,7.23,23.5238,1,10.5483,42.0116,1.2956833333333333,1.9420666666666668
46482,2016-06-23 20:00:00-05,1.5298333333333332,87.55,0.47,6.68,-2.721,1,-2.71539,-2.71522,1.1916166666666668,1.9898333333333331
46493,2016-06-23 21:00:00-05,1.549216666666667,84.94,0.18,6.63,-2.71598,1,-2.71608,-2.7159,0.7297666666666665,1.7548666666666668
46504,2016-06-23 22:00:00-05,1.02375,82.42,0.28,6.18,-2.7166,1,-2.38278,-2.71671,0.7682166666666665,1.5929166666666668
46515,2016-06-23 23:00:00-05,0.8054666666666666,80.52,0.07,6.0,-2.7168,1,-2.37719,-2.71679,0.56995,1.7433833333333333
46526,2016-06-24 00:00:00-05,0.7538666666666666,78.8,0.23,5.78,-2.7172,1,-2.36023,-2.7172400000000003,0.59525,1.1745666666666668
46537,2016-06-24 01:00:00-05,0.6606333333333332,77.41,0.28,5.23,-2.71725,1,-2.26399,-2.71743,0.599,0.7475833333333332
46548,2016-06-24 02:00:00-05,0.6444666666666666,76.31,0.36,4.47,-2.71755,1,-2.21895,-2.7177,0.53785,0.9148833333333332
46559,2016-06-24 03:00:00-05,0.6215333333333332,75.71,0.43,4.52,-2.7177,1,-2.37756,-2.7177,0.5206666666666666,0.9217666666666666
46570,2016-06-24 04:00:00-05,0.6242166666666666,74.98,0.46,3.5,-2.7177,1,-2.21342,-2.7177,0.39771666666666655,0.69585
46581,2016-06-24 05:00:00-05,0.612,74.94,0.56,3.29,-2.71779,1,-2.37759,-2.7177,0.6615333333333332,0.851
46592,2016-06-24 06:00:00-05,0.4569833333333333,74.52,0.54,2.28,11.8297,1,24.4892,18.2766,0.9384666666666664,0.9232
46603,2016-06-24 07:00:00-05,0.4743666666666666,75.03,0.73,2.22,62.5532,1,148.315,142.416,0.7368833333333332,2.634183333333333
46614,2016-06-24 08:00:00-05,0.7555666666666666,76.56,0.65,2.78,235.363,1,168.1,479.57599999999996,0.6185666666666666,1.6695833333333332
46625,2016-06-24 09:00:00-05,0.9593333333333331,79.39,0.68,4.38,786.345,1,289.756,647.071,0.6332333333333332,1.8191166666666667
46636,2016-06-24 10:00:00-05,1.0026166666666665,82.31,0.47,5.22,420.99,1,730.215,756.997,0.7578166666666666,2.229083333333333
46647,2016-06-24 11:00:00-05,1.3568333333333331,84.04,0.39,5.73,374.79400000000004,1,381.545,952.346,1.05995,1.7058166666666668
46658,2016-06-24 12:00:00-05,1.1075333333333333,87.43,0.39,5.76,403.542,1,409.949,978.573,1.1230166666666668,2.1726666666666667
46669,2016-06-24 13:00:00-05,1.6577666666666668,88.53,0.43,6.29,791.5310000000001,1,964.704,987.6239999999999,1.0109333333333332,3.9508666666666663
46680,2016-06-24 14:00:00-05,1.4351,89.22,0.36,6.9,423.75199999999995,1,926.6110000000001,924.69,1.0156666666666665,4.284166666666667
46691,2016-06-24 15:00:00-05,1.8751666666666669,90.3,0.42,7.14,860.762,1,458.95099999999996,804.698,1.0682166666666668,3.5308333333333333
46702,2016-06-24 16:00:00-05,1.4638833333333332,90.27,0.51,8.52,750.1419999999999,1,392.709,639.62,1.4019166666666667,3.42695
46713,2016-06-24 17:00:00-05,0.21273333333333327,88.69,0.34,7.97,212.995,1,161.412,444.917,1.2006333333333332,2.8062
46724,2016-06-24 18:00:00-05,0.20855,88.14,0.22,8.18,261.397,1,18.2439,226.408,1.8595833333333331,2.67715
46735,2016-06-24 19:00:00-05,0.20095,86.92,0.18,7.22,46.5773,1,-1.60658,34.8758,1.3681666666666668,3.2558166666666666
46746,2016-06-24 20:00:00-05,0.2568166666666666,85.41,0.16,6.71,-2.71526,1,-2.71579,-2.71446,1.1659833333333331,3.04825
46757,2016-06-24 21:00:00-05,0.15565,83.5,0.15,6.04,-2.71582,1,-2.37665,-2.7154599999999998,1.0611,2.865683333333333
46768,2016-06-24 22:00:00-05,0.2433666666666666,81.83,0.18,5.23,-2.7162900000000003,1,-2.86912,-2.7159,0.99825,2.6362666666666668
46779,2016-06-24 23:00:00-05,0.1665,80.79,0.15,5.04,-2.66017,1,-1.5510700000000002,-2.71655,0.60685,1.7787333333333333
46790,2016-06-25 00:00:00-05,0.22015,79.03,0.36,4.9,-2.37723,0,1.01925,-2.71678,0.5937,1.4949
46801,2016-06-25 01:00:00-05,0.18471666666666664,78.06,0.55,4.29,-2.43947,0,-0.130267,-2.71695,0.7315666666666665,1.1149833333333332
46812,2016-06-25 02:00:00-05,0.20046666666666665,76.9,0.43,3.93,-2.3774,0,-0.962684,-2.7172400000000003,0.5494333333333332,1.0555666666666668
46823,2016-06-25 03:00:00-05,0.2040333333333333,76.6,0.42,3.82,-3.3963300000000003,0,-2.34998,-2.71726,0.3954,0.7292333333333332
46834,2016-06-25 04:00:00-05,0.18305,76.05,0.67,3.98,-3.38505,0,-2.3780099999999997,-2.71732,0.5364,0.7294833333333332
46845,2016-06-25 05:00:00-05,0.2101,75.64,0.6,3.86,-1.8681,0,-2.37799,-2.7177,0.73585,0.685
46856,2016-06-25 06:00:00-05,0.1726333333333333,75.69,0.73,3.05,9.62378,0,4.49545,21.0959,0.6345,0.6627666666666666
46867,2016-06-25 07:00:00-05,0.22086666666666666,75.89,0.82,3.01,138.715,0,97.3173,197.983,0.8409,1.3938333333333333
46878,2016-06-25 08:00:00-05,0.16236666666666666,76.46,0.85,3.96,123.693,0,98.8067,433.485,0.5904166666666666,1.7244666666666668
46889,2016-06-25 09:00:00-05,0.2389,78.36,0.85,4.64,285.813,0,256.753,652.775,0.5527166666666666,1.0623166666666668
46900,2016-06-25 10:00:00-05,0.1576833333333333,79.63,0.56,4.87,342.455,0,299.755,797.8910000000001,0.5311333333333332,0.2986833333333333
46911,2016-06-25 11:00:00-05,0.2787166666666666,82.05,0.67,6.26,396.204,0,476.499,759.0010000000001,0.6563333333333332,0.2405166666666666
46922,2016-06-25 12:00:00-05,0.1595833333333333,83.57,0.73,6.47,1057.79,0,690.855,1022.35,0.7741166666666666,0.2411333333333333
46933,2016-06-25 13:00:00-05,0.2709333333333333,83.03,0.68,6.52,382.26800000000003,0,556.321,987.6160000000001,1.5912166666666667,0.2409833333333333
46944,2016-06-25 14:00:00-05,0.1381833333333333,84.12,0.63,6.87,234.44799999999998,0,882.735,997.02,2.8093166666666667,0.2376333333333333
46955,2016-06-25 15:00:00-05,0.3413166666666666,84.55,0.57,7.09,252.627,0,402.184,867.439,1.6534333333333333,0.2405833333333333
46966,2016-06-25 16:00:00-05,0.2711333333333333,85.02,0.45,6.63,671.6560000000001,0,527.783,676.0,1.734883333333333,0.2480166666666666
46977,2016-06-25 17:00:00-05,0.1932,84.45,0.68,5.99,175.046,0,193.524,447.099,1.6324833333333333,0.2443333333333333
46988,2016-06-25 18:00:00-05,0.132,82.76,0.7,5.92,240.68,0,69.9506,232.155,1.23645,0.24125
46999,2016-06-25 19:00:00-05,0.238,81.5,0.68,4.32,47.7263,0,1.70861,43.6836,0.807983333333333,0.2651333333333333
47010,2016-06-25 20:00:00-05,0.2555166666666666,79.67,0.54,2.86,-2.39885,0,-2.37665,-2.71504,0.7008,0.2751333333333333
47021,2016-06-25 21:00:00-05,0.18613333333333326,78.09,0.58,2.24,-2.6031,0,-2.37685,-2.7158,0.6418166666666666,0.1837166666666666
47032,2016-06-25 22:00:00-05,0.21155,76.96,0.34,3.13,-2.38283,0,-2.37718,-2.71631,0.7105833333333332,0.2353166666666666
47043,2016-06-25 23:00:00-05,0.1737,76.86,0.26,4.09,-2.6375599999999997,0,-2.37719,-2.71677,0.371,0.19858333333333328
47054,2016-06-26 00:00:00-05,0.2338166666666666,77.11,0.28,3.74,-2.65489,0,-2.37725,-2.72248,0.3662666666666666,0.20928333333333327
47065,2016-06-26 01:00:00-05,0.15136666666666665,76.43,0.44,3.67,-2.71725,0,-1.69813,-2.71706,0.2383,0.2254333333333333
47076,2016-06-26 02:00:00-05,0.2546666666666666,76.16,0.57,3.45,-2.3778,0,-2.3153,-2.7172400000000003,0.2298833333333333,0.1813833333333333
47087,2016-06-26 03:00:00-05,0.13671666666666665,75.43,0.49,2.61,-2.37797,0,-1.86245,-2.71739,0.22751666666666664,0.2528833333333333
47098,2016-06-26 04:00:00-05,0.25875,75.23,0.65,2.43,-2.37791,0,-2.37761,-2.71765,0.2901833333333333,0.1545833333333333
47109,2016-06-26 05:00:00-05,0.13681666666666664,75.03,0.7,1.74,-2.37787,0,-2.51372,-2.7177,0.5760666666666666,0.2788166666666666
47120,2016-06-26 06:00:00-05,0.2554666666666666,75.35,0.95,1.41,15.4999,0,12.4042,17.2065,0.5102666666666666,0.1510833333333333
47131,2016-06-26 07:00:00-05,0.1795833333333333,75.43,0.97,1.54,202.122,0,159.944,198.196,0.2824,0.2648666666666666
47142,2016-06-26 08:00:00-05,0.2307666666666666,76.81,0.91,1.6,416.065,0,360.7,409.846,0.21606666666666666,0.16895
47153,2016-06-26 09:00:00-05,0.27785,79.02,0.65,2.69,212.734,0,614.626,385.12300000000005,0.20213333333333328,0.2564
47164,2016-06-26 10:00:00-05,0.18585,81.69,0.49,3.73,391.02,0,793.284,363.833,0.2131,0.19856666666666664
47175,2016-06-26 11:00:00-05,0.21723333333333328,84.51,0.54,3.95,823.7710000000001,0,931.7769999999999,980.529,0.1954833333333333,0.2472
47186,2016-06-26 12:00:00-05,0.21815,87.35,0.36,4.46,1001.72,0,979.448,186.113,0.19251666666666664,0.22486666666666666
47197,2016-06-26 13:00:00-05,0.19355,88.91,0.33,4.93,966.817,0,970.7360000000001,1030.17,0.2263,0.29305
47208,2016-06-26 14:00:00-05,0.2495333333333333,91.26,0.39,5.63,1041.29,0,973.044,408.43300000000005,0.21161666666666665,0.3075833333333333
47219,2016-06-26 15:00:00-05,0.1680833333333333,92.22,0.36,6.26,869.7310000000001,0,835.79,1017.44,0.3557,0.2937833333333333
47230,2016-06-26 16:00:00-05,0.2790666666666666,92.92,0.24,7.4,661.915,0,29.1485,494.45599999999996,0.32595,0.1654333333333333
47241,2016-06-26 17:00:00-05,0.14725,91.98,0.25,7.0,113.637,0,576.25,514.581,0.3909,0.20503333333333326
47252,2016-06-26 18:00:00-05,0.2742166666666666,91.22,0.27,7.33,62.2926,0,241.868,241.38400000000001,0.4678166666666666,0.497
47263,2016-06-26 19:00:00-05,0.15001666666666666,89.67,0.26,6.45,18.3817,0,36.3953,23.393,0.8753833333333331,0.51555
47274,2016-06-26 20:00:00-05,0.2409666666666666,87.1,0.23,5.53,-2.7155299999999998,0,-2.71581,-2.7159,0.6865333333333332,0.2423333333333333
47285,2016-06-26 21:00:00-05,0.1813333333333333,84.49,0.21,4.2,-2.71597,0,-2.7164200000000003,-2.66577,0.7771166666666666,0.2577166666666666
47296,2016-06-26 22:00:00-05,0.19961666666666664,82.58,0.33,3.24,-2.71656,0,-2.71678,-2.6771700000000003,0.7155833333333332,0.1467333333333333
47307,2016-06-26 23:00:00-05,0.21431666666666666,81.3,0.41,3.53,-2.71678,0,-2.71717,-2.71723,0.5982833333333332,0.2825666666666666
47318,2016-06-27 00:00:00-05,0.16666666666666666,79.89,0.36,2.79,-2.7172099999999997,1,-2.71728,-2.7175700000000003,0.42846666666666655,0.1602833333333333
47329,2016-06-27 01:00:00-05,0.24785,78.75,0.41,2.81,-2.71725,1,-2.7175,-2.61013,0.3527333333333333,0.2549166666666666
47340,2016-06-27 02:00:00-05,0.13411666666666666,77.67,0.25,1.86,-2.71769,1,-2.6667400000000003,-2.7177,0.3446833333333333,0.18878333333333328
47351,2016-06-27 03:00:00-05,0.3394833333333333,76.06,0.19,2.25,-2.7177,1,-2.44027,-2.7177,0.3396333333333333,0.2259
47362,2016-06-27 04:00:00-05,0.269,75.1,0.14,2.86,-2.7177,1,-2.37799,-2.49159,0.3447833333333333,0.2161
47373,2016-06-27 05:00:00-05,0.19338333333333327,74.89,0.17,2.02,-2.71774,1,-2.37799,-2.7181599999999997,0.3457,0.18905
47384,2016-06-27 06:00:00-05,0.1314333333333333,74.38,0.24,1.03,17.0599,1,17.6293,8.30176,0.3418,0.2705833333333333
47395,2016-06-27 07:00:00-05,0.2441833333333333,74.08,0.31,1.93,181.929,1,133.416,117.147,0.36825,0.2672833333333333
47406,2016-06-27 08:00:00-05,0.2626833333333333,76.14,0.29,2.35,426.027,1,331.185,404.06699999999995,0.60935,0.14575
47417,2016-06-27 09:00:00-05,0.1532333333333333,79.4,0.33,1.95,435.97900000000004,1,335.663,673.8,1.2284833333333331,0.2694666666666666
47428,2016-06-27 10:00:00-05,0.2397,82.41,0.26,1.75,431.184,1,567.93,697.8710000000001,1.118766666666667,0.1832333333333333
47439,2016-06-27 11:00:00-05,0.19525,85.35,0.18,1.29,939.867,1,879.44,770.8969999999999,0.4631166666666666,0.2568166666666666
47450,2016-06-27 12:00:00-05,0.21541666666666665,88.22,0.16,1.11,1038.79,1,429.455,443.13,0.5948333333333332,0.21481666666666666
47461,2016-06-27 13:00:00-05,0.23345,90.24,0.17,2.21,1114.23,1,385.851,1119.78,0.9334166666666665,0.2336333333333333
47472,2016-06-27 14:00:00-05,0.1851,91.73,0.16,2.71,1099.68,1,1089.42,724.102,1.3119333333333332,0.2460833333333333
47483,2016-06-27 15:00:00-05,0.2686666666666666,92.79,0.22,2.21,269.394,1,735.3510000000001,982.14,1.2323,0.20453333333333326
47494,2016-06-27 16:00:00-05,0.1492,93.16,0.19,1.88,222.321,1,602.019,133.469,1.5430333333333333,0.66375
47505,2016-06-27 17:00:00-05,0.4695166666666666,93.29,0.22,2.02,162.865,1,411.164,163.88,1.66955,0.5534
47516,2016-06-27 18:00:00-05,0.55025,93.22,0.32,2.33,244.002,1,189.09799999999998,53.0387,2.6546166666666666,0.7228333333333332
47527,2016-06-27 19:00:00-05,0.5839,91.52,0.11,2.04,18.2921,1,12.4033,37.9562,2.060233333333333,0.5256833333333332
47538,2016-06-27 20:00:00-05,0.4417333333333333,89.98,0.02,1.67,-2.71541,1,-2.7156,-2.71714,1.6652,0.59105
47549,2016-06-27 21:00:00-05,0.3823,86.67,0.02,0.96,-2.7158700000000002,1,-2.37652,-2.7172400000000003,1.2991333333333333,0.19346666666666665
47560,2016-06-27 22:00:00-05,0.14121666666666666,83.72,0.01,0.45,-2.71638,1,-2.3771299999999997,-2.71739,0.7615333333333331,0.2812833333333333
47571,2016-06-27 23:00:00-05,0.2680666666666666,82.04,0.01,0.95,-2.62621,1,-2.37731,-2.7177,0.9471833333333332,0.2944
47582,2016-06-28 00:00:00-05,0.1437,79.47,0.13,1.05,-2.71679,1,-2.4908,-2.7177,1.3773166666666667,0.2779666666666666
47593,2016-06-28 01:00:00-05,0.2416333333333333,78.44,0.11,1.45,-2.71723,1,-2.71725,-2.7177,2.26035,0.15201666666666666
47604,2016-06-28 02:00:00-05,0.1803833333333333,77.31,0.12,0.84,-2.71747,1,-2.7175,-2.7178299999999997,0.38865,0.18675
47615,2016-06-28 03:00:00-05,0.20281666666666665,76.8,0.1,1.18,-2.7177,1,-2.37799,-2.7181599999999997,0.5144833333333332,0.28135
47626,2016-06-28 04:00:00-05,0.21835,76.07,0.08,0.75,-2.7177,1,-2.71769,-2.7183200000000003,0.3742666666666665,0.2347833333333333
47637,2016-06-28 05:00:00-05,0.1596333333333333,75.14,0.08,1.6,-2.5535099999999997,1,-2.37799,-2.71861,0.4205833333333333,0.1741333333333333
47648,2016-06-28 06:00:00-05,0.2572333333333333,75.05,0.06,1.8,19.6184,1,12.4052,19.795,0.37865,0.2684833333333333
47659,2016-06-28 07:00:00-05,0.12905,74.77,0.05,2.78,195.641,1,94.3633,190.28,0.2743666666666666,0.1449
47670,2016-06-28 08:00:00-05,0.2543333333333333,78.09,0.05,2.8,239.852,1,251.762,406.139,0.6020666666666666,0.2749666666666666
47681,2016-06-28 09:00:00-05,0.16211666666666666,82.76,0.09,2.85,703.058,1,210.114,632.586,0.56835,0.1715
47692,2016-06-28 10:00:00-05,0.2386666666666666,86.99,0.11,2.19,319.052,1,555.683,925.165,0.6735833333333332,0.2639833333333333
47703,2016-06-28 11:00:00-05,0.20341666666666666,90.46,0.2,1.72,772.815,1,375.955,524.0840000000001,0.73795,0.20956666666666665
47714,2016-06-28 12:00:00-05,0.2789666666666666,92.03,0.07,1.76,463.673,1,1077.31,295.698,0.8115166666666666,0.2409166666666666
47725,2016-06-28 13:00:00-05,0.2824333333333333,92.63,0.14,1.08,241.09900000000002,1,361.274,999.8510000000001,1.1872666666666667,0.2423333333333333
47736,2016-06-28 14:00:00-05,0.7087833333333332,94.28,0.24,0.45,994.659,1,754.2760000000001,949.4689999999999,1.2219,0.4087
47747,2016-06-28 15:00:00-05,0.7107,96.12,0.18,3.12,861.76,1,478.224,924.8760000000001,1.4913833333333333,0.7151833333333332
47758,2016-06-28 16:00:00-05,0.40336666666666654,92.3,0.35,4.13,789.178,1,161.322,74.3506,1.8597666666666668,0.8981
47769,2016-06-28 17:00:00-05,0.2697833333333333,83.92,0.4,4.13,480.459,1,171.02900000000002,345.756,2.2796833333333333,0.6557166666666666
47780,2016-06-28 18:00:00-05,0.2405166666666666,79.48,0.3,4.29,234.41299999999998,1,72.8227,136.053,3.470066666666667,0.65465
47791,2016-06-28 19:00:00-05,0.1294,77.44,0.45,2.83,42.0628,1,16.9681,38.2623,2.140016666666667,0.756583333333333
47802,2016-06-28 20:00:00-05,0.2781,75.46,0.41,2.17,-2.71461,1,-2.71627,-2.7155,1.2116166666666668,0.4040666666666666
47813,2016-06-28 21:00:00-05,0.1527833333333333,74.77,0.37,0.67,-2.62488,1,-2.71677,-2.55192,1.33025,0.2372333333333333
47824,2016-06-28 22:00:00-05,0.2315666666666666,74.79,0.3,0.44,-2.7158599999999997,1,-2.71696,-2.71666,1.4226,0.1717
47835,2016-06-28 23:00:00-05,0.18616666666666665,74.32,0.28,1.7,-2.71631,1,-2.71158,-2.71679,0.8476166666666666,0.2784666666666666
47846,2016-06-29 00:00:00-05,0.19311666666666666,74.17,0.14,1.25,-2.71677,1,-2.71769,-2.71722,0.6115833333333331,0.14781666666666665
47857,2016-06-29 01:00:00-05,0.22206666666666666,73.49,0.07,2.13,-2.71687,1,-2.47424,-2.7175700000000003,0.43486666666666657,0.26945
47868,2016-06-29 02:00:00-05,0.1532,72.68,0.08,0.75,-2.71726,1,-2.6724099999999997,-2.7177,0.37556666666666655,0.1823
47879,2016-06-29 03:00:00-05,0.2585833333333333,72.48,0.1,1.26,-2.7177,1,-2.7177,-2.7177,0.37336666666666657,0.2349
47890,2016-06-29 04:00:00-05,0.13395,71.78,0.11,1.65,-2.7516700000000003,1,-2.71773,-2.7177,0.3660666666666666,0.21466666666666664
47901,2016-06-29 05:00:00-05,0.2413166666666666,71.82,0.11,1.7,-2.7686599999999997,1,-2.71807,-2.71807,0.3628,0.19665
47912,2016-06-29 06:00:00-05,0.2599833333333333,71.24,0.14,2.32,11.3692,1,18.7494,19.2134,0.2384166666666666,0.2504333333333333
47923,2016-06-29 07:00:00-05,0.16435,71.93,0.48,1.37,173.81099999999998,1,170.765,210.46400000000003,0.5187166666666666,0.1674833333333333
47934,2016-06-29 08:00:00-05,0.244,73.96,0.42,1.4,404.906,1,464.89599999999996,335.309,0.8320666666666666,0.339
47945,2016-06-29 09:00:00-05,0.1394,77.24,0.36,1.14,526.058,1,304.495,530.2769999999999,0.5369166666666666,0.2887166666666666
47956,2016-06-29 10:00:00-05,0.2815333333333333,81.43,0.33,1.23,828.605,1,388.87300000000005,875.582,1.01595,0.2075
47967,2016-06-29 11:00:00-05,0.15206666666666666,85.43,0.26,2.27,961.2230000000001,1,938.438,983.427,0.8376666666666666,0.1646333333333333
47978,2016-06-29 12:00:00-05,0.2651833333333333,87.38,0.33,1.04,1050.03,1,412.10699999999997,928.7189999999999,0.9219,0.2982
47989,2016-06-29 13:00:00-05,0.1773333333333333,89.39,0.21,1.11,1082.44,1,1098.11,1153.14,0.9329,0.2917166666666666
48000,2016-06-29 14:00:00-05,0.2470666666666666,91.34,0.36,1.95,564.664,1,982.295,1035.51,0.9917166666666664,0.16861666666666664
48011,2016-06-29 15:00:00-05,0.2017,92.44,0.31,3.87,790.7180000000001,1,805.3960000000001,946.1189999999999,1.0585,0.3573666666666666
48022,2016-06-29 16:00:00-05,0.21726666666666666,92.5,0.17,4.92,421.222,1,612.53,710.451,1.1739,0.6718833333333332
48033,2016-06-29 17:00:00-05,0.22755,92.37,0.17,4.65,218.231,1,249.704,465.241,1.2065833333333331,3.3732333333333333
48044,2016-06-29 18:00:00-05,0.4045833333333333,91.19,0.14,5.3,153.887,1,114.477,265.328,1.5685666666666669,3.3299333333333334
48055,2016-06-29 19:00:00-05,0.58165,89.67,0.34,5.14,51.2932,1,7.502339999999999,44.9342,1.4476833333333332,3.238933333333333
48066,2016-06-29 20:00:00-05,0.29125,87.0,0.33,4.8,-2.71519,1,-2.5918200000000002,-3.0093799999999997,1.20505,2.9560833333333334
48077,2016-06-29 21:00:00-05,0.2586833333333333,84.64,0.07,3.79,-2.6931700000000003,1,-2.5017,-3.1968900000000002,1.2140333333333333,3.0845
48088,2016-06-29 22:00:00-05,0.1577333333333333,82.52,0.04,1.8,-2.7163,1,-2.49039,-3.36763,1.0967333333333331,2.1771166666666666
48099,2016-06-29 23:00:00-05,0.28055,81.42,0.0,2.5,-2.71674,1,-2.38289,-2.86443,1.0419,1.8816833333333332
48110,2016-06-30 00:00:00-05,0.2852333333333333,80.72,0.11,2.7,-2.71678,1,-2.37755,-2.7177,1.05965,1.2112166666666668
48121,2016-06-30 01:00:00-05,0.2544333333333333,79.25,0.09,2.72,-2.717,1,-2.37759,-2.7177,0.8536666666666666,0.846
48132,2016-06-30 02:00:00-05,0.13356666666666664,78.48,0.38,1.95,-2.37759,1,-2.37763,-2.71775,0.8618666666666666,1.0429166666666667
48143,2016-06-30 03:00:00-05,0.1835833333333333,77.55,0.04,1.51,-2.37759,1,-2.37795,-2.8256900000000003,0.6465333333333332,0.6815833333333332
48154,2016-06-30 04:00:00-05,0.2665666666666666,76.88,0.04,0.87,-2.71725,1,-2.66675,-2.71847,0.5408333333333332,0.54745
48165,2016-06-30 05:00:00-05,0.21866666666666665,76.06,0.04,0.58,-2.71743,1,-2.7177,-2.71862,0.41471666666666657,0.6632833333333332
48176,2016-06-30 06:00:00-05,0.1581833333333333,75.4,0.05,1.12,18.537,1,24.6009,14.6013,0.401,0.5593833333333332
48187,2016-06-30 07:00:00-05,0.2544666666666666,75.64,0.07,1.43,193.459,1,82.7105,217.49200000000002,0.3798833333333333,0.3732666666666665
48198,2016-06-30 08:00:00-05,0.13036666666666666,77.76,0.06,1.4,407.55699999999996,1,315.064,442.94300000000004,0.3406333333333333,0.8060666666666666
48209,2016-06-30 09:00:00-05,0.2637166666666666,82.08,0.12,1.94,612.077,1,682.6410000000001,318.763,0.3341833333333333,1.18895
48220,2016-06-30 10:00:00-05,0.16915,85.24,0.17,3.31,783.073,1,308.971,728.567,0.6580333333333332,1.1062666666666667
48231,2016-06-30 11:00:00-05,0.2416166666666666,86.96,0.44,3.17,901.1210000000001,1,982.2589999999999,803.257,0.6727833333333332,1.3521333333333332
48242,2016-06-30 12:00:00-05,0.20916666666666664,88.55,0.3,3.67,999.755,1,1065.54,533.073,0.5641166666666666,1.2158166666666668
48253,2016-06-30 13:00:00-05,0.20475,90.17,0.16,4.34,1028.98,1,1089.12,599.05,0.7677666666666666,1.435366666666667
48264,2016-06-30 14:00:00-05,0.4539166666666666,91.77,0.2,4.52,979.715,1,486.13800000000003,1040.71,0.6148,3.7358166666666666
48275,2016-06-30 15:00:00-05,0.5400333333333333,92.43,0.23,5.26,221.878,1,814.275,792.791,0.5931166666666666,2.5688666666666666
48286,2016-06-30 16:00:00-05,0.6815,93.0,0.29,6.02,636.639,1,626.144,257.222,0.5159333333333332,1.94185
48297,2016-06-30 17:00:00-05,0.7603,93.0,0.12,4.86,226.055,1,231.5,540.28,0.3289,2.222033333333333
48308,2016-06-30 18:00:00-05,0.7446333333333331,92.79,0.09,6.03,252.387,1,224.578,253.696,0.4521,1.7521833333333332
48319,2016-06-30 19:00:00-05,0.5744166666666666,90.61,0.07,6.03,52.4536,1,23.6667,23.5238,0.7612166666666667,1.77095
48330,2016-06-30 20:00:00-05,0.5485166666666667,88.72,0.03,5.53,-2.71484,1,-2.7157299999999998,-2.721,2.21095,1.5298333333333332
48341,2016-06-30 21:00:00-05,0.16481666666666664,85.8,0.01,4.01,-2.7154,1,-2.37677,-2.71598,1.1499666666666668,1.549216666666667
48352,2016-06-30 22:00:00-05,0.2641166666666666,83.43,0.01,2.71,-2.7158599999999997,1,-4.19402,-2.7166,0.4080166666666665,1.02375
48363,2016-06-30 23:00:00-05,0.1365333333333333,81.7,0.0,2.74,-2.71637,1,-1.69315,-2.7168,0.23056666666666664,0.8054666666666666
48374,2016-07-01 00:00:00-05,0.2479666666666666,79.82,0.01,3.24,-2.71685,1,0.339937,-2.7172,0.3599166666666666,0.7538666666666666
48385,2016-07-01 01:00:00-05,0.1774,78.57,0.01,3.03,-2.71694,1,-1.01416,-2.71725,0.3812333333333333,0.6606333333333332
48396,2016-07-01 02:00:00-05,0.20343333333333327,77.32,0.01,2.61,-2.7172400000000003,1,-1.7110400000000001,-2.71755,0.2869,0.6444666666666666
48407,2016-07-01 03:00:00-05,0.2195,76.6,0.03,2.16,-2.6493900000000004,1,-0.521246,-2.7177,0.2242,0.6215333333333332
48418,2016-07-01 04:00:00-05,0.15841666666666665,75.5,0.15,2.56,-2.71745,1,-1.01983,-2.7177,0.2416666666666666,0.6242166666666666
48429,2016-07-01 05:00:00-05,0.2628166666666666,74.88,0.18,1.74,-2.4911,1,-1.6997099999999998,-2.71779,0.46575,0.612
48440,2016-07-01 06:00:00-05,0.1328333333333333,74.33,0.2,0.94,15.7829,1,0.362606,11.8297,0.6673333333333332,0.4569833333333333
48451,2016-07-01 07:00:00-05,0.2505333333333333,74.21,0.24,0.7,180.37,1,25.8335,62.5532,0.2201,0.4743666666666666
48462,2016-07-01 08:00:00-05,0.16286666666666666,76.98,0.28,1.57,395.668,1,141.889,235.363,0.1938,0.7555666666666666
48473,2016-07-01 09:00:00-05,0.2762833333333333,80.62,0.29,2.01,608.5219999999999,1,286.055,786.345,0.2755333333333333,0.9593333333333331
48484,2016-07-01 10:00:00-05,0.3002166666666666,84.36,0.28,3.11,787.0269999999999,1,805.677,420.99,0.501,1.0026166666666665
48495,2016-07-01 11:00:00-05,0.2715833333333333,86.85,0.25,3.17,918.9680000000001,1,485.48900000000003,374.79400000000004,0.6624333333333332,1.3568333333333331
48506,2016-07-01 12:00:00-05,0.1501333333333333,88.27,0.25,3.76,973.539,1,1003.13,403.542,0.852333333333333,1.1075333333333333
48517,2016-07-01 13:00:00-05,0.20151666666666665,90.03,0.25,4.08,972.245,1,905.462,791.5310000000001,0.8349,1.6577666666666668
48528,2016-07-01 14:00:00-05,0.48585,91.56,0.22,4.52,927.247,1,940.204,423.75199999999995,1.2403666666666668,1.4351
48539,2016-07-01 15:00:00-05,0.6258833333333332,92.67,0.17,4.49,834.2760000000001,1,911.8539999999999,860.762,1.866866666666667,1.8751666666666669
48550,2016-07-01 16:00:00-05,0.5800833333333332,93.12,0.1,6.0,679.18,1,646.8530000000001,750.1419999999999,1.744983333333333,1.4638833333333332
48561,2016-07-01 17:00:00-05,0.7081666666666666,93.02,0.08,5.94,436.264,1,168.479,212.995,1.65945,0.21273333333333327
48572,2016-07-01 18:00:00-05,0.5994833333333331,92.67,0.08,6.05,228.63,1,223.428,261.397,2.61825,0.20855
48583,2016-07-01 19:00:00-05,0.8250166666666666,91.12,0.05,6.02,38.8481,1,51.286,46.5773,1.9213333333333331,0.20095
48594,2016-07-01 20:00:00-05,0.5304,89.63,0.03,5.93,-3.17862,1,-2.71583,-2.71526,1.5542166666666668,0.2568166666666666
48605,2016-07-01 21:00:00-05,0.20291666666666666,86.58,0.01,5.3,-2.8288,1,-2.37718,-2.71582,1.1769833333333333,0.15565
48616,2016-07-01 22:00:00-05,0.2243,84.4,0.02,5.59,-2.71628,1,-2.50771,-2.7162900000000003,0.9055,0.2433666666666666
48627,2016-07-01 23:00:00-05,0.14996666666666664,83.36,0.0,5.68,-2.71677,1,-2.3776,-2.66017,1.0858666666666668,0.1665
48638,2016-07-02 00:00:00-05,0.2665,81.35,0.05,5.4,-2.71678,0,-2.7173599999999998,-2.37723,1.253183333333333,0.22015
48649,2016-07-02 01:00:00-05,0.14476666666666665,80.37,0.19,5.66,-2.71711,0,-2.37797,-2.43947,0.3996333333333333,0.18471666666666664
48660,2016-07-02 02:00:00-05,0.21695,78.83,0.22,5.15,-2.71725,0,-2.7177,-2.3774,0.4003,0.20046666666666665
48671,2016-07-02 03:00:00-05,0.2682666666666666,77.8,0.28,4.67,-2.71725,0,-1.73826,-3.3963300000000003,0.5188666666666666,0.2040333333333333
48682,2016-07-02 04:00:00-05,0.21908333333333327,77.04,0.5,4.63,-2.71725,0,-2.3785,-3.38505,0.3995833333333333,0.18305
48693,2016-07-02 05:00:00-05,0.15431666666666666,76.4,0.55,4.15,-2.71725,0,-1.8917099999999998,-1.8681,0.54495,0.2101
48704,2016-07-02 06:00:00-05,0.26535,76.19,0.55,3.97,16.0488,0,5.28432,9.62378,1.1735166666666668,0.1726333333333333
48715,2016-07-02 07:00:00-05,0.1311833333333333,75.95,0.71,4.21,181.172,0,131.468,138.715,0.5554666666666666,0.22086666666666666
48726,2016-07-02 08:00:00-05,0.2555333333333333,77.53,0.67,5.34,268.995,0,262.336,123.693,0.5296,0.16236666666666666
48737,2016-07-02 09:00:00-05,0.17606666666666665,79.85,0.65,7.72,619.5509999999999,0,218.892,285.813,0.4816333333333332,0.2389
48748,2016-07-02 10:00:00-05,0.2255333333333333,82.63,0.48,8.76,798.453,0,354.591,342.455,0.3507166666666666,0.1576833333333333
48759,2016-07-02 11:00:00-05,0.22233333333333327,85.39,0.4,9.28,854.966,0,298.411,396.204,0.35655,0.2787166666666666
48770,2016-07-02 12:00:00-05,0.1889,88.85,0.32,9.36,1008.71,0,266.885,1057.79,0.6611,0.1595833333333333
48781,2016-07-02 13:00:00-05,0.2718166666666666,91.48,0.25,9.54,1018.74,0,1073.92,382.26800000000003,0.7533,0.2709333333333333
48792,2016-07-02 14:00:00-05,0.15225,92.87,0.25,9.81,1016.94,0,1053.38,234.44799999999998,0.8189333333333331,0.1381833333333333
48803,2016-07-02 15:00:00-05,0.2852333333333333,94.2,0.16,10.04,731.181,0,207.033,252.627,1.1943833333333331,0.3413166666666666
48814,2016-07-02 16:00:00-05,0.38635,94.42,0.21,10.61,603.188,0,228.699,671.6560000000001,1.137066666666667,0.2711333333333333
48825,2016-07-02 17:00:00-05,0.6184,94.28,0.18,9.97,482.5,0,153.559,175.046,1.1279666666666668,0.1932
48836,2016-07-02 18:00:00-05,0.63655,93.64,0.2,10.21,251.174,0,51.4261,240.68,0.9619,0.132
48847,2016-07-02 19:00:00-05,0.58165,92.39,0.13,9.91,49.1803,0,19.5614,47.7263,0.8674333333333331,0.238
48858,2016-07-02 20:00:00-05,0.4585166666666666,89.33,0.05,9.43,-2.71517,0,-2.37799,-2.39885,1.0367,0.2555166666666666
48869,2016-07-02 21:00:00-05,0.4211833333333333,86.73,0.05,8.58,-2.71584,0,-2.37839,-2.6031,0.78765,0.18613333333333326
48880,2016-07-02 22:00:00-05,0.1761,84.63,0.02,8.77,-2.7162900000000003,0,-2.53166,-2.38283,0.6953833333333332,0.21155
48891,2016-07-02 23:00:00-05,0.13175,82.65,0.02,8.85,-2.68832,0,-2.71862,-2.6375599999999997,0.5760666666666666,0.1737
48902,2016-07-03 00:00:00-05,0.2692666666666666,81.22,0.36,9.07,-2.37718,0,-2.37886,-2.65489,0.3596333333333333,0.2338166666666666
48913,2016-07-03 01:00:00-05,0.2601333333333333,80.05,0.5,8.88,-2.37719,0,-2.50947,-2.71725,0.2814166666666666,0.15136666666666665
48924,2016-07-03 02:00:00-05,0.1494,79.8,0.85,7.77,-2.37719,0,-2.41319,-2.3778,0.2506166666666666,0.2546666666666666
48935,2016-07-03 03:00:00-05,0.2339833333333333,78.64,0.74,8.75,-2.37719,0,-2.71908,-2.37797,0.2366166666666666,0.13671666666666665
48946,2016-07-03 04:00:00-05,0.19433333333333327,78.34,0.7,8.93,-2.37722,0,-2.71915,-2.37791,0.23025,0.25875
48957,2016-07-03 05:00:00-05,0.18468333333333328,77.88,0.61,7.8,-2.38289,0,-2.7195099999999996,-2.37787,0.2612333333333333,0.13681666666666664
48968,2016-07-03 06:00:00-05,0.244,77.63,0.81,7.17,10.4823,0,27.3314,15.4999,0.5828666666666666,0.2554666666666666
48979,2016-07-03 07:00:00-05,0.1307333333333333,78.28,0.82,7.01,129.415,0,209.71,202.122,0.3107833333333333,0.1795833333333333
48990,2016-07-03 08:00:00-05,0.26945,79.4,0.84,7.89,444.85400000000004,0,428.844,416.065,0.2460666666666666,0.2307666666666666
49001,2016-07-03 09:00:00-05,0.15966666666666665,80.89,0.69,10.24,202.043,0,637.476,212.734,0.2310666666666666,0.27785
49012,2016-07-03 10:00:00-05,0.2418833333333333,83.35,0.47,10.03,845.4639999999999,0,818.6439999999999,391.02,0.3482333333333333,0.18585
49023,2016-07-03 11:00:00-05,0.20723333333333327,86.45,0.58,11.2,540.826,0,1014.21,823.7710000000001,0.7133333333333332,0.21723333333333328
49034,2016-07-03 12:00:00-05,0.19958333333333328,89.33,0.52,11.17,1073.52,0,331.392,1001.72,0.7039666666666666,0.21815
49045,2016-07-03 13:00:00-05,0.27805,91.82,0.42,10.7,1066.14,0,77.3639,966.817,1.0266166666666667,0.19355
49056,2016-07-03 14:00:00-05,0.2816333333333333,94.0,0.36,11.46,942.2660000000001,0,738.5830000000001,1041.29,0.9581166666666664,0.2495333333333333
49067,2016-07-03 15:00:00-05,0.1669833333333333,94.94,0.32,10.81,850.1089999999999,0,963.712,869.7310000000001,1.2258166666666668,0.1680833333333333
49078,2016-07-03 16:00:00-05,0.45995,95.44,0.17,11.22,661.678,0,208.77,661.915,1.4908833333333331,0.2790666666666666
49089,2016-07-03 17:00:00-05,0.5913833333333331,94.92,0.27,11.06,437.81300000000005,0,427.38599999999997,113.637,1.77975,0.14725
49100,2016-07-03 18:00:00-05,0.38961666666666656,94.36,0.21,11.0,225.518,0,80.3187,62.2926,1.7711333333333332,0.2742166666666666
49111,2016-07-03 19:00:00-05,0.6398666666666666,92.85,0.14,10.66,43.7672,0,62.2594,18.3817,1.9191,0.15001666666666666
49122,2016-07-03 20:00:00-05,0.46795,90.2,0.04,10.64,-2.71529,0,-2.7168200000000002,-2.7155299999999998,1.67935,0.2409666666666666
49133,2016-07-03 21:00:00-05,0.2605,87.05,0.11,10.13,-2.71584,0,-2.7174,-2.71597,1.2894,0.1813333333333333
49144,2016-07-03 22:00:00-05,0.1720333333333333,84.63,0.09,10.39,-2.71632,0,-2.7177,-2.71656,1.4037333333333333,0.19961666666666664
49155,2016-07-03 23:00:00-05,0.21036666666666665,82.87,0.47,11.1,-2.71678,0,-2.64457,-2.71678,0.5042833333333332,0.21431666666666666
49166,2016-07-04 00:00:00-05,0.22183333333333327,81.93,0.41,10.44,-2.71678,1,-2.37879,-2.7172099999999997,0.2769333333333333,0.16666666666666666
49177,2016-07-04 01:00:00-05,0.15386666666666665,81.03,0.7,10.71,-2.71678,1,-2.46942,-2.71725,0.5408166666666666,0.24785
49188,2016-07-04 02:00:00-05,0.2661333333333333,80.6,0.72,10.26,-2.71719,1,-2.5373799999999997,-2.71769,0.4169,0.13411666666666666
49199,2016-07-04 03:00:00-05,0.1426333333333333,80.17,0.76,9.31,-2.7172400000000003,1,-2.52605,-2.7177,0.20788333333333328,0.3394833333333333
49210,2016-07-04 04:00:00-05,0.2407833333333333,79.89,0.84,8.39,-2.71725,1,-2.32216,-2.7177,0.22381666666666666,0.269
49221,2016-07-04 05:00:00-05,0.18683333333333327,79.24,0.78,8.3,-2.71725,1,-2.2541900000000004,-2.71774,0.24345,0.19338333333333327
49232,2016-07-04 06:00:00-05,0.2646833333333333,79.04,0.73,7.87,11.9332,1,1.0194299999999998,17.0599,0.4349,0.1314333333333333
49243,2016-07-04 07:00:00-05,0.2665,78.93,0.65,7.47,200.472,1,51.9597,181.929,0.6990666666666666,0.2441833333333333
49254,2016-07-04 08:00:00-05,0.26895,80.0,0.68,8.18,417.533,1,84.5493,426.027,0.77425,0.2626833333333333
49265,2016-07-04 09:00:00-05,0.1626,82.04,0.61,10.18,622.8919999999999,1,6.66517,435.97900000000004,0.5753833333333332,0.1532333333333333
49276,2016-07-04 10:00:00-05,0.15635,84.62,0.33,10.54,799.7710000000001,1,17.0423,431.184,0.53435,0.2397
49287,2016-07-04 11:00:00-05,0.2923166666666666,87.83,0.2,10.15,926.0369999999999,1,121.46600000000001,939.867,0.37166666666666653,0.19525
49298,2016-07-04 12:00:00-05,0.2732333333333333,90.52,0.13,9.57,985.63,1,273.393,1038.79,0.8117166666666666,0.21541666666666665
49309,2016-07-04 13:00:00-05,0.1513,93.21,0.08,9.94,994.2339999999999,1,536.054,1114.23,1.266233333333333,0.23345
49320,2016-07-04 14:00:00-05,0.2780666666666666,95.44,0.06,10.22,944.352,1,604.262,1099.68,1.2884,0.1851
49331,2016-07-04 15:00:00-05,0.58575,96.55,0.07,10.99,826.956,1,338.975,269.394,1.43415,0.2686666666666666
49342,2016-07-04 16:00:00-05,0.6276833333333331,96.56,0.08,11.74,658.565,1,329.116,222.321,1.4619,0.1492
49353,2016-07-04 17:00:00-05,0.6499,96.59,0.08,10.87,459.98699999999997,1,261.754,162.865,0.928,0.4695166666666666
49364,2016-07-04 18:00:00-05,0.6026333333333332,95.62,0.08,10.89,253.053,1,7.59715,244.002,0.7706333333333331,0.55025
49375,2016-07-04 19:00:00-05,0.65315,93.26,0.03,10.09,51.129,1,28.2309,18.2921,0.6622166666666666,0.5839
49386,2016-07-04 20:00:00-05,0.49765,90.04,0.18,9.51,-3.2971699999999995,1,-1.67107,-2.71541,0.6452833333333332,0.4417333333333333
49397,2016-07-04 21:00:00-05,0.2411333333333333,86.95,0.22,9.17,-2.71563,1,-1.29156,-2.7158700000000002,0.7837166666666666,0.3823
49408,2016-07-04 22:00:00-05,0.3448833333333333,84.67,0.24,9.36,-2.7162,1,-2.71908,-2.71638,0.6003833333333332,0.14121666666666666
49419,2016-07-04 23:00:00-05,0.17626666666666665,82.92,0.32,9.33,-2.7167,1,-1.7901,-2.62621,0.5761666666666666,0.2680666666666666
49430,2016-07-05 00:00:00-05,0.2599333333333333,81.75,0.42,9.16,-2.71683,1,-1.69387,-2.71679,0.3928,0.1437
49441,2016-07-05 01:00:00-05,0.2628166666666666,80.24,0.81,8.51,-1.7659099999999999,1,-2.03963,-2.71723,0.3642666666666666,0.2416333333333333
49452,2016-07-05 02:00:00-05,0.1546,79.75,0.89,8.75,-2.53001,1,-2.3796,-2.71747,0.22485,0.1803833333333333
49463,2016-07-05 03:00:00-05,0.2255,79.61,0.79,8.26,-2.6036200000000003,1,-2.3796,-2.7177,0.2442,0.20281666666666665
49474,2016-07-05 04:00:00-05,0.20501666666666665,79.2,0.94,7.65,-2.68286,1,-2.24362,-2.7177,0.3709333333333333,0.21835
49485,2016-07-05 05:00:00-05,0.17045,78.62,0.9,6.15,-2.71703,1,-1.01983,-2.5535099999999997,0.2980166666666666,0.1596333333333333
49496,2016-07-05 06:00:00-05,0.2568166666666666,78.35,0.76,6.39,14.038,1,12.1076,19.6184,0.2635,0.2572333333333333
49507,2016-07-05 07:00:00-05,0.12825,78.43,0.75,6.15,199.042,1,181.90900000000002,195.641,0.2234,0.12905
49518,2016-07-05 08:00:00-05,0.2592333333333333,79.26,0.74,7.61,239.676,1,425.55300000000005,239.852,0.22373333333333328,0.2543333333333333
49529,2016-07-05 09:00:00-05,0.17631666666666665,81.45,0.66,8.9,651.189,1,319.942,703.058,0.2555,0.16211666666666666
49540,2016-07-05 10:00:00-05,0.2274,84.46,0.3,9.44,787.2280000000001,1,609.788,319.052,1.2533666666666667,0.2386666666666666
49551,2016-07-05 11:00:00-05,0.23031666666666664,87.26,0.19,9.43,905.159,1,844.622,772.815,1.8283833333333332,0.20341666666666666
49562,2016-07-05 12:00:00-05,0.18161666666666662,90.08,0.19,9.22,982.752,1,1101.11,463.673,1.3331166666666667,0.2789666666666666
49573,2016-07-05 13:00:00-05,0.2865833333333333,92.48,0.16,8.49,984.457,1,756.7130000000001,241.09900000000002,1.7621666666666669,0.2824333333333333
49584,2016-07-05 14:00:00-05,0.3455333333333333,94.39,0.15,8.73,939.148,1,299.592,994.659,1.6201666666666668,0.7087833333333332
49595,2016-07-05 15:00:00-05,0.70045,95.7,0.15,8.72,827.622,1,357.596,861.76,1.6633166666666668,0.7107
49606,2016-07-05 16:00:00-05,0.6545833333333332,96.16,0.23,8.56,671.681,1,940.857,789.178,3.8435833333333327,0.40336666666666654
49617,2016-07-05 17:00:00-05,2.52225,95.84,0.32,9.5,471.925,1,277.10200000000003,480.459,2.285166666666667,0.2697833333333333
49628,2016-07-05 18:00:00-05,3.448916666666667,95.17,0.22,10.28,249.611,1,73.3728,234.41299999999998,1.7475166666666668,0.2405166666666666
49639,2016-07-05 19:00:00-05,3.34315,93.08,0.09,10.1,49.0061,1,14.8097,42.0628,1.065516666666667,0.1294
49650,2016-07-05 20:00:00-05,3.1395,90.56,0.02,8.94,-2.71515,1,-2.4054900000000004,-2.71461,1.30815,0.2781
49661,2016-07-05 21:00:00-05,3.176816666666667,87.13,0.01,8.03,-2.71581,1,-2.57005,-2.62488,0.9320833333333332,0.1527833333333333
49672,2016-07-05 22:00:00-05,3.0713666666666666,84.14,0.03,7.94,-2.7162599999999997,1,-2.3949700000000003,-2.7158599999999997,0.7183833333333332,0.2315666666666666
49683,2016-07-05 23:00:00-05,2.56925,82.57,0.17,8.88,-2.37698,1,-2.9215299999999997,-2.71631,0.8857333333333332,0.18616666666666665
49694,2016-07-06 00:00:00-05,2.38675,80.89,0.29,8.75,-2.46772,1,-2.71813,-2.71677,0.4733166666666666,0.19311666666666666
49705,2016-07-06 01:00:00-05,2.4713,80.16,0.63,8.91,-2.71678,1,-2.7186,-2.71687,0.4926166666666666,0.22206666666666666
49716,2016-07-06 02:00:00-05,2.41385,79.83,0.8,8.7,-2.6715,1,-2.71862,-2.71726,0.4544333333333333,0.1532
49727,2016-07-06 03:00:00-05,1.6864833333333331,79.58,0.57,9.09,-2.37719,1,-2.45283,-2.7177,0.3131166666666666,0.2585833333333333
49738,2016-07-06 04:00:00-05,1.1578833333333332,79.49,0.75,9.25,-2.37719,1,-1.8580599999999998,-2.7516700000000003,0.2364666666666666,0.13395
49749,2016-07-06 05:00:00-05,0.9882666666666664,79.09,0.75,8.53,-2.7168200000000002,1,-2.16981,-2.7686599999999997,0.22325,0.2413166666666666
49760,2016-07-06 06:00:00-05,0.97425,78.73,0.64,7.79,12.3741,1,15.7378,11.3692,0.22996666666666665,0.2599833333333333
49771,2016-07-06 07:00:00-05,1.11375,78.77,0.62,7.12,123.397,1,218.106,173.81099999999998,0.41765,0.16435
49782,2016-07-06 08:00:00-05,1.2710666666666668,80.02,0.68,7.81,369.224,1,442.435,404.906,0.3705333333333333,0.244
49793,2016-07-06 09:00:00-05,1.3686166666666668,82.2,0.59,9.79,618.439,1,664.3589999999999,526.058,0.8575166666666666,0.1394
49804,2016-07-06 10:00:00-05,4.334583333333333,84.64,0.27,9.73,797.918,1,394.36800000000005,828.605,0.9664333333333333,0.2815333333333333
49815,2016-07-06 11:00:00-05,2.327233333333333,87.88,0.21,9.41,914.387,1,941.549,961.2230000000001,1.58955,0.15206666666666666
49826,2016-07-06 12:00:00-05,2.400916666666667,90.6,0.19,9.2,1013.94,1,500.42699999999996,1050.03,1.5031666666666668,0.2651833333333333
49837,2016-07-06 13:00:00-05,3.0540833333333333,92.63,0.06,9.64,1011.92,1,188.175,1082.44,1.8088,0.1773333333333333
49848,2016-07-06 14:00:00-05,2.2915,94.32,0.07,10.09,951.3439999999999,1,476.93800000000005,564.664,1.8877666666666668,0.2470666666666666
49859,2016-07-06 15:00:00-05,2.94235,95.24,0.07,11.0,837.034,1,391.798,790.7180000000001,1.538,0.2017
49870,2016-07-06 16:00:00-05,2.671383333333333,95.9,0.15,11.48,662.567,1,685.015,421.222,2.065733333333333,0.21726666666666666
49881,2016-07-06 17:00:00-05,3.1601,95.52,0.14,11.26,459.81199999999995,1,461.07099999999997,218.231,4.143083333333333,0.22755
49892,2016-07-06 18:00:00-05,2.6522,94.14,0.1,10.84,237.483,1,87.4999,153.887,3.134516666666667,0.4045833333333333
49903,2016-07-06 19:00:00-05,2.7874,92.09,0.01,10.05,42.5004,1,45.325,51.2932,2.0494166666666667,0.58165
49914,2016-07-06 20:00:00-05,3.057466666666667,89.39,0.0,8.92,-2.7153,1,-2.71617,-2.71519,1.3271166666666667,0.29125
49925,2016-07-06 21:00:00-05,2.36165,86.17,0.0,7.94,-2.7158599999999997,1,-2.71677,-2.6931700000000003,1.4124333333333332,0.2586833333333333
49936,2016-07-06 22:00:00-05,2.0718666666666667,84.18,0.0,8.04,-2.71643,1,-2.7172099999999997,-2.7163,0.8877333333333332,0.1577333333333333
49947,2016-07-06 23:00:00-05,1.3228166666666668,81.65,0.01,9.13,-2.59226,1,-2.71748,-2.71674,0.7250833333333332,0.28055
49958,2016-07-07 00:00:00-05,1.1479833333333331,81.11,0.46,9.14,-2.71678,1,-2.7177,-2.71678,0.7325333333333331,0.2852333333333333
49969,2016-07-07 01:00:00-05,0.9196833333333332,79.98,0.71,8.48,-2.37722,1,-2.71786,-2.717,0.5872,0.2544333333333333
49980,2016-07-07 02:00:00-05,0.6892833333333332,79.28,0.78,8.93,-2.37721,1,-2.5596,-2.37759,0.4107333333333333,0.13356666666666664
49991,2016-07-07 03:00:00-05,1.2242,78.93,0.75,8.75,-2.30362,1,-2.3785,-2.37759,0.39555,0.1835833333333333
50002,2016-07-07 04:00:00-05,0.91055,78.5,0.86,8.99,-2.60359,1,-2.4580599999999997,-2.71725,0.3915,0.2665666666666666
50013,2016-07-07 05:00:00-05,0.6094333333333332,78.38,0.77,8.57,-2.53567,1,-2.57136,-2.71743,0.35815,0.21866666666666665
50024,2016-07-07 06:00:00-05,0.8028666666666666,78.3,0.8,8.3,9.51455,1,19.9878,18.537,0.22081666666666666,0.1581833333333333
50035,2016-07-07 07:00:00-05,0.9048666666666666,78.31,0.7,7.96,147.748,1,214.25799999999998,193.459,0.2852666666666666,0.2544666666666666
50046,2016-07-07 08:00:00-05,0.9904,79.61,0.71,8.6,401.959,1,420.176,407.55699999999996,1.2246,0.13036666666666666
50057,2016-07-07 09:00:00-05,1.232033333333333,81.63,0.69,10.18,639.596,1,629.903,612.077,1.0140833333333332,0.2637166666666666
50068,2016-07-07 10:00:00-05,1.1868333333333332,84.21,0.52,10.62,541.8340000000001,1,404.04900000000004,783.073,1.535,0.16915
50079,2016-07-07 11:00:00-05,4.782566666666666,87.07,0.49,11.0,903.9119999999999,1,963.887,901.1210000000001,1.250916666666667,0.2416166666666666
50090,2016-07-07 12:00:00-05,2.5898,89.98,0.33,10.74,1014.87,1,708.181,999.755,1.5134833333333333,0.20916666666666664
50101,2016-07-07 13:00:00-05,2.4882,92.31,0.22,10.07,1008.87,1,785.46,1028.98,1.69015,0.20475
50112,2016-07-07 14:00:00-05,2.6470333333333333,94.16,0.19,10.37,946.585,1,250.64700000000002,979.715,1.5955166666666667,0.4539166666666666
50123,2016-07-07 15:00:00-05,2.7974666666666668,95.28,0.18,9.23,851.931,1,232.312,221.878,2.240766666666667,0.5400333333333333
50134,2016-07-07 16:00:00-05,2.829066666666667,95.94,0.19,9.63,701.799,1,629.503,636.639,2.87235,0.6815
50145,2016-07-07 17:00:00-05,3.38285,95.79,0.31,9.4,478.499,1,201.21900000000002,226.055,3.0519,0.7603
50156,2016-07-07 18:00:00-05,2.735866666666667,94.77,0.16,10.04,254.37,1,222.25099999999998,252.387,2.1664166666666667,0.7446333333333331
50167,2016-07-07 19:00:00-05,3.5707,91.98,0.02,10.88,48.1969,1,63.3041,52.4536,1.7928,0.5744166666666666
50178,2016-07-07 20:00:00-05,4.899433333333333,89.85,0.01,10.99,-2.71526,1,-2.3774900000000003,-2.71484,1.5182666666666669,0.5485166666666667
50189,2016-07-07 21:00:00-05,2.06125,86.57,0.02,10.24,-2.71585,1,-2.3778599999999996,-2.7154,1.0442833333333332,0.16481666666666664
50200,2016-07-07 22:00:00-05,2.050216666666667,83.85,0.01,9.23,-2.58616,1,-2.58182,-2.7158599999999997,0.7450166666666665,0.2641166666666666
50211,2016-07-07 23:00:00-05,1.3420166666666669,82.13,0.0,8.92,-1.96396,1,-2.7177,-2.71637,0.7154166666666666,0.1365333333333333
50222,2016-07-08 00:00:00-05,1.2524833333333332,80.98,0.2,8.09,-2.58661,1,-2.70664,-2.71685,0.54735,0.2479666666666666
50233,2016-07-08 01:00:00-05,0.7389666666666665,79.69,0.6,6.19,-2.53001,1,-2.7181599999999997,-2.71694,0.55475,0.1774
50244,2016-07-08 02:00:00-05,0.8016,79.17,0.75,6.12,-2.49607,1,-2.5145299999999997,-2.7172400000000003,0.5694833333333332,0.20343333333333327
50255,2016-07-08 03:00:00-05,1.0353333333333332,78.83,0.79,6.37,-2.71679,1,-2.61666,-2.6493900000000004,0.4337333333333333,0.2195
50266,2016-07-08 04:00:00-05,0.91965,78.63,0.72,6.4,-2.71679,1,-2.71862,-2.71745,0.45865,0.15841666666666665
50277,2016-07-08 05:00:00-05,0.6944333333333332,78.23,0.68,5.83,-2.7172,1,-2.71862,-2.4911,0.37876666666666653,0.2628166666666666
50288,2016-07-08 06:00:00-05,0.8595333333333331,78.04,0.57,5.87,12.0916,1,7.62913,15.7829,0.40231666666666654,0.1328333333333333
50299,2016-07-08 07:00:00-05,0.9659666666666664,78.23,0.59,5.93,183.78900000000002,1,136.775,180.37,0.5890666666666666,0.2505333333333333
50310,2016-07-08 08:00:00-05,0.9053,79.59,0.68,6.22,425.62800000000004,1,426.624,395.668,0.7240333333333332,0.16286666666666666
50321,2016-07-08 09:00:00-05,1.2881333333333331,81.8,0.6,7.19,613.873,1,726.6089999999999,608.5219999999999,1.0860333333333332,0.2762833333333333
50332,2016-07-08 10:00:00-05,1.3963666666666668,84.55,0.39,7.41,805.3560000000001,1,347.365,787.0269999999999,1.2508666666666668,0.3002166666666666
50343,2016-07-08 11:00:00-05,2.4492833333333333,87.56,0.18,7.4,815.825,1,1088.41,918.9680000000001,1.1231,0.2715833333333333
50354,2016-07-08 12:00:00-05,2.05005,90.59,0.22,6.58,1009.26,1,431.519,973.539,1.5647333333333333,0.1501333333333333
50365,2016-07-08 13:00:00-05,2.1052166666666667,92.58,0.19,7.12,1013.43,1,398.18699999999995,972.245,1.5800166666666668,0.20151666666666665
50376,2016-07-08 14:00:00-05,2.4156833333333334,94.22,0.18,7.47,955.159,1,1022.13,927.247,1.9351333333333331,0.48585
50387,2016-07-08 15:00:00-05,2.473783333333333,96.06,0.2,6.9,847.7869999999999,1,839.4910000000001,834.2760000000001,2.676,0.6258833333333332
50398,2016-07-08 16:00:00-05,2.720066666666667,96.21,0.25,8.72,651.2090000000001,1,380.37300000000005,679.18,4.8631166666666665,0.5800833333333332
50409,2016-07-08 17:00:00-05,2.9313833333333332,96.12,0.18,7.86,493.67400000000004,1,125.514,436.264,3.512566666666667,0.7081666666666666
50420,2016-07-08 18:00:00-05,2.507816666666667,95.04,0.23,9.93,245.489,1,250.109,228.63,2.3952166666666668,0.5994833333333331
50431,2016-07-08 19:00:00-05,2.669383333333333,92.92,0.02,10.13,45.7284,1,30.0755,38.8481,2.931483333333333,0.8250166666666666
50442,2016-07-08 20:00:00-05,3.6379666666666663,90.1,0.05,10.89,-2.7152700000000003,1,-2.7159,-3.17862,1.5879,0.5304
50453,2016-07-08 21:00:00-05,2.0935333333333332,86.79,0.01,9.94,-2.71584,1,-2.71675,-2.8288,1.6565833333333333,0.20291666666666666
50464,2016-07-08 22:00:00-05,1.48145,83.91,0.01,8.81,-2.6086400000000003,1,-2.59833,-2.71628,1.3229833333333332,0.2243
50475,2016-07-08 23:00:00-05,1.5705166666666668,82.1,0.03,6.74,-2.71633,1,-2.59878,-2.71677,1.06025,0.14996666666666664
50486,2016-07-09 00:00:00-05,1.21705,80.8,0.2,7.19,-2.7167,0,-2.7177,-2.71678,0.8195833333333331,0.2665
50497,2016-07-09 01:00:00-05,1.0744833333333332,79.06,0.51,5.87,-2.71678,0,-2.71782,-2.71711,0.7831,0.14476666666666665
50508,2016-07-09 02:00:00-05,0.90585,78.2,0.6,6.0,-2.71678,0,-2.7181599999999997,-2.71725,0.6562,0.21695
50519,2016-07-09 03:00:00-05,0.9374666666666664,77.43,0.63,5.8,-2.71678,0,-2.78612,-2.71725,0.5335,0.2682666666666666
50530,2016-07-09 04:00:00-05,0.6747,77.16,0.69,5.61,-2.7168,0,-2.71861,-2.71725,0.4358333333333333,0.21908333333333327
50541,2016-07-09 05:00:00-05,1.2547666666666668,77.25,0.61,5.17,-2.7170799999999997,0,-2.7187099999999997,-2.71725,0.3958833333333333,0.15431666666666666
50552,2016-07-09 06:00:00-05,0.6338333333333332,77.39,0.73,4.8,6.4137900000000005,0,28.7325,16.0488,0.37565,0.26535
50563,2016-07-09 07:00:00-05,0.6318333333333332,77.66,0.75,4.09,177.718,0,215.524,181.172,0.2878666666666666,0.1311833333333333
50574,2016-07-09 08:00:00-05,1.0461166666666668,78.79,0.78,5.8,263.92,0,459.686,268.995,0.592,0.2555333333333333
50585,2016-07-09 09:00:00-05,1.4664333333333333,81.49,0.74,7.97,479.675,0,716.207,619.5509999999999,1.38675,0.17606666666666665
50596,2016-07-09 10:00:00-05,1.85395,84.06,0.74,9.22,791.19,0,583.418,798.453,1.53475,0.2255333333333333
50607,2016-07-09 11:00:00-05,2.0621,86.28,0.59,9.3,944.2610000000001,0,347.716,854.966,2.02505,0.22233333333333327
50618,2016-07-09 12:00:00-05,2.0866833333333332,89.09,0.49,8.9,1016.43,0,227.891,1008.71,2.4890166666666667,0.1889
50629,2016-07-09 13:00:00-05,2.3613666666666666,91.79,0.29,8.64,1024.0,0,1070.62,1018.74,3.669,0.2718166666666666
50640,2016-07-09 14:00:00-05,2.546416666666667,93.86,0.28,8.63,952.283,0,1009.86,1016.94,2.475433333333333,0.15225
50651,2016-07-09 15:00:00-05,2.848516666666667,95.19,0.23,8.45,846.689,0,856.207,731.181,2.681366666666667,0.2852333333333333
50662,2016-07-09 16:00:00-05,3.59535,95.91,0.18,8.74,724.015,0,139.007,603.188,2.579883333333333,0.38635
50673,2016-07-09 17:00:00-05,4.0221833333333326,95.89,0.23,9.0,493.907,0,470.35699999999997,482.5,1.9963666666666668,0.6184
50684,2016-07-09 18:00:00-05,3.6602833333333327,94.95,0.24,9.02,87.8715,0,229.033,251.174,1.6700166666666667,0.63655
50695,2016-07-09 19:00:00-05,3.2647166666666667,92.56,0.17,8.71,42.1353,0,27.7591,49.1803,1.09075,0.58165
50706,2016-07-09 20:00:00-05,2.869616666666667,90.94,0.2,8.31,-2.71503,0,-2.71549,-2.71517,1.0817666666666668,0.4585166666666666
50717,2016-07-09 21:00:00-05,1.884,88.37,0.35,8.35,-2.71572,0,-2.71615,-2.71584,0.8251,0.4211833333333333
50728,2016-07-09 22:00:00-05,1.4096166666666667,86.31,0.47,7.8,-2.54058,0,-2.71672,-2.7162900000000003,0.9008666666666666,0.1761
50739,2016-07-09 23:00:00-05,1.56645,83.86,0.56,8.75,-2.37678,0,-2.71678,-2.68832,0.7923,0.13175
50750,2016-07-10 00:00:00-05,1.17655,81.5,0.63,7.0,-2.60908,0,-2.7172,-2.37718,0.7152833333333332,0.2692666666666666
50761,2016-07-10 01:00:00-05,1.22565,79.73,0.81,5.14,-2.71678,0,-2.71732,-2.37719,0.8098833333333331,0.2601333333333333
50772,2016-07-10 02:00:00-05,0.8494833333333331,78.49,0.76,5.57,-2.71678,0,-2.53085,-2.37719,0.40196666666666653,0.1494
50783,2016-07-10 03:00:00-05,0.55915,77.7,0.72,5.6,-2.7168400000000004,0,-2.7177,-2.37719,0.3898333333333333,0.2339833333333333
50794,2016-07-10 04:00:00-05,0.6208166666666666,77.51,0.71,6.07,-2.71685,0,-2.7177,-2.37722,0.37536666666666657,0.19433333333333327
50805,2016-07-10 05:00:00-05,0.8599166666666666,77.78,0.75,6.09,-2.71716,0,-2.7181599999999997,-2.38289,0.3666166666666666,0.18468333333333328
50816,2016-07-10 06:00:00-05,0.83325,77.74,0.64,5.33,14.9333,0,29.6629,10.4823,0.36255,0.244
50827,2016-07-10 07:00:00-05,0.5764833333333332,77.9,0.66,4.66,119.06,0,107.302,129.415,0.2917833333333333,0.1307333333333333
50838,2016-07-10 08:00:00-05,0.76165,78.87,0.62,5.55,396.57199999999995,0,400.798,444.85400000000004,0.6651166666666666,0.26945
50849,2016-07-10 09:00:00-05,1.14295,80.67,0.64,8.4,358.155,0,426.42800000000005,202.043,1.0796666666666668,0.15966666666666665
50860,2016-07-10 10:00:00-05,1.24775,83.16,0.51,9.58,793.1060000000001,0,772.673,845.4639999999999,1.2635,0.2418833333333333
50871,2016-07-10 11:00:00-05,1.6908,85.78,0.41,9.98,449.14099999999996,0,972.5980000000001,540.826,1.7450333333333332,0.20723333333333327
50882,2016-07-10 12:00:00-05,1.9945,88.58,0.27,10.51,663.297,0,219.732,1073.52,1.8652833333333332,0.19958333333333328
50893,2016-07-10 13:00:00-05,1.7448333333333332,90.65,0.29,10.34,537.203,0,106.045,1066.14,2.189833333333333,0.27805
50904,2016-07-10 14:00:00-05,2.0409,92.47,0.18,10.48,844.935,0,207.62599999999998,942.2660000000001,1.8742666666666667,0.2816333333333333
50915,2016-07-10 15:00:00-05,2.4356666666666666,93.43,0.17,10.88,387.654,0,139.064,850.1089999999999,2.1242,0.1669833333333333
50926,2016-07-10 16:00:00-05,3.1919833333333334,94.87,0.08,11.85,311.048,0,71.7628,661.678,2.197783333333333,0.45995
50937,2016-07-10 17:00:00-05,3.097,94.96,0.1,11.83,460.12800000000004,0,103.99700000000001,437.81300000000005,2.6351,0.5913833333333331
50948,2016-07-10 18:00:00-05,4.43765,94.16,0.13,10.71,236.33900000000003,0,137.07299999999998,225.518,2.9671833333333333,0.38961666666666656
50959,2016-07-10 19:00:00-05,3.52175,92.38,0.18,10.42,13.6129,0,34.8752,43.7672,2.1306333333333334,0.6398666666666666
50970,2016-07-10 20:00:00-05,2.6956,89.34,0.1,9.49,-2.71549,0,-2.48373,-2.71529,2.107666666666667,0.46795
50981,2016-07-10 21:00:00-05,2.4451666666666667,86.64,0.15,9.83,-2.7158700000000002,0,-2.3767,-2.71584,1.3822833333333333,0.2605
50992,2016-07-10 22:00:00-05,1.5705666666666669,84.22,0.07,9.65,-2.52392,0,-2.71663,-2.71632,1.235866666666667,0.1720333333333333
51003,2016-07-10 23:00:00-05,1.7060833333333332,82.46,0.04,9.46,-2.37708,0,-2.50737,-2.71678,0.72175,0.21036666666666665
51014,2016-07-11 00:00:00-05,1.17775,81.21,0.07,7.11,-2.37719,1,-2.53041,-2.71678,0.8072333333333331,0.22183333333333327
51025,2016-07-11 01:00:00-05,0.75665,79.83,0.29,6.75,-2.37719,1,-2.6210299999999997,-2.71678,0.7768833333333331,0.15386666666666665
51036,2016-07-11 02:00:00-05,0.6216666666666666,78.91,0.75,6.85,-2.37719,1,-2.4515599999999997,-2.71719,0.61825,0.2661333333333333
51047,2016-07-11 03:00:00-05,0.9617333333333332,78.88,0.75,7.84,-2.37719,1,-2.37799,-2.7172400000000003,0.5895333333333332,0.1426333333333333
51058,2016-07-11 04:00:00-05,0.8950666666666666,78.7,0.76,7.57,-2.37719,1,-2.42895,-2.71725,0.5686833333333332,0.2407833333333333
51069,2016-07-11 05:00:00-05,0.85355,78.69,0.85,6.98,-2.37719,1,-2.37798,-2.71725,0.6731833333333332,0.18683333333333327
51080,2016-07-11 06:00:00-05,0.7122,78.6,0.7,5.93,6.89958,1,26.1004,11.9332,0.4677333333333332,0.2646833333333333
51091,2016-07-11 07:00:00-05,0.6197833333333332,78.66,0.57,6.05,68.1985,1,212.24900000000002,200.472,0.7105166666666666,0.2665
51102,2016-07-11 08:00:00-05,0.8993,79.74,0.62,7.19,366.01800000000003,1,360.931,417.533,0.8978333333333332,0.26895
51113,2016-07-11 09:00:00-05,1.5974833333333331,81.65,0.69,8.78,631.465,1,347.23900000000003,622.8919999999999,0.854,0.1626
51124,2016-07-11 10:00:00-05,1.4977166666666668,84.2,0.34,8.74,877.9739999999999,1,985.175,799.7710000000001,1.1917,0.15635
51135,2016-07-11 11:00:00-05,2.09935,87.1,0.36,8.67,937.2139999999999,1,601.545,926.0369999999999,1.2705833333333332,0.2923166666666666
51146,2016-07-11 12:00:00-05,1.92875,90.28,0.14,8.47,991.6339999999999,1,538.035,985.63,1.8083833333333332,0.2732333333333333
51157,2016-07-11 13:00:00-05,2.4125666666666667,93.13,0.09,9.63,1004.23,1,480.746,994.2339999999999,1.67325,0.1513
51168,2016-07-11 14:00:00-05,2.8237666666666668,95.3,0.06,9.95,964.8589999999999,1,491.666,944.352,2.0235166666666666,0.2780666666666666
51179,2016-07-11 15:00:00-05,2.8737666666666666,96.73,0.05,9.98,827.784,1,351.409,826.956,2.3251166666666667,0.58575
51190,2016-07-11 16:00:00-05,3.103933333333333,97.26,0.04,10.46,661.295,1,383.865,658.565,2.82225,0.6276833333333331
51201,2016-07-11 17:00:00-05,3.1409833333333332,96.42,0.04,10.52,449.584,1,98.1167,459.98699999999997,2.34775,0.6499
51212,2016-07-11 18:00:00-05,2.589383333333333,94.67,0.04,11.29,240.079,1,43.9055,253.053,3.550816666666667,0.6026333333333332
51223,2016-07-11 19:00:00-05,2.27615,92.19,0.03,11.0,43.0381,1,18.7625,51.129,3.0587833333333334,0.65315
51234,2016-07-11 20:00:00-05,2.17685,88.81,0.0,10.2,-2.7153099999999997,1,-2.47781,-3.2971699999999995,1.758,0.49765
51245,2016-07-11 21:00:00-05,1.4605833333333331,85.7,0.0,9.28,-2.71588,1,-2.3763799999999997,-2.71563,1.2532833333333333,0.2411333333333333
51256,2016-07-11 22:00:00-05,1.4799666666666669,82.87,0.0,9.27,-2.71638,1,-2.37676,-2.7162,1.031383333333333,0.3448833333333333
51267,2016-07-11 23:00:00-05,1.0216833333333333,80.73,0.02,9.22,-2.71678,1,-2.3769,-2.7167,0.8518333333333331,0.17626666666666665
51278,2016-07-12 00:00:00-05,1.0127,79.82,0.27,9.24,-2.7168400000000004,1,-2.37718,-2.71683,0.62805,0.2599333333333333
51289,2016-07-12 01:00:00-05,0.6298833333333332,78.89,0.55,8.44,-2.7172400000000003,1,-2.37722,-1.7659099999999999,0.57825,0.2628166666666666
51300,2016-07-12 02:00:00-05,0.7813833333333331,78.35,0.82,8.6,-2.71726,1,-2.37725,-2.53001,0.6502833333333332,0.1546
51311,2016-07-12 03:00:00-05,0.8724,78.31,0.74,8.36,-2.71733,1,-2.37753,-2.6036200000000003,0.61405,0.2255
51322,2016-07-12 04:00:00-05,0.81935,77.63,0.76,8.23,-2.71758,1,-2.37759,-2.68286,0.7323166666666665,0.20501666666666665
51333,2016-07-12 05:00:00-05,0.5332666666666666,77.54,0.91,7.35,-2.27608,1,-2.37759,-2.71703,0.42145,0.17045
51344,2016-07-12 06:00:00-05,0.5620833333333332,77.16,0.87,6.83,8.11235,1,9.75378,14.038,0.54965,0.2568166666666666
51355,2016-07-12 07:00:00-05,0.8101833333333331,77.23,0.59,6.9,150.019,1,88.5179,199.042,0.9604666666666664,0.12825
51366,2016-07-12 08:00:00-05,0.9108,78.57,0.71,7.9,272.936,1,185.908,239.676,1.2560833333333332,0.2592333333333333
51377,2016-07-12 09:00:00-05,1.0314,80.62,0.66,9.61,190.945,1,278.584,651.189,1.2931166666666667,0.17631666666666665
51388,2016-07-12 10:00:00-05,1.418,83.21,0.48,10.01,921.4580000000001,1,230.079,787.2280000000001,2.0937,0.2274
51399,2016-07-12 11:00:00-05,1.8600333333333332,86.4,0.66,9.62,951.8639999999999,1,447.819,905.159,1.55545,0.23031666666666664
51410,2016-07-12 12:00:00-05,1.9195166666666668,88.92,0.62,10.43,1042.01,1,1062.41,982.752,1.6221833333333333,0.18161666666666662
51421,2016-07-12 13:00:00-05,1.7519333333333331,91.31,0.46,10.75,956.29,1,857.245,984.457,2.021166666666667,0.2865833333333333
51432,2016-07-12 14:00:00-05,1.8598,93.88,0.36,10.57,956.7869999999999,1,1014.37,939.148,2.54835,0.3455333333333333
51443,2016-07-12 15:00:00-05,2.484783333333333,95.18,0.27,10.38,417.296,1,882.462,827.622,2.6152333333333333,0.70045
51454,2016-07-12 16:00:00-05,2.2232,95.92,0.46,10.72,695.762,1,336.088,671.681,2.3004,0.6545833333333332
51465,2016-07-12 17:00:00-05,2.2628666666666666,95.74,0.37,11.01,474.616,1,459.33,471.925,2.5306333333333333,2.52225
51476,2016-07-12 18:00:00-05,2.24375,95.45,0.5,10.31,245.862,1,282.155,249.611,1.91635,3.448916666666667
51487,2016-07-12 19:00:00-05,2.760016666666667,93.76,0.29,9.1,28.6786,1,29.4419,49.0061,1.6782,3.34315
51498,2016-07-12 20:00:00-05,2.7602333333333333,90.12,0.54,9.73,-2.71509,1,-2.71528,-2.71515,2.0260333333333334,3.1395
51509,2016-07-12 21:00:00-05,3.0727,87.8,0.02,8.9,-2.7157299999999998,1,-2.71584,-2.71581,1.5189166666666667,3.176816666666667
51520,2016-07-12 22:00:00-05,1.9831166666666669,84.7,0.1,9.33,-2.71602,1,-2.71635,-2.7162599999999997,1.638283333333333,3.0713666666666666
51531,2016-07-12 23:00:00-05,1.2277166666666668,82.81,0.01,10.04,-2.71644,1,-2.68854,-2.37698,1.0076666666666665,2.56925
51542,2016-07-13 00:00:00-05,1.2809833333333331,82.4,0.03,9.22,-2.71677,1,-2.54142,-2.46772,0.7420833333333331,2.38675
51553,2016-07-13 01:00:00-05,0.7137833333333332,80.72,0.12,8.7,-2.67718,1,-2.37758,-2.71678,0.6118666666666666,2.4713
51564,2016-07-13 02:00:00-05,0.7301333333333332,79.71,0.62,8.28,-2.58661,1,-2.37759,-2.6715,0.7583166666666666,2.41385
51575,2016-07-13 03:00:00-05,0.6845166666666666,79.45,0.67,8.32,-2.3772,1,-2.39457,-2.37719,0.5926666666666666,1.6864833333333331
51586,2016-07-13 04:00:00-05,0.9166,78.83,0.74,7.91,-2.55265,1,-2.5361,-2.37719,0.5757166666666667,1.1578833333333332
51597,2016-07-13 05:00:00-05,0.9869833333333332,78.55,0.75,7.23,-2.3772599999999997,1,-2.71725,-2.7168200000000002,0.5869666666666666,0.9882666666666664
51608,2016-07-13 06:00:00-05,0.88605,78.52,0.73,6.05,8.47875,1,14.0617,12.3741,0.5587833333333332,0.97425
51619,2016-07-13 07:00:00-05,0.8697166666666666,78.92,0.68,6.15,153.047,1,177.612,123.397,2.842716666666667,1.11375
51630,2016-07-13 08:00:00-05,0.7348666666666664,80.23,0.51,6.51,420.26800000000003,1,157.49200000000002,369.224,1.4128833333333333,1.2710666666666668
51641,2016-07-13 09:00:00-05,1.4623,82.65,0.38,8.67,488.702,1,313.813,618.439,1.2773166666666669,1.3686166666666668
51652,2016-07-13 10:00:00-05,1.5186,85.32,0.35,9.05,830.5880000000001,1,670.755,797.918,1.6970666666666667,4.334583333333333
51663,2016-07-13 11:00:00-05,2.061,88.42,0.33,8.93,939.305,1,683.0269999999999,914.387,1.75515,2.327233333333333
51674,2016-07-13 12:00:00-05,2.0035166666666666,91.44,0.29,8.42,988.4960000000001,1,947.5060000000001,1013.94,2.4591833333333333,2.400916666666667
51685,2016-07-13 13:00:00-05,2.07305,94.19,0.28,8.93,1009.46,1,1065.03,1011.92,1.9429833333333333,3.0540833333333333
51696,2016-07-13 14:00:00-05,2.880466666666667,95.61,0.24,9.59,966.427,1,987.7239999999999,951.3439999999999,2.3568333333333333,2.2915
51707,2016-07-13 15:00:00-05,2.9725,96.75,0.22,9.8,852.63,1,667.04,837.034,2.158233333333333,2.94235
51718,2016-07-13 16:00:00-05,2.8486833333333332,96.87,0.16,10.17,691.74,1,683.961,662.567,2.804683333333333,2.671383333333333
51729,2016-07-13 17:00:00-05,3.0803166666666666,96.75,0.11,9.44,479.374,1,437.48900000000003,459.81199999999995,2.2032333333333334,3.1601
51740,2016-07-13 18:00:00-05,3.1796,96.29,0.11,10.34,257.092,1,199.261,237.483,2.53455,2.6522
51751,2016-07-13 19:00:00-05,2.817733333333333,94.07,0.11,10.67,48.9503,1,43.6567,42.5004,2.122866666666667,2.7874
51762,2016-07-13 20:00:00-05,2.45185,91.31,0.01,9.46,-2.85625,1,-2.71522,-2.7153,1.74005,3.057466666666667
51773,2016-07-13 21:00:00-05,2.4874,88.53,0.01,8.69,-2.7157299999999998,1,-2.37635,-2.7158599999999997,1.69985,2.36165
51784,2016-07-13 22:00:00-05,1.4486666666666668,85.79,0.0,7.38,-2.71619,1,-2.47309,-2.71643,1.4636833333333332,2.0718666666666667
51795,2016-07-13 23:00:00-05,1.3459833333333333,83.71,0.0,6.61,-2.71665,1,-2.71678,-2.59226,0.9645166666666664,1.3228166666666668
51806,2016-07-14 00:00:00-05,0.9711166666666664,82.05,0.03,8.22,-2.71678,1,-2.71693,-2.71678,0.9473333333333332,1.1479833333333331
51817,2016-07-14 01:00:00-05,0.8642666666666666,80.16,0.23,7.41,-2.71678,1,-2.7002599999999997,-2.37722,0.8506,0.9196833333333332
51828,2016-07-14 02:00:00-05,0.7,78.96,0.56,7.21,-2.7168200000000002,1,-2.37759,-2.37721,0.8415,0.6892833333333332
51839,2016-07-14 03:00:00-05,0.9849833333333332,78.36,0.63,6.86,-2.71705,1,-2.37784,-2.30362,0.8313166666666666,1.2242
51850,2016-07-14 04:00:00-05,0.9417,77.67,0.67,6.71,-2.71705,1,-2.45151,-2.60359,0.6043833333333332,0.91055
51861,2016-07-14 05:00:00-05,0.5645333333333332,77.2,0.63,6.29,-2.7168799999999997,1,-2.7177,-2.53567,0.7712,0.6094333333333332
51872,2016-07-14 06:00:00-05,0.6983166666666666,76.69,0.6,5.17,9.24279,1,26.1348,9.51455,0.69045,0.8028666666666666
51883,2016-07-14 07:00:00-05,0.8314,76.67,0.59,5.09,171.27700000000002,1,164.15400000000002,147.748,0.9451666666666664,0.9048666666666666
51894,2016-07-14 08:00:00-05,0.6376666666666666,77.8,0.64,5.88,418.969,1,304.666,401.959,1.15625,0.9904
51905,2016-07-14 09:00:00-05,1.2404166666666667,80.39,0.68,7.73,709.018,1,627.854,639.596,1.6343166666666669,1.232033333333333
51916,2016-07-14 10:00:00-05,1.48305,83.44,0.49,8.04,788.297,1,770.727,541.8340000000001,1.82105,1.1868333333333332
51927,2016-07-14 11:00:00-05,1.7031833333333333,86.49,0.39,8.21,923.065,1,931.482,903.9119999999999,1.3867666666666667,4.782566666666666
51938,2016-07-14 12:00:00-05,1.5190666666666668,89.82,0.21,8.44,987.443,1,1007.31,1014.87,1.83625,2.5898
51949,2016-07-14 13:00:00-05,1.7124666666666668,92.41,0.11,8.62,1003.04,1,1030.18,1008.87,2.4333666666666667,2.4882
51960,2016-07-14 14:00:00-05,2.4389333333333334,94.89,0.06,8.92,949.553,1,897.455,946.585,2.4132333333333333,2.6470333333333333
51971,2016-07-14 15:00:00-05,2.694316666666667,96.26,0.05,9.12,837.7710000000001,1,773.982,851.931,2.001816666666667,2.7974666666666668
51982,2016-07-14 16:00:00-05,2.9457166666666668,97.3,0.04,9.16,656.997,1,612.101,701.799,2.20875,2.829066666666667
51993,2016-07-14 17:00:00-05,2.9955333333333334,97.33,0.04,8.48,453.591,1,410.89599999999996,478.499,2.461266666666667,3.38285
52004,2016-07-14 18:00:00-05,3.470016666666667,96.72,0.08,9.86,224.832,1,250.09099999999998,254.37,2.1289,2.735866666666667
52015,2016-07-14 19:00:00-05,2.660166666666667,94.75,0.07,9.73,40.3418,1,40.485,48.1969,1.79265,3.5707
52026,2016-07-14 20:00:00-05,2.283466666666667,91.55,0.06,10.18,-2.7206200000000003,1,-2.7153099999999997,-2.71526,1.5838333333333332,4.899433333333333
52037,2016-07-14 21:00:00-05,2.1264833333333333,88.47,0.04,9.4,-2.7157400000000003,1,-2.71588,-2.71585,1.6988833333333333,2.06125
52048,2016-07-14 22:00:00-05,1.9397666666666669,85.6,0.0,8.64,-2.7162599999999997,1,-2.71653,-2.58616,0.9824333333333332,2.050216666666667
52059,2016-07-14 23:00:00-05,1.3009666666666668,83.54,0.0,9.09,-2.71676,1,-2.71678,-1.96396,0.78105,1.3420166666666669
52070,2016-07-15 00:00:00-05,1.3921666666666668,81.76,0.07,8.26,-2.37719,1,-2.58098,-2.58661,0.7452,1.2524833333333332
52081,2016-07-15 01:00:00-05,0.8659666666666666,80.08,0.18,6.57,-2.37721,1,-2.6549099999999997,-2.53001,0.8837833333333331,0.7389666666666665
52092,2016-07-15 02:00:00-05,0.8951166666666666,79.19,0.32,6.88,-2.56963,1,-2.57006,-2.49607,0.8309833333333331,0.8016
52103,2016-07-15 03:00:00-05,0.7187,78.28,0.56,6.21,-2.37719,1,-2.63233,-2.71679,0.8650666666666667,1.0353333333333332
52114,2016-07-15 04:00:00-05,0.7431166666666666,77.24,0.64,5.58,-2.37719,1,-2.37759,-2.71679,0.6537666666666666,0.91965
52125,2016-07-15 05:00:00-05,0.5614666666666666,76.8,0.63,6.21,-2.49039,1,-2.71725,-2.7172,0.8223333333333331,0.6944333333333332
52136,2016-07-15 06:00:00-05,0.7078666666666666,76.82,0.56,5.83,6.14687,1,16.4903,12.0916,0.8122333333333331,0.8595333333333331
52147,2016-07-15 07:00:00-05,0.8181666666666666,77.14,0.49,5.46,97.2113,1,212.32,183.78900000000002,0.6876333333333332,0.9659666666666664
52158,2016-07-15 08:00:00-05,3.6036166666666665,78.42,0.54,6.17,393.351,1,434.973,425.62800000000004,1.2177,0.9053
52169,2016-07-15 09:00:00-05,1.8304,81.18,0.58,8.24,597.269,1,672.066,613.873,1.2515166666666668,1.2881333333333331
52180,2016-07-15 10:00:00-05,1.6041166666666669,83.88,0.56,8.64,764.933,1,797.215,805.3560000000001,1.6981,1.3963666666666668
52191,2016-07-15 11:00:00-05,1.93075,87.45,0.24,8.67,921.648,1,958.1060000000001,815.825,2.289416666666667,2.4492833333333333
52202,2016-07-15 12:00:00-05,1.7605166666666667,90.66,0.1,8.13,996.055,1,1008.4,1009.26,2.1232333333333333,2.05005
52213,2016-07-15 13:00:00-05,1.7900833333333332,93.46,0.06,7.96,997.928,1,969.053,1013.43,2.433133333333333,2.1052166666666667
52224,2016-07-15 14:00:00-05,2.09325,95.56,0.02,8.02,937.23,1,188.679,955.159,2.26895,2.4156833333333334
52235,2016-07-15 15:00:00-05,2.692216666666667,97.4,0.05,7.61,835.4830000000001,1,833.22,847.7869999999999,2.4452333333333334,2.473783333333333
52246,2016-07-15 16:00:00-05,2.849,97.78,0.06,7.88,671.6460000000001,1,652.294,651.2090000000001,2.3417166666666667,2.720066666666667
52257,2016-07-15 17:00:00-05,2.7745333333333333,98.19,0.06,7.92,453.87800000000004,1,459.17199999999997,493.67400000000004,2.4343833333333333,2.9313833333333332
52268,2016-07-15 18:00:00-05,2.5042666666666666,97.66,0.06,8.23,211.32299999999998,1,194.321,245.489,2.405,2.507816666666667
52279,2016-07-15 19:00:00-05,2.3866,95.81,0.03,8.01,37.9885,1,49.6549,45.7284,1.9355166666666668,2.669383333333333
52290,2016-07-15 20:00:00-05,2.02175,92.82,0.02,7.67,-3.01458,1,-3.3936699999999997,-2.7152700000000003,1.6386833333333333,3.6379666666666663
52301,2016-07-15 21:00:00-05,2.132083333333333,89.42,0.02,7.15,-2.71569,1,-2.73842,-2.71584,1.2502,2.0935333333333332
52312,2016-07-15 22:00:00-05,1.558,86.78,0.02,7.21,-2.71623,1,-2.56351,-2.6086400000000003,1.3064166666666668,1.48145
52323,2016-07-15 23:00:00-05,1.3586666666666667,84.57,0.0,8.01,-2.72242,1,-2.71678,-2.71633,0.7275333333333333,1.5705166666666668
52334,2016-07-16 00:00:00-05,0.9102333333333332,81.83,0.12,7.29,-2.7168400000000004,0,-2.71116,-2.7167,0.8481166666666666,1.21705
52345,2016-07-16 01:00:00-05,1.1619,79.81,0.18,6.57,-2.7172,0,-2.717,-2.71678,0.81895,1.0744833333333332
52356,2016-07-16 02:00:00-05,0.7181333333333332,78.29,0.34,6.01,-2.71725,0,-2.7172400000000003,-2.71678,0.8115,0.90585
52367,2016-07-16 03:00:00-05,0.5858,77.37,0.32,5.56,-2.71733,0,-2.71725,-2.71678,0.6064666666666666,0.9374666666666664
52378,2016-07-16 04:00:00-05,0.5710833333333332,76.4,0.36,4.74,-2.71769,0,-2.71726,-2.7168,0.5782,0.6747
52389,2016-07-16 05:00:00-05,0.9356166666666664,75.49,0.51,4.14,-2.7177,0,-2.71755,-2.7170799999999997,0.6355,1.2547666666666668
52400,2016-07-16 06:00:00-05,0.5844,75.06,0.46,3.27,8.16443,0,21.7117,6.4137900000000005,0.7888666666666666,0.6338333333333332
52411,2016-07-16 07:00:00-05,0.6209333333333332,74.68,0.6,2.38,173.76,0,104.87,177.718,0.62925,0.6318333333333332
52422,2016-07-16 08:00:00-05,0.8056,76.61,0.55,3.28,182.484,0,212.3,263.92,0.9108166666666666,1.0461166666666668
52433,2016-07-16 09:00:00-05,1.1125833333333333,79.13,0.51,4.72,660.4,0,732.3710000000001,479.675,1.0223833333333332,1.4664333333333333
52444,2016-07-16 10:00:00-05,1.5608166666666667,82.81,0.43,5.73,888.215,0,624.781,791.19,1.28205,1.85395
52455,2016-07-16 11:00:00-05,1.8851,86.22,0.2,6.39,944.454,0,521.566,944.2610000000001,1.8059833333333333,2.0621
52466,2016-07-16 12:00:00-05,1.9420333333333333,89.29,0.19,6.37,1031.08,0,853.357,1016.43,1.6564666666666668,2.0866833333333332
52477,2016-07-16 13:00:00-05,1.6569166666666668,91.86,0.1,6.31,1087.57,0,309.772,1024.0,1.8540333333333332,2.3613666666666666
52488,2016-07-16 14:00:00-05,2.049516666666667,93.52,0.08,7.12,1105.48,0,884.314,952.283,2.5751166666666667,2.546416666666667
52499,2016-07-16 15:00:00-05,2.298566666666667,95.05,0.06,7.24,864.99,0,783.7189999999999,846.689,2.490883333333333,2.848516666666667
52510,2016-07-16 16:00:00-05,2.0791833333333334,95.67,0.07,7.1,718.347,0,669.174,724.015,3.084516666666667,3.59535
52521,2016-07-16 17:00:00-05,2.522416666666667,95.94,0.06,7.36,392.93300000000005,0,448.566,493.907,3.0199833333333332,4.0221833333333326
52532,2016-07-16 18:00:00-05,2.2805166666666667,95.86,0.05,8.05,262.286,0,227.982,87.8715,2.90805,3.6602833333333327
52543,2016-07-16 19:00:00-05,2.7645666666666666,94.49,0.08,8.04,43.8073,0,42.0116,42.1353,1.9420666666666668,3.2647166666666667
52554,2016-07-16 20:00:00-05,2.6273833333333334,91.89,0.05,7.99,-2.71489,0,-2.71522,-2.71503,1.9898333333333331,2.869616666666667
52565,2016-07-16 21:00:00-05,2.9643,88.62,0.03,6.64,-2.7157400000000003,0,-2.7159,-2.71572,1.7548666666666668,1.884
52576,2016-07-16 22:00:00-05,1.7767166666666667,86.2,0.04,7.04,-2.71624,0,-2.71671,-2.54058,1.5929166666666668,1.4096166666666667
52587,2016-07-16 23:00:00-05,1.6894166666666668,84.21,0.02,7.82,-2.71675,0,-2.71679,-2.37678,1.7433833333333333,1.56645
52598,2016-07-17 00:00:00-05,1.2994666666666668,82.36,0.02,6.14,-2.71678,0,-2.7172400000000003,-2.60908,1.1745666666666668,1.17655
52609,2016-07-17 01:00:00-05,0.9369833333333332,80.45,0.03,6.13,-2.7168400000000004,0,-2.71743,-2.71678,0.7475833333333332,1.22565
52620,2016-07-17 02:00:00-05,0.7279,78.59,0.06,5.73,-2.7172099999999997,0,-2.7177,-2.71678,0.9148833333333332,0.8494833333333331
52631,2016-07-17 03:00:00-05,0.67635,77.09,0.3,4.59,-2.71725,0,-2.7177,-2.7168400000000004,0.9217666666666666,0.55915
52642,2016-07-17 04:00:00-05,0.6495333333333332,76.03,0.38,3.33,-2.7174099999999997,0,-2.7177,-2.71685,0.69585,0.6208166666666666
52653,2016-07-17 05:00:00-05,0.6323,75.58,0.67,3.34,-2.71769,0,-2.7177,-2.71716,0.851,0.8599166666666666
52664,2016-07-17 06:00:00-05,0.5983333333333332,74.61,0.42,3.07,7.145289999999999,0,18.2766,14.9333,0.9232,0.83325
52675,2016-07-17 07:00:00-05,0.6123333333333332,75.04,0.44,1.73,175.12099999999998,0,142.416,119.06,2.634183333333333,0.5764833333333332
52686,2016-07-17 08:00:00-05,0.9169666666666666,76.86,0.52,3.36,337.418,0,479.57599999999996,396.57199999999995,1.6695833333333332,0.76165
52697,2016-07-17 09:00:00-05,1.4735166666666668,79.77,0.46,3.98,621.2719999999999,0,647.071,358.155,1.8191166666666667,1.14295
52708,2016-07-17 10:00:00-05,2.0828,82.95,0.23,5.34,806.01,0,756.997,793.1060000000001,2.229083333333333,1.24775
52719,2016-07-17 11:00:00-05,2.207333333333333,86.58,0.27,5.35,327.844,0,952.346,449.14099999999996,1.7058166666666668,1.6908
52730,2016-07-17 12:00:00-05,2.023083333333333,89.59,0.54,6.0,886.322,0,978.573,663.297,2.1726666666666667,1.9945
52741,2016-07-17 13:00:00-05,2.38965,91.66,0.19,5.4,695.16,0,987.6239999999999,537.203,3.9508666666666663,1.7448333333333332
52752,2016-07-17 14:00:00-05,2.324583333333333,93.43,0.25,6.29,206.00799999999998,0,924.69,844.935,4.284166666666667,2.0409
52763,2016-07-17 15:00:00-05,2.4134,94.52,0.5,6.65,889.665,0,804.698,387.654,3.5308333333333333,2.4356666666666666
52774,2016-07-17 16:00:00-05,2.557116666666667,95.58,0.2,6.76,688.6410000000001,0,639.62,311.048,3.42695,3.1919833333333334
52785,2016-07-17 17:00:00-05,2.50545,95.32,0.2,6.66,471.51599999999996,0,444.917,460.12800000000004,2.8062,3.097
52796,2016-07-17 18:00:00-05,2.890683333333333,95.19,0.23,6.63,260.418,0,226.408,236.33900000000003,2.67715,4.43765
52807,2016-07-17 19:00:00-05,2.8373666666666666,94.24,0.19,6.51,48.0147,0,34.8758,13.6129,3.2558166666666666,3.52175
52818,2016-07-17 20:00:00-05,2.9289,91.7,0.02,6.38,-2.71476,0,-2.71446,-2.71549,3.04825,2.6956
52829,2016-07-17 21:00:00-05,2.136616666666667,88.46,0.01,5.72,-2.71552,0,-2.7154599999999998,-2.7158700000000002,2.865683333333333,2.4451666666666667
52840,2016-07-17 22:00:00-05,1.4994666666666667,85.71,0.01,5.99,-2.7159,0,-2.7159,-2.52392,2.6362666666666668,1.5705666666666669
52851,2016-07-17 23:00:00-05,1.7406166666666667,84.48,0.01,5.79,-2.71656,0,-2.71655,-2.37708,1.7787333333333333,1.7060833333333332
52862,2016-07-18 00:00:00-05,1.0879666666666667,82.55,0.1,5.41,-2.71678,1,-2.71678,-2.37719,1.4949,1.17775
52873,2016-07-18 01:00:00-05,0.9858666666666664,81.16,0.07,5.07,-2.71679,1,-2.71695,-2.37719,1.1149833333333332,0.75665
52884,2016-07-18 02:00:00-05,0.7422666666666666,79.53,0.11,4.67,-2.7172099999999997,1,-2.7172400000000003,-2.37719,1.0555666666666668,0.6216666666666666
52895,2016-07-18 03:00:00-05,0.5644333333333332,78.4,0.2,3.95,-2.37759,1,-2.71726,-2.37719,0.7292333333333332,0.9617333333333332
52906,2016-07-18 04:00:00-05,0.5576666666666666,77.48,0.17,2.86,-2.71725,1,-2.71732,-2.37719,0.7294833333333332,0.8950666666666666
52917,2016-07-18 05:00:00-05,0.7242833333333332,76.68,0.63,2.71,-2.71739,1,-2.7177,-2.37719,0.685,0.85355
52928,2016-07-18 06:00:00-05,0.9012333333333332,76.31,0.7,1.7,7.08258,1,21.0959,6.89958,0.6627666666666666,0.7122
52939,2016-07-18 07:00:00-05,0.9864666666666664,76.46,0.82,1.44,178.946,1,197.983,68.1985,1.3938333333333333,0.6197833333333332
52950,2016-07-18 08:00:00-05,0.6036,77.71,0.82,2.09,307.255,1,433.485,366.01800000000003,1.7244666666666668,0.8993
52961,2016-07-18 09:00:00-05,1.08745,80.54,0.41,2.86,702.2180000000001,1,652.775,631.465,1.0623166666666668,1.5974833333333331
52972,2016-07-18 10:00:00-05,1.57465,83.84,0.23,3.45,812.9780000000001,1,797.8910000000001,877.9739999999999,0.2986833333333333,1.4977166666666668
52983,2016-07-18 11:00:00-05,1.8815666666666668,86.35,0.18,3.4,976.805,1,759.0010000000001,937.2139999999999,0.2405166666666666,2.09935
52994,2016-07-18 12:00:00-05,2.4167,89.59,0.09,3.62,1063.8,1,1022.35,991.6339999999999,0.2411333333333333,1.92875
53005,2016-07-18 13:00:00-05,2.3695833333333334,92.03,0.24,4.41,1126.31,1,987.6160000000001,1004.23,0.2409833333333333,2.4125666666666667
53016,2016-07-18 14:00:00-05,2.5070333333333332,93.15,0.35,3.92,835.298,1,997.02,964.8589999999999,0.2376333333333333,2.8237666666666668
53027,2016-07-18 15:00:00-05,3.01985,95.46,0.12,5.17,495.44800000000004,1,867.439,827.784,0.2405833333333333,2.8737666666666666
53038,2016-07-18 16:00:00-05,3.2031666666666667,95.3,0.21,4.87,702.6439999999999,1,676.0,661.295,0.2480166666666666,3.103933333333333
53049,2016-07-18 17:00:00-05,3.0215,95.53,0.24,5.13,469.914,1,447.099,449.584,0.2443333333333333,3.1409833333333332
53060,2016-07-18 18:00:00-05,2.5071166666666667,94.41,0.23,5.97,248.016,1,232.155,240.079,0.24125,2.589383333333333
53071,2016-07-18 19:00:00-05,2.483683333333333,93.6,0.12,6.57,40.2199,1,43.6836,43.0381,0.2651333333333333,2.27615
53082,2016-07-18 20:00:00-05,2.0859,90.75,0.15,6.87,-2.7147200000000002,1,-2.71504,-2.7153099999999997,0.2751333333333333,2.17685
53093,2016-07-18 21:00:00-05,1.5872333333333333,87.33,0.15,6.29,-2.71548,1,-2.7158,-2.71588,0.1837166666666666,1.4605833333333331
53104,2016-07-18 22:00:00-05,1.4111,85.65,0.11,5.44,-2.7159400000000002,1,-2.71631,-2.71638,0.2353166666666666,1.4799666666666669
53115,2016-07-18 23:00:00-05,1.14055,83.89,0.15,5.46,-2.71665,1,-2.71677,-2.71678,0.19858333333333328,1.0216833333333333
53126,2016-07-19 00:00:00-05,1.00555,82.58,0.14,4.56,-2.71678,1,-2.72248,-2.7168400000000004,0.20928333333333327,1.0127
53137,2016-07-19 01:00:00-05,0.831233333333333,81.46,0.2,4.44,-2.73389,1,-2.71706,-2.7172400000000003,0.2254333333333333,0.6298833333333332
53148,2016-07-19 02:00:00-05,0.8820333333333331,80.42,0.2,3.32,-2.7229,1,-2.7172400000000003,-2.71726,0.1813833333333333,0.7813833333333331
53159,2016-07-19 03:00:00-05,0.8462166666666666,79.76,0.25,2.9,-2.71742,1,-2.71739,-2.71733,0.2528833333333333,0.8724
53170,2016-07-19 04:00:00-05,0.7685833333333331,78.72,0.45,2.64,-2.71769,1,-2.71765,-2.71758,0.1545833333333333,0.81935
53181,2016-07-19 05:00:00-05,0.6681833333333332,77.97,0.32,1.76,-2.7177,1,-2.7177,-2.27608,0.2788166666666666,0.5332666666666666
53192,2016-07-19 06:00:00-05,0.865433333333333,77.34,0.24,1.24,4.897530000000001,1,17.2065,8.11235,0.1510833333333333,0.5620833333333332
53203,2016-07-19 07:00:00-05,1.12735,76.91,0.23,1.97,165.63400000000001,1,198.196,150.019,0.2648666666666666,0.8101833333333331
53214,2016-07-19 08:00:00-05,0.7635166666666666,78.53,0.2,2.03,389.019,1,409.846,272.936,0.16895,0.9108
53225,2016-07-19 09:00:00-05,0.9865333333333332,81.65,0.31,3.02,652.4630000000001,1,385.12300000000005,190.945,0.2564,1.0314
53236,2016-07-19 10:00:00-05,1.5409666666666668,84.39,0.55,1.94,841.32,1,363.833,921.4580000000001,0.19856666666666664,1.418
53247,2016-07-19 11:00:00-05,1.3581833333333333,87.25,0.31,3.16,306.165,1,980.529,951.8639999999999,0.2472,1.8600333333333332
53258,2016-07-19 12:00:00-05,2.13855,89.64,0.2,3.53,1041.79,1,186.113,1042.01,0.22486666666666666,1.9195166666666668
53269,2016-07-19 13:00:00-05,1.9533333333333331,91.74,0.17,4.43,1099.6,1,1030.17,956.29,0.29305,1.7519333333333331
53280,2016-07-19 14:00:00-05,2.0438666666666667,93.51,0.19,5.02,121.213,1,408.43300000000005,956.7869999999999,0.3075833333333333,1.8598
53291,2016-07-19 15:00:00-05,2.7611166666666667,94.88,0.21,4.96,671.047,1,1017.44,417.296,0.2937833333333333,2.484783333333333
53302,2016-07-19 16:00:00-05,2.2971833333333334,95.85,0.22,4.6,795.8560000000001,1,494.45599999999996,695.762,0.1654333333333333,2.2232
53313,2016-07-19 17:00:00-05,2.442483333333333,94.86,0.23,6.21,113.863,1,514.581,474.616,0.20503333333333326,2.2628666666666666
53324,2016-07-19 18:00:00-05,2.1384333333333334,91.22,0.15,5.97,252.33599999999998,1,241.38400000000001,245.862,0.497,2.24375
53335,2016-07-19 19:00:00-05,1.9791333333333332,90.36,0.06,6.4,71.2332,1,23.393,28.6786,0.51555,2.760016666666667
53346,2016-07-19 20:00:00-05,1.62835,87.67,0.08,5.14,-2.7153099999999997,1,-2.7159,-2.71509,0.2423333333333333,2.7602333333333333
53357,2016-07-19 21:00:00-05,1.3055666666666668,85.67,0.09,4.42,-2.71585,1,-2.66577,-2.7157299999999998,0.2577166666666666,3.0727
53368,2016-07-19 22:00:00-05,1.1738666666666668,84.3,0.09,3.72,-2.7163,1,-2.6771700000000003,-2.71602,0.1467333333333333,1.9831166666666669
53379,2016-07-19 23:00:00-05,1.2484666666666668,82.65,0.19,3.63,-2.7168,1,-2.71723,-2.71644,0.2825666666666666,1.2277166666666668
53390,2016-07-20 00:00:00-05,0.9462166666666664,82.47,0.33,4.16,-2.71679,1,-2.7175700000000003,-2.71677,0.1602833333333333,1.2809833333333331
53401,2016-07-20 01:00:00-05,0.9032,81.25,0.15,3.53,-2.71713,1,-2.61013,-2.67718,0.2549166666666666,0.7137833333333332
53412,2016-07-20 02:00:00-05,0.88145,80.14,0.03,3.76,-2.71725,1,-2.7177,-2.58661,0.18878333333333328,0.7301333333333332
53423,2016-07-20 03:00:00-05,0.64285,79.08,0.03,2.4,-2.72325,1,-2.7177,-2.3772,0.2259,0.6845166666666666
53434,2016-07-20 04:00:00-05,0.7907833333333331,77.67,0.03,2.46,-2.7177,1,-2.49159,-2.55265,0.2161,0.9166
53445,2016-07-20 05:00:00-05,0.7167166666666666,76.88,0.14,1.0,-2.7177,1,-2.7181599999999997,-2.3772599999999997,0.18905,0.9869833333333332
53456,2016-07-20 06:00:00-05,0.6682833333333332,76.04,0.61,1.11,5.4863599999999995,1,8.30176,8.47875,0.2705833333333333,0.88605
53467,2016-07-20 07:00:00-05,0.9321333333333331,76.04,0.15,0.62,165.727,1,117.147,153.047,0.2672833333333333,0.8697166666666666
53478,2016-07-20 08:00:00-05,0.6694333333333332,77.88,0.22,1.04,386.897,1,404.06699999999995,420.26800000000003,0.14575,0.7348666666666664
53489,2016-07-20 09:00:00-05,0.9074833333333332,81.41,0.32,2.48,553.65,1,673.8,488.702,0.2694666666666666,1.4623
53500,2016-07-20 10:00:00-05,1.2903666666666669,84.77,0.32,2.56,477.028,1,697.8710000000001,830.5880000000001,0.1832333333333333,1.5186
53511,2016-07-20 11:00:00-05,1.43245,87.57,0.24,3.67,849.2130000000001,1,770.8969999999999,939.305,0.2568166666666666,2.061
53522,2016-07-20 12:00:00-05,1.8561,89.79,0.49,3.73,1102.36,1,443.13,988.4960000000001,0.21481666666666666,2.0035166666666666
53533,2016-07-20 13:00:00-05,1.7323333333333333,92.75,0.09,4.35,1070.7,1,1119.78,1009.46,0.2336333333333333,2.07305
53544,2016-07-20 14:00:00-05,2.2108166666666667,93.65,0.15,4.7,1015.94,1,724.102,966.427,0.2460833333333333,2.880466666666667
53555,2016-07-20 15:00:00-05,2.4309333333333334,95.81,0.06,5.25,933.314,1,982.14,852.63,0.20453333333333326,2.9725
53566,2016-07-20 16:00:00-05,2.5892166666666667,95.75,0.16,4.88,730.689,1,133.469,691.74,0.66375,2.8486833333333332
53577,2016-07-20 17:00:00-05,2.927916666666667,96.11,0.15,5.51,497.716,1,163.88,479.374,0.5534,3.0803166666666666
53588,2016-07-20 18:00:00-05,2.6236333333333333,96.6,0.04,5.58,243.52200000000002,1,53.0387,257.092,0.7228333333333332,3.1796
53599,2016-07-20 19:00:00-05,3.40705,93.98,0.01,6.17,42.4793,1,37.9562,48.9503,0.5256833333333332,2.817733333333333
53610,2016-07-20 20:00:00-05,2.7818666666666667,91.07,0.04,6.25,-2.7151099999999997,1,-2.71714,-2.85625,0.59105,2.45185
53621,2016-07-20 21:00:00-05,4.018766666666666,87.82,0.02,5.02,-2.71582,1,-2.7172400000000003,-2.7157299999999998,0.19346666666666665,2.4874
53632,2016-07-20 22:00:00-05,2.0111166666666667,85.74,0.02,5.04,-2.71634,1,-2.71739,-2.71619,0.2812833333333333,1.4486666666666668
53643,2016-07-20 23:00:00-05,1.37665,83.96,0.01,5.12,-2.71678,1,-2.7177,-2.71665,0.2944,1.3459833333333333
53654,2016-07-21 00:00:00-05,1.2996666666666667,82.69,0.0,4.16,-2.82999,1,-2.7177,-2.71678,0.2779666666666666,0.9711166666666664
53665,2016-07-21 01:00:00-05,1.2860833333333332,81.54,0.0,4.05,-2.83038,1,-2.7177,-2.71678,0.15201666666666666,0.8642666666666666
53676,2016-07-21 02:00:00-05,1.0190333333333332,80.14,0.03,3.79,-3.14748,1,-2.7178299999999997,-2.7168200000000002,0.18675,0.7
53687,2016-07-21 03:00:00-05,0.9126333333333332,79.6,0.04,3.14,-2.96084,1,-2.7181599999999997,-2.71705,0.28135,0.9849833333333332
53698,2016-07-21 04:00:00-05,0.6843333333333332,78.26,0.04,2.7,-2.7177,1,-2.7183200000000003,-2.71705,0.2347833333333333,0.9417
53709,2016-07-21 05:00:00-05,0.7854833333333331,77.2,0.04,2.6,-2.94984,1,-2.71861,-2.7168799999999997,0.1741333333333333,0.5645333333333332
53720,2016-07-21 06:00:00-05,0.8778,75.84,0.04,2.37,4.56914,1,19.795,9.24279,0.2684833333333333,0.6983166666666666
53731,2016-07-21 07:00:00-05,1.3653833333333332,75.95,0.05,1.43,172.203,1,190.28,171.27700000000002,0.1449,0.8314
53742,2016-07-21 08:00:00-05,1.3665,77.99,0.04,2.18,388.69699999999995,1,406.139,418.969,0.2749666666666666,0.6376666666666666
53753,2016-07-21 09:00:00-05,1.27865,81.72,0.05,2.77,212.62599999999998,1,632.586,709.018,0.1715,1.2404166666666667
53764,2016-07-21 10:00:00-05,1.7889,85.68,0.04,2.85,861.834,1,925.165,788.297,0.2639833333333333,1.48305
53775,2016-07-21 11:00:00-05,1.92485,89.56,0.04,2.76,559.068,1,524.0840000000001,923.065,0.20956666666666665,1.7031833333333333
53786,2016-07-21 12:00:00-05,2.1445166666666666,92.33,0.02,2.55,1104.07,1,295.698,987.443,0.2409166666666666,1.5190666666666668
53797,2016-07-21 13:00:00-05,2.38195,94.21,0.05,2.99,413.676,1,999.8510000000001,1003.04,0.2423333333333333,1.7124666666666668
53808,2016-07-21 14:00:00-05,3.8790166666666663,95.51,0.04,4.42,371.654,1,949.4689999999999,949.553,0.4087,2.4389333333333334
53819,2016-07-21 15:00:00-05,3.7976666666666663,97.29,0.06,5.16,418.603,1,924.8760000000001,837.7710000000001,0.7151833333333332,2.694316666666667
53830,2016-07-21 16:00:00-05,2.8268166666666668,97.55,0.18,4.66,91.8983,1,74.3506,656.997,0.8981,2.9457166666666668
53841,2016-07-21 17:00:00-05,2.6121833333333333,96.86,0.18,5.1,477.56199999999995,1,345.756,453.591,0.6557166666666666,2.9955333333333334
53852,2016-07-21 18:00:00-05,2.4971666666666668,96.74,0.16,5.46,79.4875,1,136.053,224.832,0.65465,3.470016666666667
53863,2016-07-21 19:00:00-05,2.7411,95.58,0.03,5.35,39.939,1,38.2623,40.3418,0.756583333333333,2.660166666666667
53874,2016-07-21 20:00:00-05,2.02375,93.18,0.01,4.5,-2.7153,1,-2.7155,-2.7206200000000003,0.4040666666666666,2.283466666666667
53885,2016-07-21 21:00:00-05,2.391966666666667,89.31,0.01,3.79,-2.71584,1,-2.55192,-2.7157400000000003,0.2372333333333333,2.1264833333333333
53896,2016-07-21 22:00:00-05,1.2255666666666667,86.92,0.01,3.44,-2.71627,1,-2.71666,-2.7162599999999997,0.1717,1.9397666666666669
53907,2016-07-21 23:00:00-05,0.9521833333333332,85.47,0.0,3.18,-2.71672,1,-2.71679,-2.71676,0.2784666666666666,1.3009666666666668
53918,2016-07-22 00:00:00-05,0.9088333333333332,84.2,0.07,4.67,-2.87531,1,-2.71722,-2.37719,0.14781666666666665,1.3921666666666668
53929,2016-07-22 01:00:00-05,0.8741,82.27,0.09,3.64,-2.71723,1,-2.7175700000000003,-2.37721,0.26945,0.8659666666666666
53940,2016-07-22 02:00:00-05,0.89735,80.55,0.1,3.54,-2.83072,1,-2.7177,-2.56963,0.1823,0.8951166666666666
53951,2016-07-22 03:00:00-05,0.8451666666666666,79.55,0.08,3.18,-2.9894700000000003,1,-2.7177,-2.37719,0.2349,0.7187
53962,2016-07-22 04:00:00-05,0.6072,78.41,0.04,3.06,-3.0744,1,-2.7177,-2.37719,0.21466666666666664,0.7431166666666666
53973,2016-07-22 05:00:00-05,0.7572166666666666,77.38,0.05,2.12,-2.83102,1,-2.71807,-2.49039,0.19665,0.5614666666666666
53984,2016-07-22 06:00:00-05,0.7016166666666666,76.37,0.05,2.04,4.5075199999999995,1,19.2134,6.14687,0.2504333333333333,0.7078666666666666
53995,2016-07-22 07:00:00-05,1.06125,76.03,0.07,1.33,165.04,1,210.46400000000003,97.2113,0.1674833333333333,0.8181666666666666
54006,2016-07-22 08:00:00-05,0.7863666666666665,77.83,0.12,1.81,385.73800000000006,1,335.309,393.351,0.339,3.6036166666666665
54017,2016-07-22 09:00:00-05,1.22855,82.36,0.11,2.84,602.638,1,530.2769999999999,597.269,0.2887166666666666,1.8304
54028,2016-07-22 10:00:00-05,1.6971,86.31,0.09,3.35,813.27,1,875.582,764.933,0.2075,1.6041166666666669
54039,2016-07-22 11:00:00-05,1.76695,90.01,0.06,3.32,961.712,1,983.427,921.648,0.1646333333333333,1.93075
54050,2016-07-22 12:00:00-05,2.1205833333333333,92.42,0.04,3.77,1053.42,1,928.7189999999999,996.055,0.2982,1.7605166666666667
54061,2016-07-22 13:00:00-05,2.84115,94.91,0.02,3.77,1053.22,1,1153.14,997.928,0.2917166666666666,1.7900833333333332
54072,2016-07-22 14:00:00-05,2.8369666666666666,96.38,0.02,4.67,1139.11,1,1035.51,937.23,0.16861666666666664,2.09325
54083,2016-07-22 15:00:00-05,2.496433333333333,97.85,0.03,4.9,354.495,1,946.1189999999999,835.4830000000001,0.3573666666666666,2.692216666666667
54094,2016-07-22 16:00:00-05,3.0869833333333334,98.22,0.03,4.85,712.4989999999999,1,710.451,671.6460000000001,0.6718833333333332,2.849
54105,2016-07-22 17:00:00-05,3.88125,98.45,0.07,5.73,460.95,1,465.241,453.87800000000004,3.3732333333333333,2.7745333333333333
54116,2016-07-22 18:00:00-05,4.059,97.83,0.23,5.65,236.667,1,265.328,211.32299999999998,3.3299333333333334,2.5042666666666666
54127,2016-07-22 19:00:00-05,3.25855,96.45,0.03,5.95,37.7627,1,44.9342,37.9885,3.238933333333333,2.3866
54138,2016-07-22 20:00:00-05,2.226833333333333,93.82,0.03,4.7,-2.7147200000000002,1,-3.0093799999999997,-3.01458,2.9560833333333334,2.02175
54149,2016-07-22 21:00:00-05,1.6743,90.14,0.02,4.68,-2.71539,1,-3.1968900000000002,-2.71569,3.0845,2.132083333333333
54160,2016-07-22 22:00:00-05,1.2149666666666668,88.16,0.02,3.37,-2.7158700000000002,1,-3.36763,-2.71623,2.1771166666666666,1.558
54171,2016-07-22 23:00:00-05,1.2558166666666668,86.57,0.02,4.37,-2.71654,1,-2.86443,-2.72242,1.8816833333333332,1.3586666666666667
54182,2016-07-23 00:00:00-05,1.2620833333333332,84.76,0.02,4.87,-2.7168200000000002,0,-2.7177,-2.7168400000000004,1.2112166666666668,0.9102333333333332
54193,2016-07-23 01:00:00-05,0.9923166666666664,82.74,0.01,4.88,-2.71685,0,-2.7177,-2.7172,0.846,1.1619
54204,2016-07-23 02:00:00-05,0.8036,81.3,0.02,4.65,-2.71723,0,-2.71775,-2.71725,1.0429166666666667,0.7181333333333332
54215,2016-07-23 03:00:00-05,0.9556,80.17,0.09,4.48,-2.71725,0,-2.8256900000000003,-2.71733,0.6815833333333332,0.5858
54226,2016-07-23 04:00:00-05,0.62795,78.99,0.2,3.45,-2.74019,0,-2.71847,-2.71769,0.54745,0.5710833333333332
54237,2016-07-23 05:00:00-05,0.7502333333333331,78.0,0.28,3.21,-2.7177,0,-2.71862,-2.7177,0.6632833333333332,0.9356166666666664
54248,2016-07-23 06:00:00-05,0.5851166666666666,77.19,0.39,2.66,2.7177,0,14.6013,8.16443,0.5593833333333332,0.5844
54259,2016-07-23 07:00:00-05,0.7697666666666666,77.33,0.68,2.88,175.976,0,217.49200000000002,173.76,0.3732666666666665,0.6209333333333332
54270,2016-07-23 08:00:00-05,1.3745333333333332,78.73,0.62,3.7,375.111,0,442.94300000000004,182.484,0.8060666666666666,0.8056
54281,2016-07-23 09:00:00-05,1.1942666666666668,81.69,0.49,4.66,683.128,0,318.763,660.4,1.18895,1.1125833333333333
54292,2016-07-23 10:00:00-05,1.6359833333333331,84.76,0.42,5.35,163.25,0,728.567,888.215,1.1062666666666667,1.5608166666666667
54303,2016-07-23 11:00:00-05,1.7120833333333332,88.44,0.23,5.51,1081.2,0,803.257,944.454,1.3521333333333332,1.8851
54314,2016-07-23 12:00:00-05,1.7018666666666669,91.61,0.11,5.57,1134.8,0,533.073,1031.08,1.2158166666666668,1.9420333333333333
54325,2016-07-23 13:00:00-05,1.99605,93.87,0.06,5.72,306.426,0,599.05,1087.57,1.435366666666667,1.6569166666666668
54336,2016-07-23 14:00:00-05,2.632483333333333,95.99,0.08,5.84,1000.75,0,1040.71,1105.48,3.7358166666666666,2.049516666666667
54347,2016-07-23 15:00:00-05,2.70805,97.13,0.11,6.59,238.15599999999998,0,792.791,864.99,2.5688666666666666,2.298566666666667
54358,2016-07-23 16:00:00-05,2.9145333333333334,97.56,0.1,7.23,710.487,0,257.222,718.347,1.94185,2.0791833333333334
54369,2016-07-23 17:00:00-05,2.8989833333333332,97.96,0.11,6.87,527.38,0,540.28,392.93300000000005,2.222033333333333,2.522416666666667
54380,2016-07-23 18:00:00-05,3.2417166666666666,97.56,0.13,6.97,239.62,0,253.696,262.286,1.7521833333333332,2.2805166666666667
54391,2016-07-23 19:00:00-05,3.0930166666666667,95.83,0.17,6.39,40.5798,0,23.5238,43.8073,1.77095,2.7645666666666666
54402,2016-07-23 20:00:00-05,2.6803166666666667,93.5,0.1,6.08,-2.71448,0,-2.721,-2.71489,1.5298333333333332,2.6273833333333334
54413,2016-07-23 21:00:00-05,2.03655,90.55,0.06,5.57,-2.78892,0,-2.71598,-2.7157400000000003,1.549216666666667,2.9643
54424,2016-07-23 22:00:00-05,1.57055,88.53,0.05,6.12,-2.71585,0,-2.7166,-2.71624,1.02375,1.7767166666666667
54435,2016-07-23 23:00:00-05,1.6473166666666668,86.46,0.04,6.79,-2.71632,0,-2.7168,-2.71675,0.8054666666666666,1.6894166666666668
54446,2016-07-24 00:00:00-05,1.1316666666666668,84.64,0.05,6.19,-2.71678,0,-2.7172,-2.71678,0.7538666666666666,1.2994666666666668
54457,2016-07-24 01:00:00-05,0.9043333333333332,82.7,0.15,5.98,-2.71679,0,-2.71725,-2.7168400000000004,0.6606333333333332,0.9369833333333332
54468,2016-07-24 02:00:00-05,0.8085333333333331,81.41,0.16,5.95,-2.71679,0,-2.71755,-2.7172099999999997,0.6444666666666666,0.7279
54479,2016-07-24 03:00:00-05,0.8675833333333332,80.14,0.23,5.09,-2.71707,0,-2.7177,-2.71725,0.6215333333333332,0.67635
54490,2016-07-24 04:00:00-05,0.8563,79.21,0.23,4.53,-2.71725,0,-2.7177,-2.7174099999999997,0.6242166666666666,0.6495333333333332
54501,2016-07-24 05:00:00-05,0.82525,78.13,0.3,4.19,-2.71725,0,-2.71779,-2.71769,0.612,0.6323
54512,2016-07-24 06:00:00-05,0.6058,77.39,0.44,2.69,3.6173300000000004,0,11.8297,7.145289999999999,0.4569833333333333,0.5983333333333332
54523,2016-07-24 07:00:00-05,0.7711666666666666,77.35,0.56,3.68,165.497,0,62.5532,175.12099999999998,0.4743666666666666,0.6123333333333332
54534,2016-07-24 08:00:00-05,3.938716666666666,78.74,0.48,3.12,386.408,0,235.363,337.418,0.7555666666666666,0.9169666666666666
54545,2016-07-24 09:00:00-05,1.8616166666666667,81.81,0.31,4.31,598.366,0,786.345,621.2719999999999,0.9593333333333331,1.4735166666666668
54556,2016-07-24 10:00:00-05,1.4368166666666669,85.44,0.29,4.69,784.0239999999999,0,420.99,806.01,1.0026166666666665,2.0828
54567,2016-07-24 11:00:00-05,1.8806333333333332,88.55,0.22,4.93,903.447,0,374.79400000000004,327.844,1.3568333333333331,2.207333333333333
54578,2016-07-24 12:00:00-05,1.99585,91.44,0.28,4.0,997.155,0,403.542,886.322,1.1075333333333333,2.023083333333333
54589,2016-07-24 13:00:00-05,1.9763333333333333,93.81,0.29,4.29,1023.34,0,791.5310000000001,695.16,1.6577666666666668,2.38965
54600,2016-07-24 14:00:00-05,2.1098,95.19,0.33,4.57,966.172,0,423.75199999999995,206.00799999999998,1.4351,2.324583333333333
54611,2016-07-24 15:00:00-05,2.575816666666667,96.71,0.27,4.93,918.5419999999999,0,860.762,889.665,1.8751666666666669,2.4134
54622,2016-07-24 16:00:00-05,3.24885,96.94,0.29,5.86,654.797,0,750.1419999999999,688.6410000000001,1.4638833333333332,2.557116666666667
54633,2016-07-24 17:00:00-05,3.466733333333333,96.86,0.5,5.57,466.45,0,212.995,471.51599999999996,0.21273333333333327,2.50545
54644,2016-07-24 18:00:00-05,3.6129,96.65,0.46,6.06,236.386,0,261.397,260.418,0.20855,2.890683333333333
54655,2016-07-24 19:00:00-05,4.98935,95.5,0.29,5.97,39.2419,0,46.5773,48.0147,0.20095,2.8373666666666666
54666,2016-07-24 20:00:00-05,2.455033333333333,93.77,0.17,5.09,-3.08228,0,-2.71526,-2.71476,0.2568166666666666,2.9289
54677,2016-07-24 21:00:00-05,2.066316666666667,90.75,0.14,5.64,-2.71539,0,-2.71582,-2.71552,0.15565,2.136616666666667
54688,2016-07-24 22:00:00-05,1.6610166666666668,89.07,0.22,5.77,-2.7158900000000004,0,-2.7162900000000003,-2.7159,0.2433666666666666,1.4994666666666667
54699,2016-07-24 23:00:00-05,1.4812,86.89,0.14,6.57,-2.71631,0,-2.66017,-2.71656,0.1665,1.7406166666666667
54710,2016-07-25 00:00:00-05,1.0274666666666668,84.98,0.12,4.11,-2.71673,1,-2.37723,-2.71678,0.22015,1.0879666666666667
54721,2016-07-25 01:00:00-05,1.0471666666666668,83.33,0.1,4.24,-2.71678,1,-2.43947,-2.71679,0.18471666666666664,0.9858666666666664
54732,2016-07-25 02:00:00-05,0.94625,81.85,0.14,3.34,-2.71678,1,-2.3774,-2.7172099999999997,0.20046666666666665,0.7422666666666666
54743,2016-07-25 03:00:00-05,0.6105166666666666,80.7,0.11,3.6,-2.7170099999999997,1,-3.3963300000000003,-2.37759,0.2040333333333333,0.5644333333333332
54754,2016-07-25 04:00:00-05,1.0768166666666668,79.88,0.08,3.51,-2.7172400000000003,1,-3.38505,-2.71725,0.18305,0.5576666666666666
54765,2016-07-25 05:00:00-05,0.7374666666666665,79.2,0.06,2.52,-2.71725,1,-1.8681,-2.71739,0.2101,0.7242833333333332
54776,2016-07-25 06:00:00-05,0.9932333333333332,78.74,0.07,1.74,0.645346,1,9.62378,7.08258,0.1726333333333333,0.9012333333333332
54787,2016-07-25 07:00:00-05,1.1675666666666669,78.52,0.08,2.14,135.208,1,138.715,178.946,0.22086666666666666,0.9864666666666664
54798,2016-07-25 08:00:00-05,1.2498,79.87,0.1,1.9,244.986,1,123.693,307.255,0.16236666666666666,0.6036
54809,2016-07-25 09:00:00-05,1.3743166666666669,81.62,0.12,2.28,598.913,1,285.813,702.2180000000001,0.2389,1.08745
54820,2016-07-25 10:00:00-05,1.3204166666666668,85.19,0.1,2.53,262.82099999999997,1,342.455,812.9780000000001,0.1576833333333333,1.57465
54831,2016-07-25 11:00:00-05,2.0859,88.96,0.09,1.44,936.2339999999999,1,396.204,976.805,0.2787166666666666,1.8815666666666668
54842,2016-07-25 12:00:00-05,2.097933333333333,91.78,0.09,1.57,993.9780000000001,1,1057.79,1063.8,0.1595833333333333,2.4167
54853,2016-07-25 13:00:00-05,2.6012666666666666,94.44,0.1,2.45,1005.89,1,382.26800000000003,1126.31,0.2709333333333333,2.3695833333333334
54864,2016-07-25 14:00:00-05,2.78625,95.73,0.12,2.75,951.6139999999999,1,234.44799999999998,835.298,0.1381833333333333,2.5070333333333332
54875,2016-07-25 15:00:00-05,2.94655,96.81,0.16,2.51,697.1339999999999,1,252.627,495.44800000000004,0.3413166666666666,3.01985
54886,2016-07-25 16:00:00-05,3.599533333333333,95.92,0.23,2.31,605.71,1,671.6560000000001,702.6439999999999,0.2711333333333333,3.2031666666666667
54897,2016-07-25 17:00:00-05,2.974333333333333,95.73,0.33,3.41,333.468,1,175.046,469.914,0.1932,3.0215
54908,2016-07-25 18:00:00-05,2.593716666666667,94.07,0.51,4.32,187.09599999999998,1,240.68,248.016,0.132,2.5071166666666667
54919,2016-07-25 19:00:00-05,2.04835,83.09,0.73,5.37,39.807,1,47.7263,40.2199,0.238,2.483683333333333
54930,2016-07-25 20:00:00-05,1.67315,78.47,0.4,4.91,-2.7148,1,-2.39885,-2.7147200000000002,0.2555166666666666,2.0859
54941,2016-07-25 21:00:00-05,1.7282833333333332,77.36,0.36,3.69,-2.71541,1,-2.6031,-2.71548,0.18613333333333326,1.5872333333333333
54952,2016-07-25 22:00:00-05,1.758916666666667,76.9,0.68,2.55,-2.7158700000000002,1,-2.38283,-2.7159400000000002,0.21155,1.4111
54963,2016-07-25 23:00:00-05,1.0428333333333333,76.4,0.24,1.94,-2.71632,1,-2.6375599999999997,-2.71665,0.1737,1.14055
54974,2016-07-26 00:00:00-05,0.91215,77.84,0.16,2.16,-2.71675,1,-2.65489,-2.71678,0.2338166666666666,1.00555
54985,2016-07-26 01:00:00-05,0.8447666666666666,76.34,0.23,1.92,-2.71678,1,-2.71725,-2.73389,0.15136666666666665,0.831233333333333
54996,2016-07-26 02:00:00-05,0.6986666666666665,75.47,0.36,1.37,-2.71679,1,-2.3778,-2.7229,0.2546666666666666,0.8820333333333331
55007,2016-07-26 03:00:00-05,0.6285833333333332,75.67,0.7,0.86,-2.71711,1,-2.37797,-2.71742,0.13671666666666665,0.8462166666666666
55018,2016-07-26 04:00:00-05,0.6487333333333332,75.62,0.44,1.44,-2.7172,1,-2.37791,-2.71769,0.25875,0.7685833333333331
55029,2016-07-26 05:00:00-05,0.7037666666666667,75.31,0.66,1.2,-2.71725,1,-2.37787,-2.7177,0.13681666666666664,0.6681833333333332
55040,2016-07-26 06:00:00-05,0.9790166666666664,75.08,0.78,1.64,2.34928,1,15.4999,4.897530000000001,0.2554666666666666,0.865433333333333
55051,2016-07-26 07:00:00-05,0.73915,74.98,0.59,1.87,100.486,1,202.122,165.63400000000001,0.1795833333333333,1.12735
55062,2016-07-26 08:00:00-05,1.0470333333333333,75.51,0.37,2.7,338.843,1,416.065,389.019,0.2307666666666666,0.7635166666666666
55073,2016-07-26 09:00:00-05,0.93725,77.4,0.46,2.51,555.9,1,212.734,652.4630000000001,0.27785,0.9865333333333332
55084,2016-07-26 10:00:00-05,1.52265,80.24,0.92,1.57,659.328,1,391.02,841.32,0.18585,1.5409666666666668
55095,2016-07-26 11:00:00-05,1.28345,82.65,0.73,1.73,928.6010000000001,1,823.7710000000001,306.165,0.21723333333333328,1.3581833333333333
55106,2016-07-26 12:00:00-05,1.3850833333333332,85.32,0.58,2.18,1039.31,1,1001.72,1041.79,0.21815,2.13855
55117,2016-07-26 13:00:00-05,1.715733333333333,87.67,0.74,2.17,1063.9,1,966.817,1099.6,0.19355,1.9533333333333331
55128,2016-07-26 14:00:00-05,2.387116666666667,88.86,0.58,5.01,823.097,1,1041.29,121.213,0.2495333333333333,2.0438666666666667
55139,2016-07-26 15:00:00-05,2.0017,89.62,0.53,4.92,897.9910000000001,1,869.7310000000001,671.047,0.1680833333333333,2.7611166666666667
55150,2016-07-26 16:00:00-05,1.7656666666666667,85.39,0.49,6.82,584.731,1,661.915,795.8560000000001,0.2790666666666666,2.2971833333333334
55161,2016-07-26 17:00:00-05,1.6785,84.12,0.44,6.16,348.725,1,113.637,113.863,0.14725,2.442483333333333
55172,2016-07-26 18:00:00-05,1.7893166666666669,83.02,0.47,6.58,147.128,1,62.2926,252.33599999999998,0.2742166666666666,2.1384333333333334
55183,2016-07-26 19:00:00-05,1.5906333333333331,81.8,0.42,5.55,13.0396,1,18.3817,71.2332,0.15001666666666666,1.9791333333333332
55194,2016-07-26 20:00:00-05,1.4279333333333333,80.68,0.42,4.04,-2.83403,1,-2.7155299999999998,-2.7153099999999997,0.2409666666666666,1.62835
55205,2016-07-26 21:00:00-05,1.0011166666666664,78.76,0.26,2.79,-2.7156,1,-2.71597,-2.71585,0.1813333333333333,1.3055666666666668
55216,2016-07-26 22:00:00-05,0.8468166666666666,77.38,0.1,3.15,-2.3763799999999997,1,-2.71656,-2.7163,0.19961666666666664,1.1738666666666668
55227,2016-07-26 23:00:00-05,0.76025,76.91,0.1,2.98,-2.71631,1,-2.71678,-2.7168,0.21431666666666666,1.2484666666666668
55238,2016-07-27 00:00:00-05,0.9343666666666663,76.34,0.37,3.57,-2.3768,1,-2.7172099999999997,-2.71679,0.16666666666666666,0.9462166666666664
55249,2016-07-27 01:00:00-05,0.6422833333333332,75.71,0.6,3.27,-2.71674,1,-2.71725,-2.71713,0.24785,0.9032
55260,2016-07-27 02:00:00-05,0.5697,74.94,0.66,3.16,-2.37719,1,-2.71769,-2.71725,0.13411666666666666,0.88145
55271,2016-07-27 03:00:00-05,0.5654833333333332,74.78,0.64,3.02,-2.41115,1,-2.7177,-2.72325,0.3394833333333333,0.64285
55282,2016-07-27 04:00:00-05,0.5571166666666666,74.96,0.71,3.29,-2.37719,1,-2.7177,-2.7177,0.269,0.7907833333333331
55293,2016-07-27 05:00:00-05,0.5529833333333332,74.97,0.67,2.23,-2.6318900000000003,1,-2.71774,-2.7177,0.19338333333333327,0.7167166666666666
55304,2016-07-27 06:00:00-05,0.6392833333333332,74.6,0.57,1.85,8.439110000000001,1,17.0599,5.4863599999999995,0.1314333333333333,0.6682833333333332
55315,2016-07-27 07:00:00-05,0.6878166666666666,74.42,0.59,2.68,162.196,1,181.929,165.727,0.2441833333333333,0.9321333333333331
55326,2016-07-27 08:00:00-05,0.5588666666666666,75.08,0.56,3.04,315.503,1,426.027,386.897,0.2626833333333333,0.6694333333333332
55337,2016-07-27 09:00:00-05,0.53525,76.98,0.48,3.48,465.57800000000003,1,435.97900000000004,553.65,0.1532333333333333,0.9074833333333332
55348,2016-07-27 10:00:00-05,0.3937333333333333,78.67,0.42,3.59,262.654,1,431.184,477.028,0.2397,1.2903666666666669
55359,2016-07-27 11:00:00-05,0.7112833333333332,80.5,0.51,3.3,511.704,1,939.867,849.2130000000001,0.19525,1.43245
55370,2016-07-27 12:00:00-05,0.6977166666666667,82.43,0.47,4.07,865.2080000000001,1,1038.79,1102.36,0.21541666666666665,1.8561
55381,2016-07-27 13:00:00-05,0.70825,84.14,0.5,4.88,1176.46,1,1114.23,1070.7,0.23345,1.7323333333333333
55392,2016-07-27 14:00:00-05,1.4869666666666668,87.0,0.46,6.33,362.155,1,1099.68,1015.94,0.1851,2.2108166666666667
55403,2016-07-27 15:00:00-05,1.6617166666666667,88.75,0.47,6.99,1022.9,1,269.394,933.314,0.2686666666666666,2.4309333333333334
55414,2016-07-27 16:00:00-05,2.46905,89.99,0.35,8.08,435.43300000000005,1,222.321,730.689,0.1492,2.5892166666666667
55425,2016-07-27 17:00:00-05,1.6731,88.39,0.41,7.78,298.832,1,162.865,497.716,0.4695166666666666,2.927916666666667
55436,2016-07-27 18:00:00-05,4.387433333333333,86.53,0.43,6.97,80.0323,1,244.002,243.52200000000002,0.55025,2.6236333333333333
55447,2016-07-27 19:00:00-05,1.6108166666666668,85.45,0.35,5.32,32.585,1,18.2921,42.4793,0.5839,3.40705
55458,2016-07-27 20:00:00-05,1.0998166666666669,82.33,0.36,4.48,-2.71483,1,-2.71541,-2.7151099999999997,0.4417333333333333,2.7818666666666667
55469,2016-07-27 21:00:00-05,1.07735,80.17,0.36,3.79,-3.06048,1,-2.7158700000000002,-2.71582,0.3823,4.018766666666666
55480,2016-07-27 22:00:00-05,1.04195,77.98,0.32,2.69,-2.7158599999999997,1,-2.71638,-2.71634,0.14121666666666666,2.0111166666666667
55491,2016-07-27 23:00:00-05,0.8521166666666666,76.88,0.35,2.53,-2.7162900000000003,1,-2.62621,-2.71678,0.2680666666666666,1.37665
55502,2016-07-28 00:00:00-05,0.6302333333333332,76.5,0.11,3.41,-2.71675,1,-2.71679,-2.82999,0.1437,1.2996666666666667
55513,2016-07-28 01:00:00-05,0.741533333333333,75.36,0.22,3.21,-2.7168200000000002,1,-2.71723,-2.83038,0.2416333333333333,1.2860833333333332
55524,2016-07-28 02:00:00-05,0.5622666666666666,75.12,0.35,3.32,-2.71679,1,-2.71747,-3.14748,0.1803833333333333,1.0190333333333332
55535,2016-07-28 03:00:00-05,0.5458166666666666,75.04,0.46,4.21,-2.50181,1,-2.7177,-2.96084,0.20281666666666665,0.9126333333333332
55546,2016-07-28 04:00:00-05,0.39516666666666656,75.02,0.47,4.6,-2.56976,1,-2.7177,-2.7177,0.21835,0.6843333333333332
55557,2016-07-28 05:00:00-05,0.4977333333333332,75.01,0.59,3.8,-2.37719,1,-2.5535099999999997,-2.94984,0.1596333333333333,0.7854833333333331
55568,2016-07-28 06:00:00-05,0.76035,75.11,0.55,2.75,2.60359,1,19.6184,4.56914,0.2572333333333333,0.8778
55579,2016-07-28 07:00:00-05,0.8814,75.4,0.63,2.56,152.565,1,195.641,172.203,0.12905,1.3653833333333332
55590,2016-07-28 08:00:00-05,0.5871833333333332,76.53,0.62,3.55,208.953,1,239.852,388.69699999999995,0.2543333333333333,1.3665
55601,2016-07-28 09:00:00-05,0.5663,79.31,0.58,5.41,653.566,1,703.058,212.62599999999998,0.16211666666666666,1.27865
55612,2016-07-28 10:00:00-05,0.8272833333333331,82.29,0.45,6.44,710.444,1,319.052,861.834,0.2386666666666666,1.7889
55623,2016-07-28 11:00:00-05,1.229666666666667,85.05,0.39,6.76,1029.99,1,772.815,559.068,0.20341666666666666,1.92485
55634,2016-07-28 12:00:00-05,1.6439833333333331,87.98,0.32,6.21,944.3489999999999,1,463.673,1104.07,0.2789666666666666,2.1445166666666666
55645,2016-07-28 13:00:00-05,1.7767,90.17,0.22,5.69,827.659,1,241.09900000000002,413.676,0.2824333333333333,2.38195
55656,2016-07-28 14:00:00-05,2.1062333333333334,91.96,0.28,5.99,1128.02,1,994.659,371.654,0.7087833333333332,3.8790166666666663
55667,2016-07-28 15:00:00-05,2.3130333333333333,92.69,0.22,7.19,283.30400000000003,1,861.76,418.603,0.7107,3.7976666666666663
55678,2016-07-28 16:00:00-05,1.6442,88.58,0.25,8.91,345.26,1,789.178,91.8983,0.40336666666666654,2.8268166666666668
55689,2016-07-28 17:00:00-05,1.7813,87.27,0.32,8.28,101.54700000000001,1,480.459,477.56199999999995,0.2697833333333333,2.6121833333333333
55700,2016-07-28 18:00:00-05,1.73755,85.08,0.26,7.92,38.1501,1,234.41299999999998,79.4875,0.2405166666666666,2.4971666666666668
55711,2016-07-28 19:00:00-05,0.9922833333333332,82.33,0.24,7.36,7.046989999999999,1,42.0628,39.939,0.1294,2.7411
55722,2016-07-28 20:00:00-05,1.0751,80.65,0.37,6.76,-2.71536,1,-2.71461,-2.7153,0.2781,2.02375
55733,2016-07-28 21:00:00-05,1.4943,78.86,0.43,5.45,-2.71576,1,-2.62488,-2.71584,0.1527833333333333,2.391966666666667
55744,2016-07-28 22:00:00-05,1.6893166666666668,77.41,0.4,4.85,-2.71623,1,-2.7158599999999997,-2.71627,0.2315666666666666,1.2255666666666667
55755,2016-07-28 23:00:00-05,0.77995,76.44,0.2,3.99,-2.71659,1,-2.71631,-2.71672,0.18616666666666665,0.9521833333333332
55766,2016-07-29 00:00:00-05,0.5898166666666665,76.16,0.03,3.63,-2.71678,1,-2.71677,-2.87531,0.19311666666666666,0.9088333333333332
55777,2016-07-29 01:00:00-05,0.76345,75.37,0.04,3.58,-2.64321,1,-2.71687,-2.71723,0.22206666666666666,0.8741
55788,2016-07-29 02:00:00-05,0.5651833333333331,74.73,0.11,2.86,-2.7168200000000002,1,-2.71726,-2.83072,0.1532,0.89735
55799,2016-07-29 03:00:00-05,0.5467666666666666,74.73,0.45,3.1,-2.71714,1,-2.7177,-2.9894700000000003,0.2585833333333333,0.8451666666666666
55810,2016-07-29 04:00:00-05,0.3861833333333333,74.76,0.65,2.39,-2.7172400000000003,1,-2.7516700000000003,-3.0744,0.13395,0.6072
55821,2016-07-29 05:00:00-05,0.53955,74.83,0.85,2.35,-2.71725,1,-2.7686599999999997,-2.83102,0.2413166666666666,0.7572166666666666
55832,2016-07-29 06:00:00-05,0.7388166666666666,75.3,0.86,2.41,2.37765,1,11.3692,4.5075199999999995,0.2599833333333333,0.7016166666666666
55843,2016-07-29 07:00:00-05,0.7187,75.73,0.86,1.92,46.7848,1,173.81099999999998,165.04,0.16435,1.06125
55854,2016-07-29 08:00:00-05,0.6536666666666666,77.02,0.73,2.25,378.89099999999996,1,404.906,385.73800000000006,0.244,0.7863666666666665
55865,2016-07-29 09:00:00-05,0.6125,79.27,0.73,3.53,704.387,1,526.058,602.638,0.1394,1.22855
55876,2016-07-29 10:00:00-05,0.79965,82.36,0.33,4.29,802.423,1,828.605,813.27,0.2815333333333333,1.6971
55887,2016-07-29 11:00:00-05,1.0329,84.95,0.33,3.54,931.9639999999999,1,961.2230000000001,961.712,0.15206666666666666,1.76695
55898,2016-07-29 12:00:00-05,1.5925333333333331,88.16,0.43,4.5,332.715,1,1050.03,1053.42,0.2651833333333333,2.1205833333333333
55909,2016-07-29 13:00:00-05,1.6791333333333331,88.75,0.39,3.73,338.13800000000003,1,1082.44,1053.22,0.1773333333333333,2.84115
55920,2016-07-29 14:00:00-05,2.039433333333333,90.73,0.35,3.25,932.551,1,564.664,1139.11,0.2470666666666666,2.8369666666666666
55931,2016-07-29 15:00:00-05,2.2290666666666668,92.5,0.2,3.06,778.566,1,790.7180000000001,354.495,0.2017,2.496433333333333
55942,2016-07-29 16:00:00-05,2.475716666666667,92.82,0.18,2.06,611.11,1,421.222,712.4989999999999,0.21726666666666666,3.0869833333333334
55953,2016-07-29 17:00:00-05,2.653083333333333,93.82,0.07,2.88,371.87800000000004,1,218.231,460.95,0.22755,3.88125
55964,2016-07-29 18:00:00-05,2.6833,93.15,0.09,3.7,66.2627,1,153.887,236.667,0.4045833333333333,4.059
55975,2016-07-29 19:00:00-05,2.0815333333333332,91.97,0.06,3.77,28.9473,1,51.2932,37.7627,0.58165,3.25855
55986,2016-07-29 20:00:00-05,2.170716666666667,89.48,0.01,4.27,-2.71525,1,-2.71519,-2.7147200000000002,0.29125,2.226833333333333
55997,2016-07-29 21:00:00-05,1.9240166666666667,86.89,0.01,4.35,-2.71581,1,-2.6931700000000003,-2.71539,0.2586833333333333,1.6743
56008,2016-07-29 22:00:00-05,1.487766666666667,84.21,0.01,3.3,-2.72188,1,-2.7163,-2.7158700000000002,0.1577333333333333,1.2149666666666668
56019,2016-07-29 23:00:00-05,0.6934,83.08,0.01,4.79,-2.7167,1,-2.71674,-2.71654,0.28055,1.2558166666666668
56030,2016-07-30 00:00:00-05,0.80925,81.8,0.0,5.22,-2.72811,0,-2.71678,-2.7168200000000002,0.2852333333333333,1.2620833333333332
56041,2016-07-30 01:00:00-05,0.8046833333333331,80.02,0.01,4.89,-2.88663,0,-2.717,-2.71685,0.2544333333333333,0.9923166666666664
56052,2016-07-30 02:00:00-05,0.8019666666666666,79.06,0.25,4.19,-2.79642,0,-2.37759,-2.71723,0.13356666666666664,0.8036
56063,2016-07-30 03:00:00-05,0.60395,78.29,0.07,3.92,-2.71738,0,-2.37759,-2.71725,0.1835833333333333,0.9556
56074,2016-07-30 04:00:00-05,0.8156,76.97,0.18,3.97,-2.7177,0,-2.71725,-2.74019,0.2665666666666666,0.62795
56085,2016-07-30 05:00:00-05,1.0091666666666663,76.57,0.4,3.71,-2.7177,0,-2.71743,-2.7177,0.21866666666666665,0.7502333333333331
56096,2016-07-30 06:00:00-05,0.6211,76.08,0.22,2.17,1.6702599999999999,0,18.537,2.7177,0.1581833333333333,0.5851166666666666
56107,2016-07-30 07:00:00-05,0.6291333333333332,75.46,0.73,2.56,158.747,0,193.459,175.976,0.2544666666666666,0.7697666666666666
56118,2016-07-30 08:00:00-05,0.8950333333333331,76.86,0.74,2.35,411.74,0,407.55699999999996,375.111,0.13036666666666666,1.3745333333333332
56129,2016-07-30 09:00:00-05,1.1282833333333333,79.88,0.33,4.31,130.946,0,612.077,683.128,0.2637166666666666,1.1942666666666668
56140,2016-07-30 10:00:00-05,1.09575,83.32,0.63,4.92,872.365,0,783.073,163.25,0.16915,1.6359833333333331
56151,2016-07-30 11:00:00-05,1.5637666666666667,86.36,0.38,5.55,549.144,0,901.1210000000001,1081.2,0.2416166666666666,1.7120833333333332
56162,2016-07-30 12:00:00-05,1.3268833333333332,88.72,0.24,4.79,1017.17,0,999.755,1134.8,0.20916666666666664,1.7018666666666669
56173,2016-07-30 13:00:00-05,1.8882333333333332,91.41,0.29,4.96,1055.83,0,1028.98,306.426,0.20475,1.99605
56184,2016-07-30 14:00:00-05,1.7270666666666667,92.37,0.04,4.82,326.868,0,979.715,1000.75,0.4539166666666666,2.632483333333333
56195,2016-07-30 15:00:00-05,2.0782166666666666,93.77,0.07,5.19,877.183,0,221.878,238.15599999999998,0.5400333333333333,2.70805
56206,2016-07-30 16:00:00-05,2.3542,94.2,0.28,4.83,707.423,0,636.639,710.487,0.6815,2.9145333333333334
56217,2016-07-30 17:00:00-05,2.883716666666667,94.53,0.06,5.12,464.462,0,226.055,527.38,0.7603,2.8989833333333332
56228,2016-07-30 18:00:00-05,2.654333333333333,94.1,0.18,6.21,228.53599999999997,0,252.387,239.62,0.7446333333333331,3.2417166666666666
56239,2016-07-30 19:00:00-05,2.733083333333333,92.93,0.05,5.32,29.1817,0,52.4536,40.5798,0.5744166666666666,3.0930166666666667
56250,2016-07-30 20:00:00-05,2.263866666666667,90.02,0.02,4.51,-2.71504,0,-2.71484,-2.71448,0.5485166666666667,2.6803166666666667
56261,2016-07-30 21:00:00-05,1.5897333333333332,86.69,0.01,7.81,-2.7157,0,-2.7154,-2.78892,0.16481666666666664,2.03655
56272,2016-07-30 22:00:00-05,1.3928,85.13,0.01,5.03,-2.71605,0,-2.7158599999999997,-2.71585,0.2641166666666666,1.57055
56283,2016-07-30 23:00:00-05,1.0278,83.78,0.01,4.77,-2.71654,0,-2.71637,-2.71632,0.1365333333333333,1.6473166666666668
56294,2016-07-31 00:00:00-05,0.8832833333333331,82.07,0.02,5.5,-2.71678,0,-2.71685,-2.71678,0.2479666666666666,1.1316666666666668
56305,2016-07-31 01:00:00-05,0.8452666666666666,80.81,0.03,4.39,-2.37722,0,-2.71694,-2.71679,0.1774,0.9043333333333332
56316,2016-07-31 02:00:00-05,0.7755666666666666,79.74,0.13,3.95,-2.71685,0,-2.7172400000000003,-2.71679,0.20343333333333327,0.8085333333333331
56327,2016-07-31 03:00:00-05,0.6865333333333332,78.64,0.57,3.36,-2.71716,0,-2.6493900000000004,-2.71707,0.2195,0.8675833333333332
56338,2016-07-31 04:00:00-05,0.548,77.8,0.61,3.07,-2.71725,0,-2.71745,-2.71725,0.15841666666666665,0.8563
56349,2016-07-31 05:00:00-05,0.5445666666666666,77.16,0.46,3.75,-2.62101,0,-2.4911,-2.71725,0.2628166666666666,0.82525
56360,2016-07-31 06:00:00-05,0.6877166666666666,76.44,0.93,3.63,0.5660930000000001,0,15.7829,3.6173300000000004,0.1328333333333333,0.6058
56371,2016-07-31 07:00:00-05,0.91465,76.87,0.91,2.5,84.5737,0,180.37,165.497,0.2505333333333333,0.7711666666666666
56382,2016-07-31 08:00:00-05,0.81995,78.13,0.7,2.69,218.618,0,395.668,386.408,0.16286666666666666,3.938716666666666
56393,2016-07-31 09:00:00-05,1.5914,80.88,0.42,5.11,245.53599999999997,0,608.5219999999999,598.366,0.2762833333333333,1.8616166666666667
56404,2016-07-31 10:00:00-05,2.3806166666666666,83.47,0.19,5.41,831.216,0,787.0269999999999,784.0239999999999,0.3002166666666666,1.4368166666666669
56415,2016-07-31 11:00:00-05,2.8541,86.79,0.03,6.62,963.074,0,918.9680000000001,903.447,0.2715833333333333,1.8806333333333332
56426,2016-07-31 12:00:00-05,4.214016666666667,89.77,0.13,6.12,1024.05,0,973.539,997.155,0.1501333333333333,1.99585
56437,2016-07-31 13:00:00-05,2.5093666666666667,90.97,0.02,5.96,827.1060000000001,0,972.245,1023.34,0.20151666666666665,1.9763333333333333
56448,2016-07-31 14:00:00-05,2.7357666666666667,92.32,0.02,6.29,899.3580000000001,0,927.247,966.172,0.48585,2.1098
56459,2016-07-31 15:00:00-05,2.916433333333333,94.04,0.02,6.26,950.732,0,834.2760000000001,918.5419999999999,0.6258833333333332,2.575816666666667
56470,2016-07-31 16:00:00-05,2.877616666666667,94.85,0.04,6.29,681.8760000000001,0,679.18,654.797,0.5800833333333332,3.24885
56481,2016-07-31 17:00:00-05,3.3059166666666666,94.95,0.12,5.84,455.04900000000004,0,436.264,466.45,0.7081666666666666,3.466733333333333
56492,2016-07-31 18:00:00-05,3.1385,94.9,0.02,7.1,219.838,0,228.63,236.386,0.5994833333333331,3.6129
56503,2016-07-31 19:00:00-05,2.85005,92.89,0.01,7.24,26.2523,0,38.8481,39.2419,0.8250166666666666,4.98935
56514,2016-07-31 20:00:00-05,2.7434,90.3,0.0,6.93,-2.7378,0,-3.17862,-3.08228,0.5304,2.455033333333333
56525,2016-07-31 21:00:00-05,1.8334,87.47,0.0,5.79,-2.8969,0,-2.8288,-2.71539,0.20291666666666666,2.066316666666667
56536,2016-07-31 22:00:00-05,1.2324666666666668,85.22,0.0,6.89,-2.7163,0,-2.71628,-2.7158900000000004,0.2243,1.6610166666666668
56547,2016-07-31 23:00:00-05,1.063583333333333,83.08,0.0,6.78,-2.71677,0,-2.71677,-2.71631,0.14996666666666664,1.4812
56558,2016-08-01 00:00:00-05,0.8385,81.22,0.0,6.89,-2.71678,1,-2.71678,-2.71673,0.2665,1.0274666666666668
56569,2016-08-01 01:00:00-05,0.7934,79.31,0.0,6.24,-2.71694,1,-2.71711,-2.71678,0.14476666666666665,1.0471666666666668
56580,2016-08-01 02:00:00-05,0.60385,77.87,0.13,5.46,-2.7172400000000003,1,-2.71725,-2.71678,0.21695,0.94625
56591,2016-08-01 03:00:00-05,0.7733,77.52,0.63,4.35,-2.80782,1,-2.71725,-2.7170099999999997,0.2682666666666666,0.6105166666666666
56602,2016-08-01 04:00:00-05,0.5832333333333332,76.59,0.28,4.13,-2.87036,1,-2.71725,-2.7172400000000003,0.21908333333333327,1.0768166666666668
56613,2016-08-01 05:00:00-05,0.9885333333333332,75.98,0.18,3.59,-2.94418,1,-2.71725,-2.71725,0.15431666666666666,0.7374666666666665
56624,2016-08-01 06:00:00-05,0.866533333333333,75.11,0.17,3.2,1.54569,1,16.0488,0.645346,0.26535,0.9932333333333332
56635,2016-08-01 07:00:00-05,0.5355833333333332,74.71,0.22,2.91,144.87,1,181.172,135.208,0.1311833333333333,1.1675666666666669
56646,2016-08-01 08:00:00-05,0.5779833333333332,76.06,0.59,3.55,372.108,1,268.995,244.986,0.2555333333333333,1.2498
56657,2016-08-01 09:00:00-05,1.0269166666666667,79.27,0.12,5.92,607.0219999999999,1,619.5509999999999,598.913,0.17606666666666665,1.3743166666666669
56668,2016-08-01 10:00:00-05,0.9627833333333332,82.89,0.09,6.35,787.448,1,798.453,262.82099999999997,0.2255333333333333,1.3204166666666668
56679,2016-08-01 11:00:00-05,1.3325833333333332,86.24,0.06,6.34,931.6439999999999,1,854.966,936.2339999999999,0.22233333333333327,2.0859
56690,2016-08-01 12:00:00-05,1.5902,89.76,0.02,5.79,978.949,1,1008.71,993.9780000000001,0.1889,2.097933333333333
56701,2016-08-01 13:00:00-05,1.6183,91.86,0.02,6.03,1004.61,1,1018.74,1005.89,0.2718166666666666,2.6012666666666666
56712,2016-08-01 14:00:00-05,2.3040833333333333,93.88,0.02,6.61,942.9730000000001,1,1016.94,951.6139999999999,0.15225,2.78625
56723,2016-08-01 15:00:00-05,2.604616666666667,95.59,0.02,6.71,814.808,1,731.181,697.1339999999999,0.2852333333333333,2.94655
56734,2016-08-01 16:00:00-05,2.294766666666667,95.99,0.02,6.7,661.7869999999999,1,603.188,605.71,0.38635,3.599533333333333
56745,2016-08-01 17:00:00-05,3.202233333333333,96.05,0.02,6.09,441.07599999999996,1,482.5,333.468,0.6184,2.974333333333333
56756,2016-08-01 18:00:00-05,3.1041,95.43,0.02,6.2,177.06799999999998,1,251.174,187.09599999999998,0.63655,2.593716666666667
56767,2016-08-01 19:00:00-05,3.698433333333333,94.1,0.01,6.26,24.9178,1,49.1803,39.807,0.58165,2.04835
56778,2016-08-01 20:00:00-05,2.71535,90.26,0.01,5.44,-2.7151,1,-2.71517,-2.7148,0.4585166666666666,1.67315
56789,2016-08-01 21:00:00-05,2.009666666666667,87.21,0.0,6.48,-2.73844,1,-2.71584,-2.71541,0.4211833333333333,1.7282833333333332
56800,2016-08-01 22:00:00-05,1.3196666666666668,85.3,0.01,4.68,-2.71625,1,-2.7162900000000003,-2.7158700000000002,0.1761,1.758916666666667
56811,2016-08-01 23:00:00-05,1.0670666666666668,83.58,0.0,5.98,-2.71663,1,-2.68832,-2.71632,0.13175,1.0428333333333333
56822,2016-08-02 00:00:00-05,1.07885,81.65,0.0,5.61,-2.71678,1,-2.37718,-2.71675,0.2692666666666666,0.91215
56833,2016-08-02 01:00:00-05,1.0537333333333332,79.96,0.0,5.14,-2.71679,1,-2.37719,-2.71678,0.2601333333333333,0.8447666666666666
56844,2016-08-02 02:00:00-05,1.02255,78.06,0.04,4.59,-2.71711,1,-2.37719,-2.71679,0.1494,0.6986666666666665
56855,2016-08-02 03:00:00-05,0.97505,77.52,0.15,3.35,-2.71725,1,-2.37719,-2.71711,0.2339833333333333,0.6285833333333332
56866,2016-08-02 04:00:00-05,1.0360333333333331,76.01,0.26,3.01,-2.7175599999999998,1,-2.37722,-2.7172,0.19433333333333327,0.6487333333333332
56877,2016-08-02 05:00:00-05,1.0669333333333333,75.78,0.57,2.8,-2.7177,1,-2.38289,-2.71725,0.18468333333333328,0.7037666666666667
56888,2016-08-02 06:00:00-05,1.2310666666666668,75.26,0.11,2.23,1.44944,1,10.4823,2.34928,0.244,0.9790166666666664
56899,2016-08-02 07:00:00-05,0.5788666666666666,74.57,0.19,1.28,150.342,1,129.415,100.486,0.1307333333333333,0.73915
56910,2016-08-02 08:00:00-05,0.7519166666666666,76.23,0.16,1.89,377.347,1,444.85400000000004,338.843,0.26945,1.0470333333333333
56921,2016-08-02 09:00:00-05,0.7998333333333331,79.74,0.24,3.93,594.4540000000001,1,202.043,555.9,0.15966666666666665,0.93725
56932,2016-08-02 10:00:00-05,1.2705666666666668,83.15,0.19,4.38,775.063,1,845.4639999999999,659.328,0.2418833333333333,1.52265
56943,2016-08-02 11:00:00-05,1.362766666666667,86.89,0.05,4.62,906.6060000000001,1,540.826,928.6010000000001,0.20723333333333327,1.28345
56954,2016-08-02 12:00:00-05,1.4167833333333333,89.74,0.01,4.45,1022.07,1,1073.52,1039.31,0.19958333333333328,1.3850833333333332
56965,2016-08-02 13:00:00-05,1.4734833333333333,91.54,0.02,4.09,1087.59,1,1066.14,1063.9,0.27805,1.715733333333333
56976,2016-08-02 14:00:00-05,2.0308,93.27,0.02,4.06,958.422,1,942.2660000000001,823.097,0.2816333333333333,2.387116666666667
56987,2016-08-02 15:00:00-05,2.03325,94.59,0.02,4.44,931.7189999999999,1,850.1089999999999,897.9910000000001,0.1669833333333333,2.0017
56998,2016-08-02 16:00:00-05,2.398133333333333,95.39,0.02,4.72,698.43,1,661.678,584.731,0.45995,1.7656666666666667
57009,2016-08-02 17:00:00-05,2.394766666666667,95.13,0.02,4.95,132.975,1,437.81300000000005,348.725,0.5913833333333331,1.6785
57020,2016-08-02 18:00:00-05,2.671933333333333,95.12,0.02,5.56,77.0,1,225.518,147.128,0.38961666666666656,1.7893166666666669
57031,2016-08-02 19:00:00-05,2.7049333333333334,94.13,0.01,5.48,23.4659,1,43.7672,13.0396,0.6398666666666666,1.5906333333333331
57042,2016-08-02 20:00:00-05,2.325733333333333,91.91,0.01,5.5,-2.86198,1,-2.71529,-2.83403,0.46795,1.4279333333333333
57053,2016-08-02 21:00:00-05,1.6552666666666669,88.93,0.01,3.97,-2.7325,1,-2.71584,-2.7156,0.2605,1.0011166666666664
57064,2016-08-02 22:00:00-05,1.4199833333333332,86.79,0.01,4.67,-2.83469,1,-2.71632,-2.3763799999999997,0.1720333333333333,0.8468166666666666
57075,2016-08-02 23:00:00-05,1.2502,85.43,0.01,4.4,-2.7333,1,-2.71678,-2.71631,0.21036666666666665,0.76025
57086,2016-08-03 00:00:00-05,0.9682666666666664,83.69,0.11,4.23,-2.71678,1,-2.71678,-2.3768,0.22183333333333327,0.9343666666666663
57097,2016-08-03 01:00:00-05,0.891,81.98,0.16,4.19,-2.71679,1,-2.71678,-2.71674,0.15386666666666665,0.6422833333333332
57108,2016-08-03 02:00:00-05,0.60975,80.85,0.04,3.39,-2.71722,1,-2.71719,-2.37719,0.2661333333333333,0.5697
57119,2016-08-03 03:00:00-05,0.7944666666666667,79.51,0.03,3.01,-2.71725,1,-2.7172400000000003,-2.41115,0.1426333333333333,0.5654833333333332
57130,2016-08-03 04:00:00-05,0.7844333333333331,78.49,0.02,2.67,-2.71762,1,-2.71725,-2.37719,0.2407833333333333,0.5571166666666666
57141,2016-08-03 05:00:00-05,1.0259166666666668,77.11,0.05,3.26,-2.7177,1,-2.71725,-2.6318900000000003,0.18683333333333327,0.5529833333333332
57152,2016-08-03 06:00:00-05,0.9168,76.68,0.14,1.44,1.47775,1,11.9332,8.439110000000001,0.2646833333333333,0.6392833333333332
57163,2016-08-03 07:00:00-05,0.728,76.28,0.07,1.58,138.783,1,200.472,162.196,0.2665,0.6878166666666666
57174,2016-08-03 08:00:00-05,0.7129833333333332,77.63,0.1,1.5,372.224,1,417.533,315.503,0.26895,0.5588666666666666
57185,2016-08-03 09:00:00-05,1.2725,80.95,0.09,3.47,677.1289999999999,1,622.8919999999999,465.57800000000003,0.1626,0.53525
57196,2016-08-03 10:00:00-05,0.9709333333333332,84.88,0.08,3.73,571.591,1,799.7710000000001,262.654,0.15635,0.3937333333333333
57207,2016-08-03 11:00:00-05,1.5560166666666668,87.79,0.05,3.83,452.88800000000003,1,926.0369999999999,511.704,0.2923166666666666,0.7112833333333332
57218,2016-08-03 12:00:00-05,1.8223666666666667,89.82,0.02,3.89,1119.84,1,985.63,865.2080000000001,0.2732333333333333,0.6977166666666667
57229,2016-08-03 13:00:00-05,1.6799666666666668,92.38,0.02,4.08,305.841,1,994.2339999999999,1176.46,0.1513,0.70825
57240,2016-08-03 14:00:00-05,2.330283333333333,93.64,0.02,4.51,1032.2,1,944.352,362.155,0.2780666666666666,1.4869666666666668
57251,2016-08-03 15:00:00-05,2.1523166666666667,94.74,0.02,4.56,281.649,1,826.956,1022.9,0.58575,1.6617166666666667
57262,2016-08-03 16:00:00-05,2.74435,95.59,0.02,4.64,663.867,1,658.565,435.43300000000005,0.6276833333333331,2.46905
57273,2016-08-03 17:00:00-05,3.17035,95.72,0.04,4.41,444.65,1,459.98699999999997,298.832,0.6499,1.6731
57284,2016-08-03 18:00:00-05,3.9644166666666663,95.22,0.14,5.11,208.21400000000003,1,253.053,80.0323,0.6026333333333332,4.387433333333333
57295,2016-08-03 19:00:00-05,4.609116666666666,94.06,0.15,5.11,21.8681,1,51.129,32.585,0.65315,1.6108166666666668
57306,2016-08-03 20:00:00-05,2.873966666666667,91.82,0.07,3.98,-2.71473,1,-3.2971699999999995,-2.71483,0.49765,1.0998166666666669
57317,2016-08-03 21:00:00-05,1.84965,89.11,0.01,3.15,-2.7154,1,-2.71563,-3.06048,0.2411333333333333,1.07735
57328,2016-08-03 22:00:00-05,1.75165,86.83,0.01,3.55,-2.71596,1,-2.7162,-2.7158599999999997,0.3448833333333333,1.04195
57339,2016-08-03 23:00:00-05,1.4351333333333331,85.93,0.01,4.32,-2.86358,1,-2.7167,-2.7162900000000003,0.17626666666666665,0.8521166666666666
57350,2016-08-04 00:00:00-05,0.9774833333333331,83.63,0.01,4.23,-2.83564,1,-2.71683,-2.71675,0.2599333333333333,0.6302333333333332
57361,2016-08-04 01:00:00-05,0.89875,82.34,0.03,4.78,-2.84708,1,-1.7659099999999999,-2.7168200000000002,0.2628166666666666,0.741533333333333
57372,2016-08-04 02:00:00-05,0.9107833333333332,80.83,0.02,3.95,-2.72856,1,-2.53001,-2.71679,0.1546,0.5622666666666666
57383,2016-08-04 03:00:00-05,0.9686666666666665,79.41,0.01,3.61,-2.71731,1,-2.6036200000000003,-2.50181,0.2255,0.5458166666666666
57394,2016-08-04 04:00:00-05,0.9586166666666665,78.3,0.01,3.24,-2.71767,1,-2.68286,-2.56976,0.20501666666666665,0.39516666666666656
57405,2016-08-04 05:00:00-05,1.0813833333333331,76.95,0.06,2.78,-2.7177,1,-2.71703,-2.37719,0.17045,0.4977333333333332
57416,2016-08-04 06:00:00-05,1.30895,76.4,0.19,2.65,1.05877,1,14.038,2.60359,0.2568166666666666,0.76035
57427,2016-08-04 07:00:00-05,1.3471333333333333,75.9,0.15,2.47,146.57399999999998,1,199.042,152.565,0.12825,0.8814
57438,2016-08-04 08:00:00-05,1.485,77.22,0.14,3.25,370.536,1,239.676,208.953,0.2592333333333333,0.5871833333333332
57449,2016-08-04 09:00:00-05,1.6029833333333332,80.94,0.31,4.82,195.41099999999997,1,651.189,653.566,0.17631666666666665,0.5663
57460,2016-08-04 10:00:00-05,1.5104333333333333,84.16,0.41,5.11,327.29,1,787.2280000000001,710.444,0.2274,0.8272833333333331
57471,2016-08-04 11:00:00-05,1.9749333333333332,87.32,0.17,6.0,1070.23,1,905.159,1029.99,0.23031666666666664,1.229666666666667
57482,2016-08-04 12:00:00-05,2.7470833333333333,90.09,0.04,5.83,241.676,1,982.752,944.3489999999999,0.18161666666666662,1.6439833333333331
57493,2016-08-04 13:00:00-05,3.1415,92.49,0.05,5.83,1039.77,1,984.457,827.659,0.2865833333333333,1.7767
57504,2016-08-04 14:00:00-05,2.6046666666666667,94.09,0.09,6.41,968.388,1,939.148,1128.02,0.3455333333333333,2.1062333333333334
57515,2016-08-04 15:00:00-05,2.363866666666667,95.37,0.11,6.23,307.957,1,827.622,283.30400000000003,0.70045,2.3130333333333333
57526,2016-08-04 16:00:00-05,2.971616666666667,96.2,0.14,7.06,741.576,1,671.681,345.26,0.6545833333333332,1.6442
57537,2016-08-04 17:00:00-05,3.1073166666666667,96.09,0.18,6.56,366.27099999999996,1,471.925,101.54700000000001,2.52225,1.7813
57548,2016-08-04 18:00:00-05,2.5092,95.95,0.21,6.71,228.588,1,249.611,38.1501,3.448916666666667,1.73755
57559,2016-08-04 19:00:00-05,2.836816666666667,94.11,0.15,6.49,15.8911,1,49.0061,7.046989999999999,3.34315,0.9922833333333332
57570,2016-08-04 20:00:00-05,4.231566666666667,92.03,0.08,5.99,-2.71462,1,-2.71515,-2.71536,3.1395,1.0751
57581,2016-08-04 21:00:00-05,2.1321,88.86,0.08,5.32,-2.71536,1,-2.71581,-2.71576,3.176816666666667,1.4943
57592,2016-08-04 22:00:00-05,1.8558333333333332,87.1,0.07,5.0,-2.71585,1,-2.7162599999999997,-2.71623,3.0713666666666666,1.6893166666666668
57603,2016-08-04 23:00:00-05,1.1536666666666668,85.66,0.07,5.96,-2.71631,1,-2.37698,-2.71659,2.56925,0.77995
57614,2016-08-05 00:00:00-05,1.2377,83.42,0.14,5.38,-2.7337599999999997,1,-2.46772,-2.71678,2.38675,0.5898166666666665
57625,2016-08-05 01:00:00-05,0.9703333333333332,81.74,0.15,4.66,-2.71678,1,-2.71678,-2.64321,2.4713,0.76345
57636,2016-08-05 02:00:00-05,0.6752,80.29,0.13,4.32,-2.71699,1,-2.6715,-2.7168200000000002,2.41385,0.5651833333333331
57647,2016-08-05 03:00:00-05,0.8267333333333331,79.33,0.07,3.92,-2.7172400000000003,1,-2.37719,-2.71714,1.6864833333333331,0.5467666666666666
57658,2016-08-05 04:00:00-05,0.93325,78.1,0.08,3.3,-2.71725,1,-2.37719,-2.7172400000000003,1.1578833333333332,0.3861833333333333
57669,2016-08-05 05:00:00-05,1.1468833333333333,77.03,0.08,3.18,-2.7174099999999997,1,-2.7168200000000002,-2.71725,0.9882666666666664,0.53955
57680,2016-08-05 06:00:00-05,0.8364166666666666,76.17,0.16,2.54,0.07359199999999999,1,12.3741,2.37765,0.97425,0.7388166666666666
57691,2016-08-05 07:00:00-05,0.7755333333333331,75.41,0.14,2.1,141.673,1,123.397,46.7848,1.11375,0.7187
57702,2016-08-05 08:00:00-05,1.00565,77.7,0.28,2.79,366.23,1,369.224,378.89099999999996,1.2710666666666668,0.6536666666666666
57713,2016-08-05 09:00:00-05,1.01925,81.2,0.33,4.37,655.349,1,618.439,704.387,1.3686166666666668,0.6125
57724,2016-08-05 10:00:00-05,0.9831666666666664,84.51,0.31,5.84,667.3789999999999,1,797.918,802.423,4.334583333333333,0.79965
57735,2016-08-05 11:00:00-05,1.3797666666666668,87.17,0.14,5.46,948.633,1,914.387,931.9639999999999,2.327233333333333,1.0329
57746,2016-08-05 12:00:00-05,1.71445,89.83,0.14,4.98,523.189,1,1013.94,332.715,2.400916666666667,1.5925333333333331
57757,2016-08-05 13:00:00-05,1.9287,91.93,0.16,4.4,1072.91,1,1011.92,338.13800000000003,3.0540833333333333,1.6791333333333331
57768,2016-08-05 14:00:00-05,1.8404666666666667,93.53,0.12,4.53,987.8960000000001,1,951.3439999999999,932.551,2.2915,2.039433333333333
57779,2016-08-05 15:00:00-05,2.14765,95.56,0.12,5.73,911.06,1,837.034,778.566,2.94235,2.2290666666666668
57790,2016-08-05 16:00:00-05,2.577566666666667,96.12,0.08,6.24,629.118,1,662.567,611.11,2.671383333333333,2.475716666666667
57801,2016-08-05 17:00:00-05,2.54045,96.24,0.17,6.07,423.45300000000003,1,459.81199999999995,371.87800000000004,3.1601,2.653083333333333
57812,2016-08-05 18:00:00-05,2.2625,95.84,0.22,5.55,197.03599999999997,1,237.483,66.2627,2.6522,2.6833
57823,2016-08-05 19:00:00-05,2.28685,94.71,0.16,5.94,19.1603,1,42.5004,28.9473,2.7874,2.0815333333333332
57834,2016-08-05 20:00:00-05,3.0208,91.72,0.14,5.46,-2.71482,1,-2.7153,-2.71525,3.057466666666667,2.170716666666667
57845,2016-08-05 21:00:00-05,2.3676166666666667,89.17,0.17,5.87,-2.71543,1,-2.7158599999999997,-2.71581,2.36165,1.9240166666666667
57856,2016-08-05 22:00:00-05,3.80265,86.67,0.2,6.75,-2.7158700000000002,1,-2.71643,-2.72188,2.0718666666666667,1.487766666666667
57867,2016-08-05 23:00:00-05,1.3504666666666667,85.57,0.1,6.57,-2.71628,1,-2.59226,-2.7167,1.3228166666666668,0.6934
57878,2016-08-06 00:00:00-05,1.1442166666666669,83.94,0.04,6.01,-2.7164200000000003,0,-2.71678,-2.72811,1.1479833333333331,0.80925
57889,2016-08-06 01:00:00-05,0.8784333333333331,82.51,0.03,6.38,-2.71678,0,-2.37722,-2.88663,0.9196833333333332,0.8046833333333331
57900,2016-08-06 02:00:00-05,0.8694,81.21,0.02,5.42,-2.7168099999999997,0,-2.37721,-2.79642,0.6892833333333332,0.8019666666666666
57911,2016-08-06 03:00:00-05,0.7845166666666666,79.88,0.02,4.73,-2.7168400000000004,0,-2.30362,-2.71738,1.2242,0.60395
57922,2016-08-06 04:00:00-05,0.66465,78.46,0.08,4.14,-2.7170900000000002,0,-2.60359,-2.7177,0.91055,0.8156
57933,2016-08-06 05:00:00-05,0.7909166666666666,77.27,0.18,3.21,-2.7172400000000003,0,-2.53567,-2.7177,0.6094333333333332,1.0091666666666663
57944,2016-08-06 06:00:00-05,0.6947166666666666,76.52,0.25,2.9,0.06792999999999999,0,9.51455,1.6702599999999999,0.8028666666666666,0.6211
57955,2016-08-06 07:00:00-05,1.8491833333333332,76.28,0.37,2.6,135.118,0,147.748,158.747,0.9048666666666666,0.6291333333333332
57966,2016-08-06 08:00:00-05,1.05695,77.89,0.39,3.86,374.847,0,401.959,411.74,0.9904,0.8950333333333331
57977,2016-08-06 09:00:00-05,1.3426166666666668,81.11,0.31,5.51,741.922,0,639.596,130.946,1.232033333333333,1.1282833333333333
57988,2016-08-06 10:00:00-05,1.1629,84.15,0.27,6.8,867.6510000000001,0,541.8340000000001,872.365,1.1868333333333332,1.09575
57999,2016-08-06 11:00:00-05,1.2050666666666667,87.44,0.1,6.58,988.8760000000001,0,903.9119999999999,549.144,4.782566666666666,1.5637666666666667
58010,2016-08-06 12:00:00-05,1.6965333333333332,90.84,0.05,6.35,658.1010000000001,0,1014.87,1017.17,2.5898,1.3268833333333332
58021,2016-08-06 13:00:00-05,2.08085,93.31,0.05,6.34,1068.23,0,1008.87,1055.83,2.4882,1.8882333333333332
58032,2016-08-06 14:00:00-05,2.0738166666666666,94.84,0.05,5.95,995.716,0,946.585,326.868,2.6470333333333333,1.7270666666666667
58043,2016-08-06 15:00:00-05,2.3036166666666666,96.22,0.04,6.41,769.117,0,851.931,877.183,2.7974666666666668,2.0782166666666666
58054,2016-08-06 16:00:00-05,3.17225,97.02,0.02,6.59,714.569,0,701.799,707.423,2.829066666666667,2.3542
58065,2016-08-06 17:00:00-05,3.28165,97.39,0.02,6.26,277.629,0,478.499,464.462,3.38285,2.883716666666667
58076,2016-08-06 18:00:00-05,3.6585666666666663,96.83,0.05,5.52,204.27700000000002,0,254.37,228.53599999999997,2.735866666666667,2.654333333333333
58087,2016-08-06 19:00:00-05,3.739083333333333,95.15,0.04,4.99,17.51,0,48.1969,29.1817,3.5707,2.733083333333333
58098,2016-08-06 20:00:00-05,2.740133333333333,92.31,0.02,3.63,-2.71475,0,-2.71526,-2.71504,4.899433333333333,2.263866666666667
58109,2016-08-06 21:00:00-05,2.1289333333333333,88.39,0.03,3.07,-2.71538,0,-2.71585,-2.7157,2.06125,1.5897333333333332
58120,2016-08-06 22:00:00-05,1.7625666666666668,86.53,0.01,3.47,-2.71584,0,-2.58616,-2.71605,2.050216666666667,1.3928
58131,2016-08-06 23:00:00-05,1.3468166666666668,85.28,0.0,5.28,-2.7159299999999997,0,-1.96396,-2.71654,1.3420166666666669,1.0278
58142,2016-08-07 00:00:00-05,1.0236166666666668,84.44,0.0,4.68,-2.71632,0,-2.58661,-2.71678,1.2524833333333332,0.8832833333333331
58153,2016-08-07 01:00:00-05,1.04425,82.62,0.0,5.15,-2.7165,0,-2.53001,-2.37722,0.7389666666666665,0.8452666666666666
58164,2016-08-07 02:00:00-05,1.13705,80.95,0.0,4.78,-2.71678,0,-2.49607,-2.71685,0.8016,0.7755666666666666
58175,2016-08-07 03:00:00-05,0.9010333333333332,80.2,0.01,3.7,-2.71678,0,-2.71679,-2.71716,1.0353333333333332,0.6865333333333332
58186,2016-08-07 04:00:00-05,0.8440833333333331,79.19,0.08,3.79,-2.7168,0,-2.71679,-2.71725,0.91965,0.548
58197,2016-08-07 05:00:00-05,0.6831666666666666,78.38,0.19,3.59,-2.71712,0,-2.7172,-2.62101,0.6944333333333332,0.5445666666666666
58208,2016-08-07 06:00:00-05,0.9005833333333331,77.96,0.08,3.11,-0.503822,0,12.0916,0.5660930000000001,0.8595333333333331,0.6877166666666666
58219,2016-08-07 07:00:00-05,0.7975166666666667,77.41,0.1,2.36,159.181,0,183.78900000000002,84.5737,0.9659666666666664,0.91465
58230,2016-08-07 08:00:00-05,1.8292333333333333,78.9,0.09,2.94,366.918,0,425.62800000000004,218.618,0.9053,0.81995
58241,2016-08-07 09:00:00-05,1.97395,81.84,0.15,4.77,170.905,0,613.873,245.53599999999997,1.2881333333333331,1.5914
58252,2016-08-07 10:00:00-05,2.2291166666666666,85.67,0.34,5.65,935.79,0,805.3560000000001,831.216,1.3963666666666668,2.3806166666666666
58263,2016-08-07 11:00:00-05,2.348333333333333,89.08,0.05,5.44,657.898,0,815.825,963.074,2.4492833333333333,2.8541
58274,2016-08-07 12:00:00-05,2.644133333333333,91.87,0.06,5.2,706.622,0,1009.26,1024.05,2.05005,4.214016666666667
58285,2016-08-07 13:00:00-05,2.6424166666666666,93.59,0.27,4.98,221.11599999999999,0,1013.43,827.1060000000001,2.1052166666666667,2.5093666666666667
58296,2016-08-07 14:00:00-05,2.833416666666667,95.58,0.12,5.45,1078.57,0,955.159,899.3580000000001,2.4156833333333334,2.7357666666666667
58307,2016-08-07 15:00:00-05,3.1002666666666667,96.75,0.02,5.6,833.03,0,847.7869999999999,950.732,2.473783333333333,2.916433333333333
58318,2016-08-07 16:00:00-05,3.1594,97.61,0.02,5.05,167.46400000000003,0,651.2090000000001,681.8760000000001,2.720066666666667,2.877616666666667
58329,2016-08-07 17:00:00-05,2.9175666666666666,97.56,0.04,4.77,414.977,0,493.67400000000004,455.04900000000004,2.9313833333333332,3.3059166666666666
58340,2016-08-07 18:00:00-05,2.794583333333333,97.07,0.11,5.35,197.204,0,245.489,219.838,2.507816666666667,3.1385
58351,2016-08-07 19:00:00-05,2.6068,95.75,0.01,4.74,16.3681,0,45.7284,26.2523,2.669383333333333,2.85005
58362,2016-08-07 20:00:00-05,2.7995,92.62,0.01,3.98,-2.7148,0,-2.7152700000000003,-2.7378,3.6379666666666663,2.7434
58373,2016-08-07 21:00:00-05,2.3309333333333333,89.81,0.09,3.83,-2.72106,0,-2.71584,-2.8969,2.0935333333333332,1.8334
58384,2016-08-07 22:00:00-05,1.806366666666667,87.88,0.45,4.3,-2.72152,0,-2.6086400000000003,-2.7163,1.48145,1.2324666666666668
58395,2016-08-07 23:00:00-05,1.7082666666666668,86.6,0.01,4.81,-2.7162900000000003,0,-2.71633,-2.71677,1.5705166666666668,1.063583333333333
58406,2016-08-08 00:00:00-05,1.186316666666667,84.88,0.0,5.62,-2.7166099999999997,1,-2.7167,-2.71678,1.21705,0.8385
58417,2016-08-08 01:00:00-05,0.9743166666666664,83.54,0.0,5.76,-2.71678,1,-2.71678,-2.71694,1.0744833333333332,0.7934
58428,2016-08-08 02:00:00-05,1.0753333333333333,81.99,0.0,5.18,-2.7168400000000004,1,-2.71678,-2.7172400000000003,0.90585,0.60385
58439,2016-08-08 03:00:00-05,0.9621166666666664,80.43,0.03,3.9,-2.71679,1,-2.71678,-2.80782,0.9374666666666664,0.7733
58450,2016-08-08 04:00:00-05,0.9397333333333332,79.46,0.06,3.51,-2.72258,1,-2.7168,-2.87036,0.6747,0.5832333333333332
58461,2016-08-08 05:00:00-05,0.9509166666666664,78.49,0.09,2.9,-2.7172400000000003,1,-2.7170799999999997,-2.94418,1.2547666666666668,0.9885333333333332
58472,2016-08-08 06:00:00-05,1.0908666666666669,77.8,0.11,2.81,0.317012,1,6.4137900000000005,1.54569,0.6338333333333332,0.866533333333333
58483,2016-08-08 07:00:00-05,1.25375,77.79,0.15,2.79,147.263,1,177.718,144.87,0.6318333333333332,0.5355833333333332
58494,2016-08-08 08:00:00-05,0.83615,78.22,0.15,3.2,195.747,1,263.92,372.108,1.0461166666666668,0.5779833333333332
58505,2016-08-08 09:00:00-05,1.04755,81.04,0.15,4.98,702.1289999999999,1,479.675,607.0219999999999,1.4664333333333333,1.0269166666666667
58516,2016-08-08 10:00:00-05,1.1151333333333333,84.87,0.12,4.83,786.81,1,791.19,787.448,1.85395,0.9627833333333332
58527,2016-08-08 11:00:00-05,1.7403833333333332,88.07,0.09,4.81,954.087,1,944.2610000000001,931.6439999999999,2.0621,1.3325833333333332
58538,2016-08-08 12:00:00-05,1.7943666666666669,91.45,0.07,4.19,995.6569999999999,1,1016.43,978.949,2.0866833333333332,1.5902
58549,2016-08-08 13:00:00-05,1.7552833333333333,93.37,0.05,4.41,1026.67,1,1024.0,1004.61,2.3613666666666666,1.6183
58560,2016-08-08 14:00:00-05,2.29955,94.6,0.05,4.57,272.888,1,952.283,942.9730000000001,2.546416666666667,2.3040833333333333
58571,2016-08-08 15:00:00-05,2.5117166666666666,96.32,0.04,4.67,920.8589999999999,1,846.689,814.808,2.848516666666667,2.604616666666667
58582,2016-08-08 16:00:00-05,2.8987833333333333,96.88,0.03,4.89,660.565,1,724.015,661.7869999999999,3.59535,2.294766666666667
58593,2016-08-08 17:00:00-05,3.173783333333333,97.49,0.03,4.8,415.024,1,493.907,441.07599999999996,4.0221833333333326,3.202233333333333
58604,2016-08-08 18:00:00-05,2.8528,97.12,0.03,5.82,69.46300000000001,1,87.8715,177.06799999999998,3.6602833333333327,3.1041
58615,2016-08-08 19:00:00-05,2.60805,96.01,0.01,5.2,15.8961,1,42.1353,24.9178,3.2647166666666667,3.698433333333333
58626,2016-08-08 20:00:00-05,2.257166666666667,93.04,0.03,4.54,-2.7370799999999997,1,-2.71503,-2.7151,2.869616666666667,2.71535
58637,2016-08-08 21:00:00-05,1.8642166666666669,90.24,0.03,4.45,-2.71536,1,-2.71572,-2.73844,1.884,2.009666666666667
58648,2016-08-08 22:00:00-05,1.5050333333333332,87.96,0.03,4.03,-2.71584,1,-2.54058,-2.71625,1.4096166666666667,1.3196666666666668
58659,2016-08-08 23:00:00-05,1.5823,86.77,0.02,4.8,-2.75584,1,-2.37678,-2.71663,1.56645,1.0670666666666668
58670,2016-08-09 00:00:00-05,1.0853,84.61,0.05,5.87,-2.7164599999999997,1,-2.60908,-2.71678,1.17655,1.07885
58681,2016-08-09 01:00:00-05,0.9809166666666664,82.86,0.04,6.34,-2.71678,1,-2.71678,-2.71679,1.22565,1.0537333333333332
58692,2016-08-09 02:00:00-05,0.882633333333333,81.08,0.09,5.68,-2.71678,1,-2.71678,-2.71711,0.8494833333333331,1.02255
58703,2016-08-09 03:00:00-05,0.8751833333333331,80.28,0.16,4.79,-2.7168200000000002,1,-2.7168400000000004,-2.71725,0.55915,0.97505
58714,2016-08-09 04:00:00-05,0.8765,79.44,0.39,4.39,-2.7168400000000004,1,-2.71685,-2.7175599999999998,0.6208166666666666,1.0360333333333331
58725,2016-08-09 05:00:00-05,1.1384666666666667,78.68,0.54,3.66,-2.47907,1,-2.71716,-2.7177,0.8599166666666666,1.0669333333333333
58736,2016-08-09 06:00:00-05,0.9381,78.29,0.6,2.76,-0.46411800000000003,1,14.9333,1.44944,0.83325,1.2310666666666668
58747,2016-08-09 07:00:00-05,1.3818166666666667,78.34,0.57,2.84,129.796,1,119.06,150.342,0.5764833333333332,0.5788666666666666
58758,2016-08-09 08:00:00-05,1.1174166666666667,79.13,0.45,3.3,332.324,1,396.57199999999995,377.347,0.76165,0.7519166666666666
58769,2016-08-09 09:00:00-05,1.00385,81.86,0.36,4.33,657.325,1,358.155,594.4540000000001,1.14295,0.7998333333333331
58780,2016-08-09 10:00:00-05,1.353716666666667,85.57,0.3,5.24,812.8539999999999,1,793.1060000000001,775.063,1.24775,1.2705666666666668
58791,2016-08-09 11:00:00-05,1.4367,89.15,0.32,4.81,988.312,1,449.14099999999996,906.6060000000001,1.6908,1.362766666666667
58802,2016-08-09 12:00:00-05,1.8141166666666668,91.62,0.35,4.99,1066.78,1,663.297,1022.07,1.9945,1.4167833333333333
58813,2016-08-09 13:00:00-05,2.14365,93.47,0.38,4.27,1089.89,1,537.203,1087.59,1.7448333333333332,1.4734833333333333
58824,2016-08-09 14:00:00-05,2.0494,95.32,0.44,4.61,985.622,1,844.935,958.422,2.0409,2.0308
58835,2016-08-09 15:00:00-05,2.75755,96.31,0.53,4.34,736.985,1,387.654,931.7189999999999,2.4356666666666666,2.03325
58846,2016-08-09 16:00:00-05,2.8354166666666667,97.07,0.51,4.75,671.382,1,311.048,698.43,3.1919833333333334,2.398133333333333
58857,2016-08-09 17:00:00-05,3.033583333333333,97.26,0.43,6.35,400.575,1,460.12800000000004,132.975,3.097,2.394766666666667
58868,2016-08-09 18:00:00-05,3.2084,97.16,0.18,8.13,209.41299999999998,1,236.33900000000003,77.0,4.43765,2.671933333333333
58879,2016-08-09 19:00:00-05,3.931483333333333,96.26,0.13,7.32,22.0652,1,13.6129,23.4659,3.52175,2.7049333333333334
58890,2016-08-09 20:00:00-05,3.5217666666666667,93.06,0.14,6.05,-2.71475,1,-2.71549,-2.86198,2.6956,2.325733333333333
58901,2016-08-09 21:00:00-05,2.5942,90.54,0.14,3.94,-2.7154,1,-2.7158700000000002,-2.7325,2.4451666666666667,1.6552666666666669
58912,2016-08-09 22:00:00-05,1.9949666666666668,88.44,0.16,4.96,-2.7158700000000002,1,-2.52392,-2.83469,1.5705666666666669,1.4199833333333332
58923,2016-08-09 23:00:00-05,1.7506833333333331,87.09,0.17,5.24,-2.71631,1,-2.37708,-2.7333,1.7060833333333332,1.2502
58934,2016-08-10 00:00:00-05,1.0845,85.91,0.23,6.57,-2.71647,1,-2.37719,-2.71678,1.17775,0.9682666666666664
58945,2016-08-10 01:00:00-05,1.0272333333333332,84.15,0.26,6.94,-2.71677,1,-2.37719,-2.71679,0.75665,0.891
58956,2016-08-10 02:00:00-05,0.8577,82.78,0.25,6.47,-2.7168200000000002,1,-2.37719,-2.71722,0.6216666666666666,0.60975
58967,2016-08-10 03:00:00-05,0.9820833333333332,81.61,0.35,5.39,-2.71679,1,-2.37719,-2.71725,0.9617333333333332,0.7944666666666667
58978,2016-08-10 04:00:00-05,0.9497166666666664,80.81,0.3,4.96,-2.71679,1,-2.37719,-2.71762,0.8950666666666666,0.7844333333333331
58989,2016-08-10 05:00:00-05,1.1630833333333332,80.27,0.34,4.07,-2.7170400000000003,1,-2.37719,-2.7177,0.85355,1.0259166666666668
59000,2016-08-10 06:00:00-05,0.8779166666666666,79.6,0.38,3.24,-1.2848899999999999,1,6.89958,1.47775,0.7122,0.9168
59011,2016-08-10 07:00:00-05,1.1629666666666667,79.45,0.41,2.83,115.98,1,68.1985,138.783,0.6197833333333332,0.728
59022,2016-08-10 08:00:00-05,1.2488833333333331,80.42,0.4,3.34,406.35,1,366.01800000000003,372.224,0.8993,0.7129833333333332
59033,2016-08-10 09:00:00-05,1.04525,83.31,0.4,5.65,542.057,1,631.465,677.1289999999999,1.5974833333333331,1.2725
59044,2016-08-10 10:00:00-05,1.8557,86.15,0.34,6.39,769.937,1,877.9739999999999,571.591,1.4977166666666668,0.9709333333333332
59055,2016-08-10 11:00:00-05,1.6223666666666667,89.01,0.28,6.55,903.437,1,937.2139999999999,452.88800000000003,2.09935,1.5560166666666668
59066,2016-08-10 12:00:00-05,1.75765,91.82,0.16,5.41,983.673,1,991.6339999999999,1119.84,1.92875,1.8223666666666667
59077,2016-08-10 13:00:00-05,2.1986,94.16,0.14,4.85,1038.95,1,1004.23,305.841,2.4125666666666667,1.6799666666666668
59088,2016-08-10 14:00:00-05,2.197983333333333,96.14,0.13,4.98,817.2310000000001,1,964.8589999999999,1032.2,2.8237666666666668,2.330283333333333
59099,2016-08-10 15:00:00-05,2.6833666666666667,97.62,0.04,4.84,802.977,1,827.784,281.649,2.8737666666666666,2.1523166666666667
59110,2016-08-10 16:00:00-05,2.8967666666666667,98.4,0.05,5.31,673.2769999999999,1,661.295,663.867,3.103933333333333,2.74435
59121,2016-08-10 17:00:00-05,3.3076833333333333,98.71,0.05,5.47,419.82599999999996,1,449.584,444.65,3.1409833333333332,3.17035
59132,2016-08-10 18:00:00-05,3.66015,97.99,0.04,5.89,188.11900000000003,1,240.079,208.21400000000003,2.589383333333333,3.9644166666666663
59143,2016-08-10 19:00:00-05,3.43515,95.92,0.01,5.17,10.4302,1,43.0381,21.8681,2.27615,4.609116666666666
59154,2016-08-10 20:00:00-05,3.4771666666666667,93.73,0.04,3.83,-2.71449,1,-2.7153099999999997,-2.71473,2.17685,2.873966666666667
59165,2016-08-10 21:00:00-05,2.611816666666667,90.9,0.08,5.64,-2.71537,1,-2.71588,-2.7154,1.4605833333333331,1.84965
59176,2016-08-10 22:00:00-05,1.6286,89.3,0.05,3.79,-2.37636,1,-2.71638,-2.71596,1.4799666666666669,1.75165
59187,2016-08-10 23:00:00-05,1.490816666666667,86.91,0.02,4.05,-2.7158700000000002,1,-2.71678,-2.86358,1.0216833333333333,1.4351333333333331
59198,2016-08-11 00:00:00-05,1.2497666666666667,85.56,0.09,5.87,-2.71621,1,-2.7168400000000004,-2.83564,1.0127,0.9774833333333331
59209,2016-08-11 01:00:00-05,1.3814,83.96,0.11,6.03,-2.71633,1,-2.7172400000000003,-2.84708,0.6298833333333332,0.89875
59220,2016-08-11 02:00:00-05,1.0386666666666668,81.99,0.12,5.68,-2.71638,1,-2.71726,-2.72856,0.7813833333333331,0.9107833333333332
59231,2016-08-11 03:00:00-05,0.9886333333333333,81.17,0.31,5.5,-2.71674,1,-2.71733,-2.71731,0.8724,0.9686666666666665
59242,2016-08-11 04:00:00-05,0.6477166666666666,80.1,0.58,5.29,-2.71678,1,-2.71758,-2.71767,0.81935,0.9586166666666665
59253,2016-08-11 05:00:00-05,1.23155,79.17,0.43,4.3,-2.71678,1,-2.27608,-2.7177,0.5332666666666666,1.0813833333333331
59264,2016-08-11 06:00:00-05,1.1785,78.48,0.24,3.4,6.7353,1,8.11235,1.05877,0.5620833333333332,1.30895
59275,2016-08-11 07:00:00-05,1.0386,78.15,0.14,2.59,143.437,1,150.019,146.57399999999998,0.8101833333333331,1.3471333333333333
59286,2016-08-11 08:00:00-05,0.6495166666666666,79.57,0.14,3.07,358.398,1,272.936,370.536,0.9108,1.485
59297,2016-08-11 09:00:00-05,1.3181,82.65,0.28,5.21,587.914,1,190.945,195.41099999999997,1.0314,1.6029833333333332
59308,2016-08-11 10:00:00-05,1.1869,85.58,0.16,6.51,771.722,1,921.4580000000001,327.29,1.418,1.5104333333333333
59319,2016-08-11 11:00:00-05,1.2137666666666669,89.32,0.1,6.29,915.14,1,951.8639999999999,1070.23,1.8600333333333332,1.9749333333333332
59330,2016-08-11 12:00:00-05,1.7863,91.9,0.22,5.14,980.775,1,1042.01,241.676,1.9195166666666668,2.7470833333333333
59341,2016-08-11 13:00:00-05,2.096833333333333,93.92,0.13,5.74,993.029,1,956.29,1039.77,1.7519333333333331,3.1415
59352,2016-08-11 14:00:00-05,2.327466666666667,96.41,0.11,5.43,932.823,1,956.7869999999999,968.388,1.8598,2.6046666666666667
59363,2016-08-11 15:00:00-05,2.259866666666667,98.27,0.08,5.2,759.137,1,417.296,307.957,2.484783333333333,2.363866666666667
59374,2016-08-11 16:00:00-05,2.746716666666667,99.39,0.05,5.17,609.674,1,695.762,741.576,2.2232,2.971616666666667
59385,2016-08-11 17:00:00-05,2.892066666666667,99.52,0.04,4.55,460.911,1,474.616,366.27099999999996,2.2628666666666666,3.1073166666666667
59396,2016-08-11 18:00:00-05,2.7845833333333334,98.9,0.04,4.32,191.75099999999998,1,245.862,228.588,2.24375,2.5092
59407,2016-08-11 19:00:00-05,2.3552666666666666,97.13,0.04,3.81,16.8885,1,28.6786,15.8911,2.760016666666667,2.836816666666667
59418,2016-08-11 20:00:00-05,2.8948,94.84,0.03,3.82,-3.3880199999999996,1,-2.71509,-2.71462,2.7602333333333333,4.231566666666667
59429,2016-08-11 21:00:00-05,2.431633333333333,91.74,0.02,3.58,-3.08351,1,-2.7157299999999998,-2.71536,3.0727,2.1321
59440,2016-08-11 22:00:00-05,1.8617333333333332,89.74,0.02,3.71,-2.76145,1,-2.71602,-2.71585,1.9831166666666669,1.8558333333333332
59451,2016-08-11 23:00:00-05,1.6253,88.22,0.02,4.4,-2.71653,1,-2.71644,-2.71631,1.2277166666666668,1.1536666666666668
59462,2016-08-12 00:00:00-05,1.1302166666666669,85.27,0.03,4.74,-2.71678,1,-2.71677,-2.7337599999999997,1.2809833333333331,1.2377
59473,2016-08-12 01:00:00-05,1.07405,83.42,0.08,3.15,-2.71678,1,-2.67718,-2.71678,0.7137833333333332,0.9703333333333332
59484,2016-08-12 02:00:00-05,1.0419,81.84,0.1,3.49,-2.71678,1,-2.58661,-2.71699,0.7301333333333332,0.6752
59495,2016-08-12 03:00:00-05,0.81845,80.49,0.05,2.94,-2.71678,1,-2.3772,-2.7172400000000003,0.6845166666666666,0.8267333333333331
59506,2016-08-12 04:00:00-05,0.6955333333333332,79.67,0.04,2.53,-2.7168,1,-2.55265,-2.71725,0.9166,0.93325
59517,2016-08-12 05:00:00-05,1.052366666666667,78.67,0.23,3.45,-2.71692,1,-2.3772599999999997,-2.7174099999999997,0.9869833333333332,1.1468833333333333
59528,2016-08-12 06:00:00-05,1.06535,78.33,0.79,2.4,-1.78883,1,8.47875,0.07359199999999999,0.88605,0.8364166666666666
59539,2016-08-12 07:00:00-05,0.8730666666666665,77.28,0.82,2.53,140.255,1,153.047,141.673,0.8697166666666666,0.7755333333333331
59550,2016-08-12 08:00:00-05,0.6629,78.15,0.72,3.28,374.153,1,420.26800000000003,366.23,0.7348666666666664,1.00565
59561,2016-08-12 09:00:00-05,1.3097166666666669,80.09,0.31,4.16,588.212,1,488.702,655.349,1.4623,1.01925
59572,2016-08-12 10:00:00-05,1.35375,83.95,0.16,4.98,779.327,1,830.5880000000001,667.3789999999999,1.5186,0.9831666666666664
59583,2016-08-12 11:00:00-05,1.5575333333333332,87.68,0.15,3.73,913.694,1,939.305,948.633,2.061,1.3797666666666668
59594,2016-08-12 12:00:00-05,1.8143166666666668,90.58,0.16,3.61,966.415,1,988.4960000000001,523.189,2.0035166666666666,1.71445
59605,2016-08-12 13:00:00-05,2.1182833333333333,93.22,0.17,3.43,993.946,1,1009.46,1072.91,2.07305,1.9287
59616,2016-08-12 14:00:00-05,2.44865,95.99,0.16,3.9,943.328,1,966.427,987.8960000000001,2.880466666666667,1.8404666666666667
59627,2016-08-12 15:00:00-05,3.11365,98.18,0.17,3.85,825.039,1,852.63,911.06,2.9725,2.14765
59638,2016-08-12 16:00:00-05,3.3700666666666668,99.69,0.18,3.73,668.6239999999999,1,691.74,629.118,2.8486833333333332,2.577566666666667
59649,2016-08-12 17:00:00-05,3.195266666666667,99.91,0.2,3.03,403.838,1,479.374,423.45300000000003,3.0803166666666666,2.54045
59660,2016-08-12 18:00:00-05,3.2815,99.49,0.22,3.38,216.34900000000002,1,257.092,197.03599999999997,3.1796,2.2625
59671,2016-08-12 19:00:00-05,2.631616666666667,98.36,0.11,2.68,11.1948,1,48.9503,19.1603,2.817733333333333,2.28685
59682,2016-08-12 20:00:00-05,2.0551166666666667,94.26,0.07,3.0,-3.01477,1,-2.85625,-2.71482,2.45185,3.0208
59693,2016-08-12 21:00:00-05,1.5412333333333332,87.93,0.17,2.05,-2.71571,1,-2.7157299999999998,-2.71543,2.4874,2.3676166666666667
59704,2016-08-12 22:00:00-05,1.4441166666666667,85.77,0.19,1.44,-2.71596,1,-2.71619,-2.7158700000000002,1.4486666666666668,3.80265
59715,2016-08-12 23:00:00-05,1.17805,83.84,0.29,2.13,-2.7163,1,-2.71665,-2.71628,1.3459833333333333,1.3504666666666667
59726,2016-08-13 00:00:00-05,1.04245,82.82,0.63,2.1,-2.7787,0,-2.71678,-2.7164200000000003,0.9711166666666664,1.1442166666666669
59737,2016-08-13 01:00:00-05,0.9425833333333332,80.99,0.19,1.44,-2.71675,0,-2.71678,-2.71678,0.8642666666666666,0.8784333333333331
59748,2016-08-13 02:00:00-05,0.7293833333333332,79.96,0.22,0.53,-2.71678,0,-2.7168200000000002,-2.7168099999999997,0.7,0.8694
59759,2016-08-13 03:00:00-05,0.783833333333333,79.43,0.31,1.57,-2.71679,0,-2.71705,-2.7168400000000004,0.9849833333333332,0.7845166666666666
59770,2016-08-13 04:00:00-05,1.1367333333333332,78.7,0.53,1.48,-2.71679,0,-2.71705,-2.7170900000000002,0.9417,0.66465
59781,2016-08-13 05:00:00-05,0.6175666666666666,78.17,0.54,0.59,-2.37721,0,-2.7168799999999997,-2.7172400000000003,0.5645333333333332,0.7909166666666666
59792,2016-08-13 06:00:00-05,0.7850833333333331,77.4,0.53,1.18,-2.34326,0,9.24279,0.06792999999999999,0.6983166666666666,0.6947166666666666
59803,2016-08-13 07:00:00-05,0.6048166666666666,77.27,0.45,2.26,45.3137,0,171.27700000000002,135.118,0.8314,1.8491833333333332
59814,2016-08-13 08:00:00-05,0.8797333333333331,78.2,0.46,1.44,140.59799999999998,0,418.969,374.847,0.6376666666666666,1.05695
59825,2016-08-13 09:00:00-05,1.4428,80.09,0.41,2.05,324.849,0,709.018,741.922,1.2404166666666667,1.3426166666666668
59836,2016-08-13 10:00:00-05,1.5781833333333333,82.16,0.68,2.26,780.946,0,788.297,867.6510000000001,1.48305,1.1629
59847,2016-08-13 11:00:00-05,1.6154833333333332,84.35,0.49,0.94,636.055,0,923.065,988.8760000000001,1.7031833333333333,1.2050666666666667
59858,2016-08-13 12:00:00-05,1.98315,87.79,0.41,0.42,369.952,0,987.443,658.1010000000001,1.5190666666666668,1.6965333333333332
59869,2016-08-13 13:00:00-05,2.260683333333333,89.11,0.7,0.87,1037.29,0,1003.04,1068.23,1.7124666666666668,2.08085
59880,2016-08-13 14:00:00-05,2.190733333333333,89.87,0.51,1.11,1029.5,0,949.553,995.716,2.4389333333333334,2.0738166666666666
59891,2016-08-13 15:00:00-05,2.5087,91.53,0.4,2.85,812.193,0,837.7710000000001,769.117,2.694316666666667,2.3036166666666666
59902,2016-08-13 16:00:00-05,2.323733333333333,90.71,0.32,2.8,583.015,0,656.997,714.569,2.9457166666666668,3.17225
59913,2016-08-13 17:00:00-05,1.8144,87.7,0.44,1.73,359.647,0,453.591,277.629,2.9955333333333334,3.28165
59924,2016-08-13 18:00:00-05,2.704683333333333,81.96,0.5,4.1,140.542,0,224.832,204.27700000000002,3.470016666666667,3.6585666666666663
59935,2016-08-13 19:00:00-05,1.6867666666666667,79.44,0.79,4.22,0.339244,0,40.3418,17.51,2.660166666666667,3.739083333333333
59946,2016-08-13 20:00:00-05,0.75775,77.34,0.97,2.94,-2.71492,0,-2.7206200000000003,-2.71475,2.283466666666667,2.740133333333333
59957,2016-08-13 21:00:00-05,0.86305,77.59,0.98,1.27,-2.51175,0,-2.7157400000000003,-2.71538,2.1264833333333333,2.1289333333333333
59968,2016-08-13 22:00:00-05,0.9985833333333332,77.72,0.86,1.5,-2.5743400000000003,0,-2.7162599999999997,-2.71584,1.9397666666666669,1.7625666666666668
59979,2016-08-13 23:00:00-05,1.0053,77.29,0.32,0.92,-2.3763799999999997,0,-2.71676,-2.7159299999999997,1.3009666666666668,1.3468166666666668
59990,2016-08-14 00:00:00-05,0.94955,76.67,0.74,0.74,-2.37673,0,-2.37719,-2.71632,1.3921666666666668,1.0236166666666668
60001,2016-08-14 01:00:00-05,0.721,76.55,0.61,1.31,-2.37678,0,-2.37721,-2.7165,0.8659666666666666,1.04425
60012,2016-08-14 02:00:00-05,0.77915,76.41,0.7,1.7,-2.55787,0,-2.56963,-2.71678,0.8951166666666666,1.13705
60023,2016-08-14 03:00:00-05,0.5974333333333331,76.14,0.61,1.45,-2.37678,0,-2.37719,-2.71678,0.7187,0.9010333333333332
60034,2016-08-14 04:00:00-05,0.5681666666666666,75.71,0.57,0.89,-2.71639,0,-2.37719,-2.7168,0.7431166666666666,0.8440833333333331
60045,2016-08-14 05:00:00-05,0.5617666666666666,75.54,0.59,1.33,-2.37719,0,-2.49039,-2.71712,0.5614666666666666,0.6831666666666666
60056,2016-08-14 06:00:00-05,0.5752666666666666,75.14,0.74,2.02,-2.71678,0,6.14687,-0.503822,0.7078666666666666,0.9005833333333331
60067,2016-08-14 07:00:00-05,0.5625666666666665,75.18,0.59,1.24,31.2504,0,97.2113,159.181,0.8181666666666666,0.7975166666666667
60078,2016-08-14 08:00:00-05,0.78015,75.63,0.71,0.39,63.3774,0,393.351,366.918,3.6036166666666665,1.8292333333333333
60089,2016-08-14 09:00:00-05,2.497133333333333,76.43,0.51,1.5,153.095,0,597.269,170.905,1.8304,1.97395
60100,2016-08-14 10:00:00-05,0.8971,77.66,0.5,1.57,358.42199999999997,0,764.933,935.79,1.6041166666666669,2.2291166666666666
60111,2016-08-14 11:00:00-05,0.7030166666666666,79.54,0.35,1.92,342.81699999999995,0,921.648,657.898,1.93075,2.348333333333333
60122,2016-08-14 12:00:00-05,2.18875,81.68,0.53,3.75,397.31800000000004,0,996.055,706.622,1.7605166666666667,2.644133333333333
60133,2016-08-14 13:00:00-05,1.1237333333333333,79.06,0.37,4.54,394.765,0,997.928,221.11599999999999,1.7900833333333332,2.6424166666666666
60144,2016-08-14 14:00:00-05,1.28225,76.88,0.54,3.44,253.09799999999998,0,937.23,1078.57,2.09325,2.833416666666667
60155,2016-08-14 15:00:00-05,1.5033833333333333,77.14,0.82,5.45,235.85,0,835.4830000000001,833.03,2.692216666666667,3.1002666666666667
60166,2016-08-14 16:00:00-05,1.6318,77.35,0.44,3.8,178.263,0,671.6460000000001,167.46400000000003,2.849,3.1594
60177,2016-08-14 17:00:00-05,1.331616666666667,76.56,0.79,3.19,62.5894,0,453.87800000000004,414.977,2.7745333333333333,2.9175666666666666
60188,2016-08-14 18:00:00-05,1.8744833333333333,76.54,0.76,4.56,41.8357,0,211.32299999999998,197.204,2.5042666666666666,2.794583333333333
60199,2016-08-14 19:00:00-05,1.5720333333333332,75.76,0.58,4.73,0.339537,0,37.9885,16.3681,2.3866,2.6068
60210,2016-08-14 20:00:00-05,1.2591,75.31,0.78,4.4,-2.7168,0,-3.01458,-2.7148,2.02175,2.7995
60221,2016-08-14 21:00:00-05,0.9331833333333333,73.23,0.4,3.99,-2.7168400000000004,0,-2.71569,-2.72106,2.132083333333333,2.3309333333333333
60232,2016-08-14 22:00:00-05,0.99425,71.48,0.96,2.69,-2.7172099999999997,0,-2.71623,-2.72152,1.558,1.806366666666667
60243,2016-08-14 23:00:00-05,0.4261333333333333,71.21,0.77,2.25,-2.71726,0,-2.72242,-2.7162900000000003,1.3586666666666667,1.7082666666666668
60254,2016-08-15 00:00:00-05,0.3946833333333333,71.84,0.76,1.99,-2.71762,1,-2.7168400000000004,-2.7166099999999997,0.9102333333333332,1.186316666666667
60265,2016-08-15 01:00:00-05,0.3786333333333333,71.75,0.65,1.49,-2.7177,1,-2.7172,-2.71678,1.1619,0.9743166666666664
60276,2016-08-15 02:00:00-05,0.3744333333333333,71.79,0.8,0.64,-3.36882,1,-2.71725,-2.7168400000000004,0.7181333333333332,1.0753333333333333
60287,2016-08-15 03:00:00-05,0.3723333333333333,71.71,0.62,0.4,-2.7177,1,-2.71733,-2.71679,0.5858,0.9621166666666664
60298,2016-08-15 04:00:00-05,0.37396666666666656,71.71,0.58,1.15,-2.7178400000000003,1,-2.71769,-2.72258,0.5710833333333332,0.9397333333333332
60309,2016-08-15 05:00:00-05,0.63905,71.45,0.67,0.99,-2.7181599999999997,1,-2.7177,-2.7172400000000003,0.9356166666666664,0.9509166666666664
60320,2016-08-15 06:00:00-05,0.7324833333333332,71.3,0.76,1.09,-1.0816,1,8.16443,0.317012,0.5844,1.0908666666666669
60331,2016-08-15 07:00:00-05,0.5499,71.28,0.8,1.1,144.946,1,173.76,147.263,0.6209333333333332,1.25375
60342,2016-08-15 08:00:00-05,0.41005,71.95,0.81,1.23,240.54,1,182.484,195.747,0.8056,0.83615
60353,2016-08-15 09:00:00-05,0.4059333333333333,72.27,0.72,2.09,600.548,1,660.4,702.1289999999999,1.1125833333333333,1.04755
60364,2016-08-15 10:00:00-05,0.3856833333333333,73.16,0.63,2.39,806.03,1,888.215,786.81,1.5608166666666667,1.1151333333333333
60375,2016-08-15 11:00:00-05,0.3564,73.6,0.78,2.41,1000.49,1,944.454,954.087,1.8851,1.7403833333333332
60386,2016-08-15 12:00:00-05,0.3110666666666666,74.25,0.78,3.99,1083.09,1,1031.08,995.6569999999999,1.9420333333333333,1.7943666666666669
60397,2016-08-15 13:00:00-05,0.4958833333333332,74.49,0.59,2.58,1103.16,1,1087.57,1026.67,1.6569166666666668,1.7552833333333333
60408,2016-08-15 14:00:00-05,0.36715,75.78,0.58,3.61,253.78599999999997,1,1105.48,272.888,2.049516666666667,2.29955
60419,2016-08-15 15:00:00-05,0.41441666666666654,76.34,0.77,3.6,608.81,1,864.99,920.8589999999999,2.298566666666667,2.5117166666666666
60430,2016-08-15 16:00:00-05,0.7675166666666666,76.61,0.61,3.42,468.93800000000005,1,718.347,660.565,2.0791833333333334,2.8987833333333333
60441,2016-08-15 17:00:00-05,0.7450333333333331,76.59,0.44,3.32,227.005,1,392.93300000000005,415.024,2.522416666666667,3.173783333333333
60452,2016-08-15 18:00:00-05,1.0295,76.17,0.45,3.83,82.2854,1,262.286,69.46300000000001,2.2805166666666667,2.8528
60463,2016-08-15 19:00:00-05,1.2657166666666668,75.06,0.47,2.43,2.79431,1,43.8073,15.8961,2.7645666666666666,2.60805
60474,2016-08-15 20:00:00-05,1.2776,75.38,0.81,3.66,-2.71541,1,-2.71489,-2.7370799999999997,2.6273833333333334,2.257166666666667
60485,2016-08-15 21:00:00-05,0.7558333333333331,74.09,0.95,2.6,-2.7158599999999997,1,-2.7157400000000003,-2.71536,2.9643,1.8642166666666669
60496,2016-08-15 22:00:00-05,0.7251333333333332,74.35,0.41,2.93,-2.71623,1,-2.71624,-2.71584,1.7767166666666667,1.5050333333333332
60507,2016-08-15 23:00:00-05,0.4613333333333332,73.69,0.53,2.94,-2.71653,1,-2.71675,-2.75584,1.6894166666666668,1.5823
60518,2016-08-16 00:00:00-05,0.5718666666666666,73.13,0.66,3.54,-2.53001,1,-2.71678,-2.7164599999999997,1.2994666666666668,1.0853
60529,2016-08-16 01:00:00-05,0.4266,72.43,0.68,2.1,-2.72245,1,-2.7168400000000004,-2.71678,0.9369833333333332,0.9809166666666664
60540,2016-08-16 02:00:00-05,0.39665,72.72,0.85,2.2,-2.71711,1,-2.7172099999999997,-2.71678,0.7279,0.882633333333333
60551,2016-08-16 03:00:00-05,0.5040666666666666,72.49,0.9,2.38,-2.94368,1,-2.71725,-2.7168200000000002,0.67635,0.8751833333333331
60562,2016-08-16 04:00:00-05,0.4009333333333333,73.1,0.88,3.49,-3.06278,1,-2.7174099999999997,-2.7168400000000004,0.6495333333333332,0.8765
60573,2016-08-16 05:00:00-05,0.5733666666666666,73.15,0.9,3.65,-2.7177,1,-2.71769,-2.47907,0.6323,1.1384666666666667
60584,2016-08-16 06:00:00-05,1.0262166666666668,73.42,0.96,3.32,-2.37799,1,7.145289999999999,-0.46411800000000003,0.5983333333333332,0.9381
60595,2016-08-16 07:00:00-05,0.58375,73.55,0.98,2.33,29.4126,1,175.12099999999998,129.796,0.6123333333333332,1.3818166666666667
60606,2016-08-16 08:00:00-05,0.3453333333333333,73.56,0.79,2.29,16.6898,1,337.418,332.324,0.9169666666666666,1.1174166666666667
60617,2016-08-16 09:00:00-05,0.3395833333333333,73.44,0.89,2.81,13.5922,1,621.2719999999999,657.325,1.4735166666666668,1.00385
60628,2016-08-16 10:00:00-05,0.3472,74.46,0.87,2.75,80.794,1,806.01,812.8539999999999,2.0828,1.353716666666667
60639,2016-08-16 11:00:00-05,0.43115,76.35,0.77,2.95,222.831,1,327.844,988.312,2.207333333333333,1.4367
60650,2016-08-16 12:00:00-05,0.6855166666666666,78.32,0.85,1.71,262.115,1,886.322,1066.78,2.023083333333333,1.8141166666666668
60661,2016-08-16 13:00:00-05,0.5934,79.45,0.83,1.84,226.676,1,695.16,1089.89,2.38965,2.14365
60672,2016-08-16 14:00:00-05,0.9266333333333332,76.99,0.49,2.05,408.899,1,206.00799999999998,985.622,2.324583333333333,2.0494
60683,2016-08-16 15:00:00-05,0.6058333333333332,76.39,0.56,1.66,370.43199999999996,1,889.665,736.985,2.4134,2.75755
60694,2016-08-16 16:00:00-05,1.29185,76.08,0.55,3.65,264.73900000000003,1,688.6410000000001,671.382,2.557116666666667,2.8354166666666667
60705,2016-08-16 17:00:00-05,1.457733333333333,74.82,0.54,4.58,242.668,1,471.51599999999996,400.575,2.50545,3.033583333333333
60716,2016-08-16 18:00:00-05,1.6701333333333332,74.66,0.51,4.43,125.53299999999999,1,260.418,209.41299999999998,2.890683333333333,3.2084
60727,2016-08-16 19:00:00-05,1.1476666666666668,74.67,0.42,4.17,1.5047700000000002,1,48.0147,22.0652,2.8373666666666666,3.931483333333333
60738,2016-08-16 20:00:00-05,1.0043833333333332,74.23,0.78,2.92,-2.71599,1,-2.71476,-2.71475,2.9289,3.5217666666666667
60749,2016-08-16 21:00:00-05,0.76,74.1,0.57,3.04,-2.71676,1,-2.71552,-2.7154,2.136616666666667,2.5942
60760,2016-08-16 22:00:00-05,0.6828666666666666,74.04,0.61,2.91,-2.4906900000000003,1,-2.7159,-2.7158700000000002,1.4994666666666667,1.9949666666666668
60771,2016-08-16 23:00:00-05,0.4959833333333332,74.69,0.81,4.01,-2.37764,1,-2.71656,-2.71631,1.7406166666666667,1.7506833333333331
60782,2016-08-17 00:00:00-05,0.5908333333333332,74.49,0.81,3.98,-2.46291,1,-2.71678,-2.71647,1.0879666666666667,1.0845
60793,2016-08-17 01:00:00-05,0.5439833333333332,74.64,0.86,4.37,-2.7177,1,-2.71679,-2.71677,0.9858666666666664,1.0272333333333332
60804,2016-08-17 02:00:00-05,0.5296166666666666,74.62,0.93,4.25,-2.7177,1,-2.7172099999999997,-2.7168200000000002,0.7422666666666666,0.8577
60815,2016-08-17 03:00:00-05,0.6579666666666666,74.62,0.8,3.8,-2.7177,1,-2.37759,-2.71679,0.5644333333333332,0.9820833333333332
60826,2016-08-17 04:00:00-05,0.4925666666666666,74.52,0.87,3.28,-2.7177700000000002,1,-2.71725,-2.71679,0.5576666666666666,0.9497166666666664
60837,2016-08-17 05:00:00-05,0.7710666666666666,74.43,0.83,2.66,-2.71812,1,-2.71739,-2.7170400000000003,0.7242833333333332,1.1630833333333332
60848,2016-08-17 06:00:00-05,0.6822666666666666,74.43,0.94,1.83,-2.05552,1,7.08258,-1.2848899999999999,0.9012333333333332,0.8779166666666666
60859,2016-08-17 07:00:00-05,0.88395,74.55,0.93,1.59,138.72799999999998,1,178.946,115.98,0.9864666666666664,1.1629666666666667
60870,2016-08-17 08:00:00-05,0.7198833333333332,75.2,0.94,1.93,367.25800000000004,1,307.255,406.35,0.6036,1.2488833333333331
60881,2016-08-17 09:00:00-05,0.8586666666666666,76.44,0.88,3.1,593.617,1,702.2180000000001,542.057,1.08745,1.04525
60892,2016-08-17 10:00:00-05,0.8462666666666666,77.65,0.74,3.85,230.291,1,812.9780000000001,769.937,1.57465,1.8557
60903,2016-08-17 11:00:00-05,1.279216666666667,79.03,0.72,4.13,961.949,1,976.805,903.437,1.8815666666666668,1.6223666666666667
60914,2016-08-17 12:00:00-05,0.9822333333333332,79.74,0.52,3.57,1063.27,1,1063.8,983.673,2.4167,1.75765
60925,2016-08-17 13:00:00-05,1.0003333333333333,78.41,0.62,4.21,504.81699999999995,1,1126.31,1038.95,2.3695833333333334,2.1986
60936,2016-08-17 14:00:00-05,1.2652666666666668,79.54,0.52,4.79,526.694,1,835.298,817.2310000000001,2.5070333333333332,2.197983333333333
60947,2016-08-17 15:00:00-05,1.2321,80.5,0.47,5.63,797.8489999999999,1,495.44800000000004,802.977,3.01985,2.6833666666666667
60958,2016-08-17 16:00:00-05,2.4104666666666668,81.03,0.47,5.17,275.366,1,702.6439999999999,673.2769999999999,3.2031666666666667,2.8967666666666667
60969,2016-08-17 17:00:00-05,4.00395,80.55,0.63,5.26,67.1775,1,469.914,419.82599999999996,3.0215,3.3076833333333333
60980,2016-08-17 18:00:00-05,4.962033333333332,79.45,0.78,4.94,74.6988,1,248.016,188.11900000000003,2.5071166666666667,3.66015
60991,2016-08-17 19:00:00-05,2.028766666666667,78.28,0.7,3.87,9.43923,1,40.2199,10.4302,2.483683333333333,3.43515
61002,2016-08-17 20:00:00-05,1.6807833333333333,76.98,0.99,3.08,-2.71637,1,-2.7147200000000002,-2.71449,2.0859,3.4771666666666667
61013,2016-08-17 21:00:00-05,1.3337666666666668,75.92,0.88,2.87,-2.71679,1,-2.71548,-2.71537,1.5872333333333333,2.611816666666667
61024,2016-08-17 22:00:00-05,1.0360833333333332,75.13,0.75,2.22,-2.7168400000000004,1,-2.7159400000000002,-2.37636,1.4111,1.6286
61035,2016-08-17 23:00:00-05,0.6393333333333332,75.4,0.98,3.26,-2.71723,1,-2.71665,-2.7158700000000002,1.14055,1.490816666666667
61046,2016-08-18 00:00:00-05,0.586,74.89,0.86,4.27,-2.7174400000000003,1,-2.71678,-2.71621,1.00555,1.2497666666666667
61057,2016-08-18 01:00:00-05,0.5717166666666667,74.64,0.91,4.11,-2.70072,1,-2.73389,-2.71633,0.831233333333333,1.3814
61068,2016-08-18 02:00:00-05,0.3724833333333333,74.36,0.86,3.84,-2.7177,1,-2.7229,-2.71638,0.8820333333333331,1.0386666666666668
61079,2016-08-18 03:00:00-05,0.3695,74.14,0.68,3.5,-2.7177,1,-2.71742,-2.71674,0.8462166666666666,0.9886333333333333
61090,2016-08-18 04:00:00-05,0.5518333333333332,74.11,0.73,3.1,-2.7177,1,-2.71769,-2.71678,0.7685833333333331,0.6477166666666666
61101,2016-08-18 05:00:00-05,0.5546,74.15,0.84,2.7,-2.71774,1,-2.7177,-2.71678,0.6681833333333332,1.23155
61112,2016-08-18 06:00:00-05,0.7973166666666666,74.22,0.81,1.65,-1.1607100000000001,1,4.897530000000001,6.7353,0.865433333333333,1.1785
61123,2016-08-18 07:00:00-05,0.82905,74.25,0.89,1.45,103.31299999999999,1,165.63400000000001,143.437,1.12735,1.0386
61134,2016-08-18 08:00:00-05,0.5276333333333332,74.6,0.82,2.14,406.37800000000004,1,389.019,358.398,0.7635166666666666,0.6495166666666666
61145,2016-08-18 09:00:00-05,0.62805,75.74,0.82,2.38,632.758,1,652.4630000000001,587.914,0.9865333333333332,1.3181
61156,2016-08-18 10:00:00-05,0.64605,77.22,0.85,3.66,367.57800000000003,1,841.32,771.722,1.5409666666666668,1.1869
61167,2016-08-18 11:00:00-05,0.6865,78.86,0.86,3.35,824.613,1,306.165,915.14,1.3581833333333333,1.2137666666666669
61178,2016-08-18 12:00:00-05,1.14725,80.76,0.85,3.81,1014.47,1,1041.79,980.775,2.13855,1.7863
61189,2016-08-18 13:00:00-05,2.1962333333333333,82.11,0.67,3.9,210.66099999999997,1,1099.6,993.029,1.9533333333333331,2.096833333333333
61200,2016-08-18 14:00:00-05,2.1303,84.29,0.59,3.06,997.555,1,121.213,932.823,2.0438666666666667,2.327466666666667
61211,2016-08-18 15:00:00-05,1.8776333333333333,85.57,0.48,3.57,958.9639999999999,1,671.047,759.137,2.7611166666666667,2.259866666666667
61222,2016-08-18 16:00:00-05,1.537,85.02,0.66,4.36,487.142,1,795.8560000000001,609.674,2.2971833333333334,2.746716666666667
61233,2016-08-18 17:00:00-05,1.9797,82.44,0.38,5.58,464.39,1,113.863,460.911,2.442483333333333,2.892066666666667
61244,2016-08-18 18:00:00-05,2.1292666666666666,81.73,0.53,4.7,63.5851,1,252.33599999999998,191.75099999999998,2.1384333333333334,2.7845833333333334
61255,2016-08-18 19:00:00-05,1.7717,79.14,0.62,4.56,4.55774,1,71.2332,16.8885,1.9791333333333332,2.3552666666666666
61266,2016-08-18 20:00:00-05,1.8541666666666667,76.78,0.73,3.94,-2.71536,1,-2.7153099999999997,-3.3880199999999996,1.62835,2.8948
61277,2016-08-18 21:00:00-05,1.7576666666666667,76.04,0.55,3.19,-2.71585,1,-2.71585,-3.08351,1.3055666666666668,2.431633333333333
61288,2016-08-18 22:00:00-05,0.6787166666666666,75.41,0.54,3.26,-2.71636,1,-2.7163,-2.76145,1.1738666666666668,1.8617333333333332
61299,2016-08-18 23:00:00-05,0.7540833333333331,75.12,0.61,3.31,-2.71678,1,-2.7168,-2.71653,1.2484666666666668,1.6253
61310,2016-08-19 00:00:00-05,0.62895,75.83,0.73,4.09,-2.7168,1,-2.71679,-2.71678,0.9462166666666664,1.1302166666666669
61321,2016-08-19 01:00:00-05,0.55595,75.07,0.67,4.36,-2.71718,1,-2.71713,-2.71678,0.9032,1.07405
61332,2016-08-19 02:00:00-05,0.5411666666666666,75.41,0.81,4.23,-2.71725,1,-2.71725,-2.71678,0.88145,1.0419
61343,2016-08-19 03:00:00-05,0.38766666666666655,75.45,0.88,5.08,-2.71162,1,-2.72325,-2.71678,0.64285,0.81845
61354,2016-08-19 04:00:00-05,0.5285333333333332,75.6,0.86,5.18,-2.71768,1,-2.7177,-2.7168,0.7907833333333331,0.6955333333333332
61365,2016-08-19 05:00:00-05,0.8085666666666665,75.87,0.82,4.4,-2.7177,1,-2.7177,-2.71692,0.7167166666666666,1.052366666666667
61376,2016-08-19 06:00:00-05,0.8818166666666666,75.95,0.91,3.88,-1.65893,1,5.4863599999999995,-1.78883,0.6682833333333332,1.06535
61387,2016-08-19 07:00:00-05,0.5793833333333333,75.88,0.8,3.63,122.228,1,165.727,140.255,0.9321333333333331,0.8730666666666665
61398,2016-08-19 08:00:00-05,0.44721666666666654,76.68,0.75,3.86,315.507,1,386.897,374.153,0.6694333333333332,0.6629
61409,2016-08-19 09:00:00-05,0.6572333333333332,78.42,0.75,5.97,550.504,1,553.65,588.212,0.9074833333333332,1.3097166666666669
61420,2016-08-19 10:00:00-05,0.8178833333333331,80.71,0.54,7.18,850.202,1,477.028,779.327,1.2903666666666669,1.35375
61431,2016-08-19 11:00:00-05,1.1096833333333331,82.64,0.52,7.67,611.452,1,849.2130000000001,913.694,1.43245,1.5575333333333332
61442,2016-08-19 12:00:00-05,1.5172333333333332,85.16,0.61,7.3,1055.29,1,1102.36,966.415,1.8561,1.8143166666666668
61453,2016-08-19 13:00:00-05,1.5229,87.49,0.41,6.13,1023.66,1,1070.7,993.946,1.7323333333333333,2.1182833333333333
61464,2016-08-19 14:00:00-05,1.7536,89.08,0.35,6.34,745.706,1,1015.94,943.328,2.2108166666666667,2.44865
61475,2016-08-19 15:00:00-05,1.9716166666666668,90.15,0.27,6.1,549.0790000000001,1,933.314,825.039,2.4309333333333334,3.11365
61486,2016-08-19 16:00:00-05,1.8515166666666667,89.94,0.24,4.76,637.545,1,730.689,668.6239999999999,2.5892166666666667,3.3700666666666668
61497,2016-08-19 17:00:00-05,2.0431833333333334,89.82,0.23,4.95,416.856,1,497.716,403.838,2.927916666666667,3.195266666666667
61508,2016-08-19 18:00:00-05,3.42575,89.23,0.17,5.74,186.299,1,243.52200000000002,216.34900000000002,2.6236333333333333,3.2815
61519,2016-08-19 19:00:00-05,3.7026166666666662,87.78,0.22,4.89,1.08027,1,42.4793,11.1948,3.40705,2.631616666666667
61530,2016-08-19 20:00:00-05,2.3545833333333333,85.37,0.52,5.62,-2.71569,1,-2.7151099999999997,-3.01477,2.7818666666666667,2.0551166666666667
61541,2016-08-19 21:00:00-05,1.4521166666666667,81.26,0.55,5.57,-2.71616,1,-2.71582,-2.71571,4.018766666666666,1.5412333333333332
61552,2016-08-19 22:00:00-05,1.3781166666666669,79.89,0.44,5.51,-2.49018,1,-2.71634,-2.71596,2.0111166666666667,1.4441166666666667
61563,2016-08-19 23:00:00-05,0.9050666666666666,78.99,0.37,6.48,-2.37719,1,-2.71678,-2.7163,1.37665,1.17805
61574,2016-08-20 00:00:00-05,0.55555,78.61,0.59,5.7,-2.37719,0,-2.82999,-2.7787,1.2996666666666667,1.04245
61585,2016-08-20 01:00:00-05,0.54945,77.85,0.7,6.88,-2.37719,0,-2.83038,-2.71675,1.2860833333333332,0.9425833333333332
61596,2016-08-20 02:00:00-05,0.5831333333333332,77.58,0.86,6.93,-2.71679,0,-3.14748,-2.71678,1.0190333333333332,0.7293833333333332
61607,2016-08-20 03:00:00-05,0.5510666666666666,77.06,0.84,5.16,-2.37745,0,-2.96084,-2.71679,0.9126333333333332,0.783833333333333
61618,2016-08-20 04:00:00-05,0.5380166666666666,76.7,0.66,4.75,-2.45103,0,-2.7177,-2.71679,0.6843333333333332,1.1367333333333332
61629,2016-08-20 05:00:00-05,0.5603,76.56,0.77,4.32,-2.49644,0,-2.94984,-2.37721,0.7854833333333331,0.6175666666666666
61640,2016-08-20 06:00:00-05,0.7703166666666666,76.27,0.79,3.19,4.08695,0,4.56914,-2.34326,0.8778,0.7850833333333331
61651,2016-08-20 07:00:00-05,1.1318666666666668,75.99,0.86,2.89,137.07,0,172.203,45.3137,1.3653833333333332,0.6048166666666666
61662,2016-08-20 08:00:00-05,1.1467666666666667,76.94,0.8,3.65,314.559,0,388.69699999999995,140.59799999999998,1.3665,0.8797333333333331
61673,2016-08-20 09:00:00-05,1.23365,78.76,0.86,4.71,551.013,0,212.62599999999998,324.849,1.27865,1.4428
61684,2016-08-20 10:00:00-05,0.9207833333333332,79.74,0.76,5.23,718.472,0,861.834,780.946,1.7889,1.5781833333333333
61695,2016-08-20 11:00:00-05,0.93225,80.74,0.82,5.22,742.508,0,559.068,636.055,1.92485,1.6154833333333332
61706,2016-08-20 12:00:00-05,0.9253,81.27,0.85,4.8,849.262,0,1104.07,369.952,2.1445166666666666,1.98315
61717,2016-08-20 13:00:00-05,0.7897,81.93,0.85,3.89,871.1030000000001,0,413.676,1037.29,2.38195,2.260683333333333
61728,2016-08-20 14:00:00-05,1.63485,82.38,0.83,3.98,791.346,0,371.654,1029.5,3.8790166666666663,2.190733333333333
61739,2016-08-20 15:00:00-05,1.4204333333333332,82.81,0.7,3.46,506.38699999999994,0,418.603,812.193,3.7976666666666663,2.5087
61750,2016-08-20 16:00:00-05,1.07845,82.13,0.48,2.38,422.66,0,91.8983,583.015,2.8268166666666668,2.323733333333333
61761,2016-08-20 17:00:00-05,0.64275,77.77,0.56,0.88,221.25099999999998,0,477.56199999999995,359.647,2.6121833333333333,1.8144
61772,2016-08-20 18:00:00-05,0.5666666666666667,76.09,0.59,1.98,112.796,0,79.4875,140.542,2.4971666666666668,2.704683333333333
61783,2016-08-20 19:00:00-05,0.5298,75.09,0.56,2.98,2.6072599999999997,0,39.939,0.339244,2.7411,1.6867666666666667
61794,2016-08-20 20:00:00-05,0.5453,74.37,0.59,3.24,-2.71543,0,-2.7153,-2.71492,2.02375,0.75775
61805,2016-08-20 21:00:00-05,0.6956,74.25,0.61,3.24,-2.71596,0,-2.71584,-2.51175,2.391966666666667,0.86305
61816,2016-08-20 22:00:00-05,0.6537333333333332,74.05,0.76,2.75,-2.7164,0,-2.71627,-2.5743400000000003,1.2255666666666667,0.9985833333333332
61827,2016-08-20 23:00:00-05,0.40215,74.06,0.66,1.91,-2.71677,0,-2.71672,-2.3763799999999997,0.9521833333333332,1.0053
61838,2016-08-21 00:00:00-05,0.39251666666666657,73.99,0.94,2.31,-2.6771700000000003,0,-2.87531,-2.37673,0.9088333333333332,0.94955
61849,2016-08-21 01:00:00-05,0.5116833333333332,73.71,0.76,2.19,-2.47344,0,-2.71723,-2.37678,0.8741,0.721
61860,2016-08-21 02:00:00-05,0.23425,73.53,0.95,2.47,-2.49609,0,-2.83072,-2.55787,0.89735,0.77915
61871,2016-08-21 03:00:00-05,0.4338,73.5,0.87,1.82,-2.3772599999999997,0,-2.9894700000000003,-2.37678,0.8451666666666666,0.5974333333333331
61882,2016-08-21 04:00:00-05,0.39716666666666656,73.55,0.89,1.18,-2.37737,0,-3.0744,-2.71639,0.6072,0.5681666666666666
61893,2016-08-21 05:00:00-05,0.4050833333333333,73.73,0.92,0.04,-2.4847900000000003,0,-2.83102,-2.37719,0.7572166666666666,0.5617666666666666
61904,2016-08-21 06:00:00-05,0.39931666666666654,73.51,0.86,1.0,0.854657,0,4.5075199999999995,-2.71678,0.7016166666666666,0.5752666666666666
61915,2016-08-21 07:00:00-05,0.37721666666666653,73.32,0.82,1.37,59.7865,0,165.04,31.2504,1.06125,0.5625666666666665
61926,2016-08-21 08:00:00-05,0.4699333333333332,73.81,0.96,1.17,219.301,0,385.73800000000006,63.3774,0.7863666666666665,0.78015
61937,2016-08-21 09:00:00-05,1.1458833333333331,74.49,0.84,1.44,275.373,0,602.638,153.095,1.22855,2.497133333333333
61948,2016-08-21 10:00:00-05,1.6081166666666669,75.97,0.97,0.97,583.9069999999999,0,813.27,358.42199999999997,1.6971,0.8971
61959,2016-08-21 11:00:00-05,0.9072666666666666,78.12,0.83,1.47,439.575,0,961.712,342.81699999999995,1.76695,0.7030166666666666
61970,2016-08-21 12:00:00-05,1.2474333333333332,79.34,0.88,2.77,1006.76,0,1053.42,397.31800000000004,2.1205833333333333,2.18875
61981,2016-08-21 13:00:00-05,0.8988,80.44,0.65,1.87,316.482,0,1053.22,394.765,2.84115,1.1237333333333333
61992,2016-08-21 14:00:00-05,0.8760166666666666,80.32,0.54,2.54,522.904,0,1139.11,253.09799999999998,2.8369666666666666,1.28225
62003,2016-08-21 15:00:00-05,1.0910333333333333,80.77,0.6,3.93,175.30599999999998,0,354.495,235.85,2.496433333333333,1.5033833333333333
62014,2016-08-21 16:00:00-05,0.7965833333333331,80.18,0.44,4.05,91.8466,0,712.4989999999999,178.263,3.0869833333333334,1.6318
62025,2016-08-21 17:00:00-05,0.5778,79.81,0.46,3.78,99.4562,0,460.95,62.5894,3.88125,1.331616666666667
62036,2016-08-21 18:00:00-05,1.267116666666667,79.59,0.66,4.42,27.0388,0,236.667,41.8357,4.059,1.8744833333333333
62047,2016-08-21 19:00:00-05,1.3766333333333332,78.78,0.67,4.75,-1.01912,0,37.7627,0.339537,3.25855,1.5720333333333332
62058,2016-08-21 20:00:00-05,0.60755,77.34,0.58,3.28,-1.69885,0,-2.7147200000000002,-2.7168,2.226833333333333,1.2591
62069,2016-08-21 21:00:00-05,0.9986166666666664,76.39,0.56,2.59,-1.69897,0,-2.71539,-2.7168400000000004,1.6743,0.9331833333333333
62080,2016-08-21 22:00:00-05,0.5505166666666667,75.98,0.69,1.99,-2.21983,0,-2.7158700000000002,-2.7172099999999997,1.2149666666666668,0.99425
62091,2016-08-21 23:00:00-05,0.5553,75.57,0.77,2.6,-1.69861,0,-2.71654,-2.71726,1.2558166666666668,0.4261333333333333
62102,2016-08-22 00:00:00-05,0.4383833333333333,76.06,0.32,2.84,-2.37799,1,-2.7168200000000002,-2.71762,1.2620833333333332,0.3946833333333333
62113,2016-08-22 01:00:00-05,0.5372833333333332,75.31,0.47,2.18,-2.37799,1,-2.71685,-2.7177,0.9923166666666664,0.3786333333333333
62124,2016-08-22 02:00:00-05,0.53615,75.15,0.77,2.35,-2.17983,1,-2.71723,-3.36882,0.8036,0.3744333333333333
62135,2016-08-22 03:00:00-05,0.3919666666666666,74.98,0.77,1.87,-2.71771,1,-2.71725,-2.7177,0.9556,0.3723333333333333
62146,2016-08-22 04:00:00-05,0.37771666666666653,74.6,0.79,2.13,-2.71778,1,-2.74019,-2.7178400000000003,0.62795,0.37396666666666656
62157,2016-08-22 05:00:00-05,0.6285,74.41,0.79,1.8,-2.37833,1,-2.7177,-2.7181599999999997,0.7502333333333331,0.63905
62168,2016-08-22 06:00:00-05,0.7259166666666665,74.56,0.87,2.04,-1.30792,1,2.7177,-1.0816,0.5851166666666666,0.7324833333333332
62179,2016-08-22 07:00:00-05,0.6385833333333332,74.83,0.86,2.19,135.953,1,175.976,144.946,0.7697666666666666,0.5499
62190,2016-08-22 08:00:00-05,0.4892,75.14,0.85,2.88,307.092,1,375.111,240.54,1.3745333333333332,0.41005
62201,2016-08-22 09:00:00-05,0.5229666666666666,76.09,0.76,3.83,181.637,1,683.128,600.548,1.1942666666666668,0.4059333333333333
62212,2016-08-22 10:00:00-05,0.849383333333333,77.79,0.63,2.83,882.658,1,163.25,806.03,1.6359833333333331,0.3856833333333333
62223,2016-08-22 11:00:00-05,0.785833333333333,79.84,0.49,3.46,339.14300000000003,1,1081.2,1000.49,1.7120833333333332,0.3564
62234,2016-08-22 12:00:00-05,1.0169333333333332,82.22,0.52,3.54,691.372,1,1134.8,1083.09,1.7018666666666669,0.3110666666666666
62245,2016-08-22 13:00:00-05,1.4530666666666667,84.69,0.65,3.92,1063.23,1,306.426,1103.16,1.99605,0.4958833333333332
62256,2016-08-22 14:00:00-05,1.8740666666666668,86.61,0.46,5.08,911.7280000000001,1,1000.75,253.78599999999997,2.632483333333333,0.36715
62267,2016-08-22 15:00:00-05,1.5246333333333333,88.11,0.26,5.02,345.619,1,238.15599999999998,608.81,2.70805,0.41441666666666654
62278,2016-08-22 16:00:00-05,1.6978833333333332,88.18,0.18,5.27,638.499,1,710.487,468.93800000000005,2.9145333333333334,0.7675166666666666
62289,2016-08-22 17:00:00-05,2.10345,88.87,0.24,5.91,419.44199999999995,1,527.38,227.005,2.8989833333333332,0.7450333333333331
62300,2016-08-22 18:00:00-05,2.2621333333333333,89.02,0.23,5.45,163.066,1,239.62,82.2854,3.2417166666666666,1.0295
62311,2016-08-22 19:00:00-05,2.1858833333333334,87.11,0.55,4.65,1.06882,1,40.5798,2.79431,3.0930166666666667,1.2657166666666668
62322,2016-08-22 20:00:00-05,2.52055,85.17,0.05,4.98,-2.71538,1,-2.71448,-2.71541,2.6803166666666667,1.2776
62333,2016-08-22 21:00:00-05,1.93715,82.79,0.17,5.44,-2.7158599999999997,1,-2.78892,-2.7158599999999997,2.03655,0.7558333333333331
62344,2016-08-22 22:00:00-05,1.3801,80.78,0.02,6.29,-2.71631,1,-2.71585,-2.71623,1.57055,0.7251333333333332
62355,2016-08-22 23:00:00-05,0.8858166666666666,79.02,0.02,5.72,-2.71675,1,-2.71632,-2.71653,1.6473166666666668,0.4613333333333332
62366,2016-08-23 00:00:00-05,0.70325,78.82,0.19,6.4,-2.7168200000000002,1,-2.71678,-2.53001,1.1316666666666668,0.5718666666666666
62377,2016-08-23 01:00:00-05,0.69465,77.93,0.55,5.92,-2.7170900000000002,1,-2.71679,-2.72245,0.9043333333333332,0.4266
62388,2016-08-23 02:00:00-05,0.6141666666666666,77.56,0.62,6.57,-2.71725,1,-2.71679,-2.71711,0.8085333333333331,0.39665
62399,2016-08-23 03:00:00-05,0.6763666666666666,77.38,0.64,6.16,-2.71765,1,-2.71707,-2.94368,0.8675833333333332,0.5040666666666666
62410,2016-08-23 04:00:00-05,0.72885,77.25,0.66,6.02,-2.7177,1,-2.71725,-3.06278,0.8563,0.4009333333333333
62421,2016-08-23 05:00:00-05,1.0152166666666664,76.91,0.62,5.34,-2.7177,1,-2.71725,-2.7177,0.82525,0.5733666666666666
62432,2016-08-23 06:00:00-05,0.9949333333333332,76.67,0.67,4.61,-1.78915,1,3.6173300000000004,-2.37799,0.6058,1.0262166666666668
62443,2016-08-23 07:00:00-05,0.5895666666666666,76.93,0.72,4.59,119.375,1,165.497,29.4126,0.7711666666666666,0.58375
62454,2016-08-23 08:00:00-05,0.770733333333333,77.67,0.75,5.42,346.477,1,386.408,16.6898,3.938716666666666,0.3453333333333333
62465,2016-08-23 09:00:00-05,0.5534666666666666,79.38,0.62,7.16,394.288,1,598.366,13.5922,1.8616166666666667,0.3395833333333333
62476,2016-08-23 10:00:00-05,1.0863333333333332,81.83,0.57,8.43,863.4730000000001,1,784.0239999999999,80.794,1.4368166666666669,0.3472
62487,2016-08-23 11:00:00-05,1.1798,84.6,0.28,8.23,743.58,1,903.447,222.831,1.8806333333333332,0.43115
62498,2016-08-23 12:00:00-05,1.5739,87.26,0.32,7.98,1050.38,1,997.155,262.115,1.99585,0.6855166666666666
62509,2016-08-23 13:00:00-05,1.2686166666666667,88.86,0.19,7.94,988.303,1,1023.34,226.676,1.9763333333333333,0.5934
62520,2016-08-23 14:00:00-05,1.9925,90.61,0.24,8.57,981.513,1,966.172,408.899,2.1098,0.9266333333333332
62531,2016-08-23 15:00:00-05,1.6163833333333333,91.65,0.25,8.04,807.319,1,918.5419999999999,370.43199999999996,2.575816666666667,0.6058333333333332
62542,2016-08-23 16:00:00-05,2.2380666666666666,91.71,0.27,8.04,623.596,1,654.797,264.73900000000003,3.24885,1.29185
62553,2016-08-23 17:00:00-05,2.056033333333333,91.67,0.16,7.44,319.133,1,466.45,242.668,3.466733333333333,1.457733333333333
62564,2016-08-23 18:00:00-05,1.6832166666666668,90.9,0.2,7.39,92.3674,1,236.386,125.53299999999999,3.6129,1.6701333333333332
62575,2016-08-23 19:00:00-05,1.82195,88.55,0.14,6.95,2.09228,1,39.2419,1.5047700000000002,4.98935,1.1476666666666668
62586,2016-08-23 20:00:00-05,1.82225,86.04,0.06,6.31,-2.7153400000000003,1,-3.08228,-2.71599,2.455033333333333,1.0043833333333332
62597,2016-08-23 21:00:00-05,1.18095,83.21,0.07,6.0,-2.71585,1,-2.71539,-2.71676,2.066316666666667,0.76
62608,2016-08-23 22:00:00-05,1.13455,81.46,0.06,5.88,-2.71634,1,-2.7158900000000004,-2.4906900000000003,1.6610166666666668,0.6828666666666666
62619,2016-08-23 23:00:00-05,0.6236833333333331,79.74,0.05,6.32,-2.71678,1,-2.71631,-2.37764,1.4812,0.4959833333333332
62630,2016-08-24 00:00:00-05,0.8839166666666666,78.39,0.04,5.94,-2.71678,1,-2.71673,-2.46291,1.0274666666666668,0.5908333333333332
62641,2016-08-24 01:00:00-05,0.6384,77.11,0.06,5.4,-2.71723,1,-2.71678,-2.7177,1.0471666666666668,0.5439833333333332
62652,2016-08-24 02:00:00-05,0.6778833333333332,76.18,0.26,4.98,-2.71728,1,-2.71678,-2.7177,0.94625,0.5296166666666666
62663,2016-08-24 03:00:00-05,0.6259166666666666,75.62,0.43,5.17,-2.7176400000000003,1,-2.7170099999999997,-2.7177,0.6105166666666666,0.6579666666666666
62674,2016-08-24 04:00:00-05,0.38455,75.89,0.49,4.95,-2.7177,1,-2.7172400000000003,-2.7177700000000002,1.0768166666666668,0.4925666666666666
62685,2016-08-24 05:00:00-05,0.7725333333333331,75.63,0.6,5.68,-2.7177,1,-2.71725,-2.71812,0.7374666666666665,0.7710666666666666
62696,2016-08-24 06:00:00-05,1.0359833333333333,75.66,0.74,5.74,-2.37799,1,0.645346,-2.05552,0.9932333333333332,0.6822666666666666
62707,2016-08-24 07:00:00-05,0.6622166666666666,75.84,0.87,5.52,126.339,1,135.208,138.72799999999998,1.1675666666666669,0.88395
62718,2016-08-24 08:00:00-05,0.66125,76.62,0.84,5.79,353.18800000000005,1,244.986,367.25800000000004,1.2498,0.7198833333333332
62729,2016-08-24 09:00:00-05,0.7118166666666667,78.93,0.78,6.84,577.8530000000001,1,598.913,593.617,1.3743166666666669,0.8586666666666666
62740,2016-08-24 10:00:00-05,0.9280833333333331,81.62,0.64,7.4,771.63,1,262.82099999999997,230.291,1.3204166666666668,0.8462666666666666
62751,2016-08-24 11:00:00-05,1.4291,84.72,0.46,7.18,910.298,1,936.2339999999999,961.949,2.0859,1.279216666666667
62762,2016-08-24 12:00:00-05,1.4926666666666668,87.46,0.39,7.44,980.22,1,993.9780000000001,1063.27,2.097933333333333,0.9822333333333332
62773,2016-08-24 13:00:00-05,1.4092333333333331,89.44,0.52,7.72,980.9789999999999,1,1005.89,504.81699999999995,2.6012666666666666,1.0003333333333333
62784,2016-08-24 14:00:00-05,1.9601166666666667,90.94,0.22,7.7,908.6389999999999,1,951.6139999999999,526.694,2.78625,1.2652666666666668
62795,2016-08-24 15:00:00-05,2.0517333333333334,91.71,0.16,7.52,800.846,1,697.1339999999999,797.8489999999999,2.94655,1.2321
62806,2016-08-24 16:00:00-05,2.416666666666667,91.93,0.23,7.21,616.577,1,605.71,275.366,3.599533333333333,2.4104666666666668
62817,2016-08-24 17:00:00-05,2.28405,91.77,0.37,6.8,388.945,1,333.468,67.1775,2.974333333333333,4.00395
62828,2016-08-24 18:00:00-05,2.84315,90.67,0.28,6.15,159.148,1,187.09599999999998,74.6988,2.593716666666667,4.962033333333332
62839,2016-08-24 19:00:00-05,3.281483333333333,88.92,0.18,4.9,0.667221,1,39.807,9.43923,2.04835,2.028766666666667
62850,2016-08-24 20:00:00-05,1.807483333333333,85.97,0.1,4.21,-3.39415,1,-2.7148,-2.71637,1.67315,1.6807833333333333
62861,2016-08-24 21:00:00-05,1.4007333333333332,84.6,0.26,3.81,-2.89709,1,-2.71541,-2.71679,1.7282833333333332,1.3337666666666668
62872,2016-08-24 22:00:00-05,1.2451666666666668,82.94,0.31,4.43,-2.71674,1,-2.7158700000000002,-2.7168400000000004,1.758916666666667,1.0360833333333332
62883,2016-08-24 23:00:00-05,0.9294166666666664,81.04,0.1,4.97,-2.7168799999999997,1,-2.71632,-2.71723,1.0428333333333333,0.6393333333333332
62894,2016-08-25 00:00:00-05,0.8479666666666666,79.13,0.06,4.64,-2.7172400000000003,1,-2.71675,-2.7174400000000003,0.91215,0.586
62905,2016-08-25 01:00:00-05,0.5733666666666666,77.62,0.03,4.35,-2.79094,1,-2.71678,-2.70072,0.8447666666666666,0.5717166666666667
62916,2016-08-25 02:00:00-05,0.5561666666666666,76.64,0.16,3.79,-2.84226,1,-2.71679,-2.7177,0.6986666666666665,0.3724833333333333
62927,2016-08-25 03:00:00-05,0.5515333333333332,75.85,0.48,3.27,-2.7177,1,-2.71711,-2.7177,0.6285833333333332,0.3695
62938,2016-08-25 04:00:00-05,0.6009166666666667,75.02,0.59,3.16,-2.7519,1,-2.7172,-2.7177,0.6487333333333332,0.5518333333333332
62949,2016-08-25 05:00:00-05,0.8066333333333331,74.95,0.54,2.77,-3.2164900000000003,1,-2.71725,-2.71774,0.7037666666666667,0.5546
62960,2016-08-25 06:00:00-05,1.75655,74.56,0.44,2.87,-2.69588,1,2.34928,-1.1607100000000001,0.9790166666666664,0.7973166666666666
62971,2016-08-25 07:00:00-05,2.162783333333333,74.75,0.56,2.69,128.986,1,100.486,103.31299999999999,0.73915,0.82905
62982,2016-08-25 08:00:00-05,0.6513166666666667,75.9,0.54,2.66,359.499,1,338.843,406.37800000000004,1.0470333333333333,0.5276333333333332
62993,2016-08-25 09:00:00-05,0.8599666666666665,78.4,0.66,2.61,592.486,1,555.9,632.758,0.93725,0.62805
63004,2016-08-25 10:00:00-05,1.1255333333333333,81.38,0.59,2.77,773.3389999999999,1,659.328,367.57800000000003,1.52265,0.64605
63015,2016-08-25 11:00:00-05,1.5500166666666668,84.61,0.26,2.62,908.3860000000001,1,928.6010000000001,824.613,1.28345,0.6865
63026,2016-08-25 12:00:00-05,1.6788333333333332,87.36,0.11,2.57,986.685,1,1039.31,1014.47,1.3850833333333332,1.14725
63037,2016-08-25 13:00:00-05,1.5846333333333331,89.32,0.13,3.18,991.1139999999999,1,1063.9,210.66099999999997,1.715733333333333,2.1962333333333333
63048,2016-08-25 14:00:00-05,2.276283333333333,90.49,0.39,3.45,951.054,1,823.097,997.555,2.387116666666667,2.1303
63059,2016-08-25 15:00:00-05,2.588616666666667,91.44,0.37,3.22,853.825,1,897.9910000000001,958.9639999999999,2.0017,1.8776333333333333
63070,2016-08-25 16:00:00-05,2.3212,92.04,0.23,3.31,624.893,1,584.731,487.142,1.7656666666666667,1.537
63081,2016-08-25 17:00:00-05,2.334683333333333,90.01,0.13,4.37,437.60400000000004,1,348.725,464.39,1.6785,1.9797
63092,2016-08-25 18:00:00-05,2.1336,88.52,0.14,4.57,163.626,1,147.128,63.5851,1.7893166666666669,2.1292666666666666
63103,2016-08-25 19:00:00-05,2.9217,87.39,0.08,4.54,0.21490900000000002,1,13.0396,4.55774,1.5906333333333331,1.7717
63114,2016-08-25 20:00:00-05,2.221216666666667,85.41,0.06,4.29,-2.71539,1,-2.83403,-2.71536,1.4279333333333333,1.8541666666666667
63125,2016-08-25 21:00:00-05,1.6279666666666668,81.42,0.28,4.83,-2.7158599999999997,1,-2.7156,-2.71585,1.0011166666666664,1.7576666666666667
63136,2016-08-25 22:00:00-05,1.1756166666666668,80.1,0.38,3.7,-2.71644,1,-2.3763799999999997,-2.71636,0.8468166666666666,0.6787166666666666
63147,2016-08-25 23:00:00-05,0.8091666666666666,78.63,0.36,3.46,-2.71678,1,-2.71631,-2.71678,0.76025,0.7540833333333331
63158,2016-08-26 00:00:00-05,0.7674833333333331,78.02,0.63,3.59,-2.71692,1,-2.3768,-2.7168,0.9343666666666663,0.62895
63169,2016-08-26 01:00:00-05,0.8606666666666666,77.19,0.39,2.98,-2.7172400000000003,1,-2.71674,-2.71718,0.6422833333333332,0.55595
63180,2016-08-26 02:00:00-05,0.6447166666666666,76.25,0.28,2.44,-2.71725,1,-2.37719,-2.71725,0.5697,0.5411666666666666
63191,2016-08-26 03:00:00-05,0.7981833333333331,75.72,0.24,1.86,-2.7176400000000003,1,-2.41115,-2.71162,0.5654833333333332,0.38766666666666655
63202,2016-08-26 04:00:00-05,0.6947166666666666,75.26,0.24,1.43,-2.71204,1,-2.37719,-2.71768,0.5571166666666666,0.5285333333333332
63213,2016-08-26 05:00:00-05,0.9255,74.34,0.26,1.47,-2.42328,1,-2.6318900000000003,-2.7177,0.5529833333333332,0.8085666666666665
63224,2016-08-26 06:00:00-05,0.8421833333333331,73.92,0.56,1.15,-2.63278,1,8.439110000000001,-1.65893,0.6392833333333332,0.8818166666666666
63235,2016-08-26 07:00:00-05,0.8153333333333331,74.32,0.59,1.39,121.53200000000001,1,162.196,122.228,0.6878166666666666,0.5793833333333333
63246,2016-08-26 08:00:00-05,0.838,75.45,0.57,1.08,350.7,1,315.503,315.507,0.5588666666666666,0.44721666666666654
63257,2016-08-26 09:00:00-05,0.8182833333333331,78.17,0.46,0.78,680.4580000000001,1,465.57800000000003,550.504,0.53525,0.6572333333333332
63268,2016-08-26 10:00:00-05,1.0133333333333332,81.1,0.55,0.98,813.368,1,262.654,850.202,0.3937333333333333,0.8178833333333331
63279,2016-08-26 11:00:00-05,1.5402,83.8,0.61,0.82,979.7710000000001,1,511.704,611.452,0.7112833333333332,1.1096833333333331
63290,2016-08-26 12:00:00-05,1.5516666666666667,86.73,0.38,0.99,1063.64,1,865.2080000000001,1055.29,0.6977166666666667,1.5172333333333332
63301,2016-08-26 13:00:00-05,1.7807833333333332,88.82,0.33,2.08,1033.99,1,1176.46,1023.66,0.70825,1.5229
63312,2016-08-26 14:00:00-05,2.173033333333333,90.41,0.22,2.63,979.2289999999999,1,362.155,745.706,1.4869666666666668,1.7536
63323,2016-08-26 15:00:00-05,2.289016666666667,91.47,0.3,2.65,872.2080000000001,1,1022.9,549.0790000000001,1.6617166666666667,1.9716166666666668
63334,2016-08-26 16:00:00-05,2.2908166666666667,91.52,0.28,3.27,597.144,1,435.43300000000005,637.545,2.46905,1.8515166666666667
63345,2016-08-26 17:00:00-05,2.18145,90.09,0.28,6.03,431.711,1,298.832,416.856,1.6731,2.0431833333333334
63356,2016-08-26 18:00:00-05,2.048766666666667,86.21,0.22,6.05,149.463,1,80.0323,186.299,4.387433333333333,3.42575
63367,2016-08-26 19:00:00-05,1.3239666666666667,83.53,0.2,5.86,0.5712149999999999,1,32.585,1.08027,1.6108166666666668,3.7026166666666662
63378,2016-08-26 20:00:00-05,1.6838333333333333,81.08,0.32,5.08,-2.71542,1,-2.71483,-2.71569,1.0998166666666669,2.3545833333333333
63389,2016-08-26 21:00:00-05,1.03825,79.73,0.58,4.17,-2.71596,1,-3.06048,-2.71616,1.07735,1.4521166666666667
63400,2016-08-26 22:00:00-05,0.9183833333333332,77.8,0.55,4.47,-2.7166200000000003,1,-2.7158599999999997,-2.49018,1.04195,1.3781166666666669
63411,2016-08-26 23:00:00-05,0.5136833333333332,76.9,0.28,2.48,-2.71678,1,-2.7162900000000003,-2.37719,0.8521166666666666,0.9050666666666666
63422,2016-08-27 00:00:00-05,0.6730166666666666,77.31,0.36,2.51,-2.71717,0,-2.71675,-2.37719,0.6302333333333332,0.55555
63433,2016-08-27 01:00:00-05,0.5612333333333333,76.04,0.34,1.66,-2.71727,0,-2.7168200000000002,-2.37719,0.741533333333333,0.54945
63444,2016-08-27 02:00:00-05,0.5505333333333332,75.52,0.35,0.84,-2.71767,0,-2.71679,-2.71679,0.5622666666666666,0.5831333333333332
63455,2016-08-27 03:00:00-05,0.5242666666666665,74.89,0.31,0.42,-2.7177,0,-2.50181,-2.37745,0.5458166666666666,0.5510666666666666
63466,2016-08-27 04:00:00-05,0.3851,74.5,0.31,0.32,-2.71774,0,-2.56976,-2.45103,0.39516666666666656,0.5380166666666666
63477,2016-08-27 05:00:00-05,0.6755333333333332,73.93,0.3,0.24,-2.71778,0,-2.37719,-2.49644,0.4977333333333332,0.5603
63488,2016-08-27 06:00:00-05,0.5475166666666667,73.59,0.27,0.61,-2.71779,0,2.60359,4.08695,0.76035,0.7703166666666666
63499,2016-08-27 07:00:00-05,0.53905,73.66,0.24,0.64,54.9835,0,152.565,137.07,0.8814,1.1318666666666668
63510,2016-08-27 08:00:00-05,0.7968666666666666,74.69,0.31,0.6,347.015,0,208.953,314.559,0.5871833333333332,1.1467666666666667
63521,2016-08-27 09:00:00-05,0.9080833333333332,78.11,0.35,0.82,674.944,0,653.566,551.013,0.5663,1.23365
63532,2016-08-27 10:00:00-05,1.3997333333333333,81.96,0.26,1.48,805.529,0,710.444,718.472,0.8272833333333331,0.9207833333333332
63543,2016-08-27 11:00:00-05,1.1561666666666668,84.56,0.42,2.6,964.185,0,1029.99,742.508,1.229666666666667,0.93225
63554,2016-08-27 12:00:00-05,1.552,86.99,0.42,2.47,1021.27,0,944.3489999999999,849.262,1.6439833333333331,0.9253
63565,2016-08-27 13:00:00-05,1.9339333333333333,87.35,0.8,2.2,983.7819999999999,0,827.659,871.1030000000001,1.7767,0.7897
63576,2016-08-27 14:00:00-05,1.8544333333333332,89.51,0.34,2.62,995.675,0,1128.02,791.346,2.1062333333333334,1.63485
63587,2016-08-27 15:00:00-05,2.9298,90.46,0.38,3.14,813.762,0,283.30400000000003,506.38699999999994,2.3130333333333333,1.4204333333333332
63598,2016-08-27 16:00:00-05,2.268616666666667,90.21,0.44,3.79,178.975,0,345.26,422.66,1.6442,1.07845
63609,2016-08-27 17:00:00-05,2.309266666666667,89.58,0.3,4.09,411.3,0,101.54700000000001,221.25099999999998,1.7813,0.64275
63620,2016-08-27 18:00:00-05,2.51855,88.94,0.2,4.71,150.795,0,38.1501,112.796,1.73755,0.5666666666666667
63631,2016-08-27 19:00:00-05,2.572633333333333,87.53,0.18,4.21,-1.01779,0,7.046989999999999,2.6072599999999997,0.9922833333333332,0.5298
63642,2016-08-27 20:00:00-05,2.5292,85.37,0.2,3.63,-2.71529,0,-2.71536,-2.71543,1.0751,0.5453
63653,2016-08-27 21:00:00-05,1.8573333333333333,83.0,0.08,3.3,-2.71585,0,-2.71576,-2.71596,1.4943,0.6956
63664,2016-08-27 22:00:00-05,1.28975,81.0,0.12,3.5,-2.71069,0,-2.71623,-2.7164,1.6893166666666668,0.6537333333333332
63675,2016-08-27 23:00:00-05,1.0183,79.85,0.05,2.64,-2.71678,0,-2.71659,-2.71677,0.77995,0.40215
63686,2016-08-28 00:00:00-05,0.8075833333333331,78.07,0.29,2.88,-2.7168,0,-2.71678,-2.6771700000000003,0.5898166666666665,0.39251666666666657
63697,2016-08-28 01:00:00-05,0.7436833333333331,76.73,0.33,2.35,-2.7172400000000003,0,-2.64321,-2.47344,0.76345,0.5116833333333332
63708,2016-08-28 02:00:00-05,0.8299833333333331,75.57,0.53,2.26,-2.71742,0,-2.7168200000000002,-2.49609,0.5651833333333331,0.23425
63719,2016-08-28 03:00:00-05,0.6323666666666666,74.64,0.24,1.84,-2.7177,0,-2.71714,-2.3772599999999997,0.5467666666666666,0.4338
63730,2016-08-28 04:00:00-05,0.61085,73.83,0.22,1.41,-2.7177,0,-2.7172400000000003,-2.37737,0.3861833333333333,0.39716666666666656
63741,2016-08-28 05:00:00-05,0.5921333333333332,72.89,0.24,1.32,-2.7177,0,-2.71725,-2.4847900000000003,0.53955,0.4050833333333333
63752,2016-08-28 06:00:00-05,0.4188,72.48,0.26,1.69,-2.71781,0,2.37765,0.854657,0.7388166666666666,0.39931666666666654
63763,2016-08-28 07:00:00-05,0.6713833333333332,72.3,0.31,2.26,122.84700000000001,0,46.7848,59.7865,0.7187,0.37721666666666653
63774,2016-08-28 08:00:00-05,1.1478666666666668,73.88,0.29,2.96,342.523,0,378.89099999999996,219.301,0.6536666666666666,0.4699333333333332
63785,2016-08-28 09:00:00-05,0.8837,76.78,0.32,4.02,590.691,0,704.387,275.373,0.6125,1.1458833333333331
63796,2016-08-28 10:00:00-05,1.17505,79.57,0.25,3.89,826.169,0,802.423,583.9069999999999,0.79965,1.6081166666666669
63807,2016-08-28 11:00:00-05,1.2039333333333333,82.53,0.3,4.03,169.111,0,931.9639999999999,439.575,1.0329,0.9072666666666666
63818,2016-08-28 12:00:00-05,1.9606666666666668,83.39,0.43,4.68,1032.93,0,332.715,1006.76,1.5925333333333331,1.2474333333333332
63829,2016-08-28 13:00:00-05,1.8622166666666669,85.58,0.4,4.77,1095.28,0,338.13800000000003,316.482,1.6791333333333331,0.8988
63840,2016-08-28 14:00:00-05,1.7690666666666668,87.24,0.41,4.78,962.196,0,932.551,522.904,2.039433333333333,0.8760166666666666
63851,2016-08-28 15:00:00-05,2.3020666666666667,88.2,0.29,4.66,857.138,0,778.566,175.30599999999998,2.2290666666666668,1.0910333333333333
63862,2016-08-28 16:00:00-05,2.80105,88.8,0.41,5.39,669.513,0,611.11,91.8466,2.475716666666667,0.7965833333333331
63873,2016-08-28 17:00:00-05,2.68875,88.12,0.29,5.84,286.45099999999996,0,371.87800000000004,99.4562,2.653083333333333,0.5778
63884,2016-08-28 18:00:00-05,2.24045,87.22,0.42,5.95,131.871,0,66.2627,27.0388,2.6833,1.267116666666667
63895,2016-08-28 19:00:00-05,1.9416666666666669,84.78,0.31,6.27,-1.35146,0,28.9473,-1.01912,2.0815333333333332,1.3766333333333332
63906,2016-08-28 20:00:00-05,2.372816666666667,79.53,0.48,5.92,-2.7153099999999997,0,-2.71525,-1.69885,2.170716666666667,0.60755
63917,2016-08-28 21:00:00-05,1.4998833333333332,76.98,0.19,3.67,-2.71582,0,-2.71581,-1.69897,1.9240166666666667,0.9986166666666664
63928,2016-08-28 22:00:00-05,0.7946333333333331,75.91,0.19,2.49,-2.71628,0,-2.72188,-2.21983,1.487766666666667,0.5505166666666667
63939,2016-08-28 23:00:00-05,0.8653166666666666,75.45,0.14,2.35,-2.71677,0,-2.7167,-1.69861,0.6934,0.5553
63950,2016-08-29 00:00:00-05,0.7036,75.27,0.29,3.2,-2.71678,1,-2.72811,-2.37799,0.80925,0.4383833333333333
63961,2016-08-29 01:00:00-05,0.7437833333333331,74.71,0.37,2.99,-2.71714,1,-2.88663,-2.37799,0.8046833333333331,0.5372833333333332
63972,2016-08-29 02:00:00-05,0.4871666666666666,74.01,0.42,2.4,-2.37759,1,-2.79642,-2.17983,0.8019666666666666,0.53615
63983,2016-08-29 03:00:00-05,0.6158,73.51,0.37,2.56,-2.71725,1,-2.71738,-2.71771,0.60395,0.3919666666666666
63994,2016-08-29 04:00:00-05,0.6231666666666666,73.24,0.39,2.99,-2.71751,1,-2.7177,-2.71778,0.8156,0.37771666666666653
64005,2016-08-29 05:00:00-05,0.9576,72.95,0.66,3.09,-2.9215299999999997,1,-2.7177,-2.37833,1.0091666666666663,0.6285
64016,2016-08-29 06:00:00-05,0.8938666666666666,73.19,0.72,3.87,-2.63278,1,1.6702599999999999,-1.30792,0.6211,0.7259166666666665
64027,2016-08-29 07:00:00-05,0.6225333333333332,73.09,0.67,3.71,118.42399999999999,1,158.747,135.953,0.6291333333333332,0.6385833333333332
64038,2016-08-29 08:00:00-05,0.5467,74.09,0.47,5.1,207.16,1,411.74,307.092,0.8950333333333331,0.4892
64049,2016-08-29 09:00:00-05,0.5497,76.56,0.42,5.93,553.947,1,130.946,181.637,1.1282833333333333,0.5229666666666666
64060,2016-08-29 10:00:00-05,0.6062833333333332,78.58,0.39,6.33,777.32,1,872.365,882.658,1.09575,0.849383333333333
64071,2016-08-29 11:00:00-05,0.6370333333333332,80.68,0.38,6.62,741.453,1,549.144,339.14300000000003,1.5637666666666667,0.785833333333333
64082,2016-08-29 12:00:00-05,0.841233333333333,83.15,0.37,5.14,1063.36,1,1017.17,691.372,1.3268833333333332,1.0169333333333332
64093,2016-08-29 13:00:00-05,1.0787,85.35,0.37,5.4,1127.79,1,1055.83,1063.23,1.8882333333333332,1.4530666666666667
64104,2016-08-29 14:00:00-05,1.7512333333333332,87.31,0.25,6.3,989.822,1,326.868,911.7280000000001,1.7270666666666667,1.8740666666666668
64115,2016-08-29 15:00:00-05,1.6354833333333332,88.78,0.3,6.7,862.168,1,877.183,345.619,2.0782166666666666,1.5246333333333333
64126,2016-08-29 16:00:00-05,1.5710333333333333,88.38,0.43,6.99,656.617,1,707.423,638.499,2.3542,1.6978833333333332
64137,2016-08-29 17:00:00-05,2.262316666666667,87.95,0.33,6.26,263.569,1,464.462,419.44199999999995,2.883716666666667,2.10345
64148,2016-08-29 18:00:00-05,1.7264,85.21,0.38,6.48,145.832,1,228.53599999999997,163.066,2.654333333333333,2.2621333333333333
64159,2016-08-29 19:00:00-05,2.2381,78.31,0.5,5.78,-1.69629,1,29.1817,1.06882,2.733083333333333,2.1858833333333334
64170,2016-08-29 20:00:00-05,1.7278833333333332,75.94,0.39,4.03,-2.71537,1,-2.71504,-2.71538,2.263866666666667,2.52055
64181,2016-08-29 21:00:00-05,0.9610333333333332,75.17,0.33,3.69,-2.7160599999999997,1,-2.7157,-2.7158599999999997,1.5897333333333332,1.93715
64192,2016-08-29 22:00:00-05,0.8026333333333331,75.18,0.22,2.84,-2.7166200000000003,1,-2.71605,-2.71631,1.3928,1.3801
64203,2016-08-29 23:00:00-05,0.5560333333333332,74.19,0.36,3.22,-2.71678,1,-2.71654,-2.71675,1.0278,0.8858166666666666
64214,2016-08-30 00:00:00-05,0.5626333333333332,75.36,0.3,2.61,-2.70024,1,-2.71678,-2.7168200000000002,0.8832833333333331,0.70325
64225,2016-08-30 01:00:00-05,0.37145,74.74,0.26,2.69,-2.71725,1,-2.37722,-2.7170900000000002,0.8452666666666666,0.69465
64236,2016-08-30 02:00:00-05,0.36865,74.34,0.67,2.67,-2.7174099999999997,1,-2.71685,-2.71725,0.7755666666666666,0.6141666666666666
64247,2016-08-30 03:00:00-05,0.5201333333333332,74.42,0.58,3.06,-2.35534,1,-2.71716,-2.71765,0.6865333333333332,0.6763666666666666
64258,2016-08-30 04:00:00-05,0.3606666666666666,73.72,0.45,2.98,-2.37799,1,-2.71725,-2.7177,0.548,0.72885
64269,2016-08-30 05:00:00-05,0.4248833333333333,73.23,0.43,2.38,-2.5535099999999997,1,-2.62101,-2.7177,0.5445666666666666,1.0152166666666664
64280,2016-08-30 06:00:00-05,0.6744666666666665,73.11,0.49,2.86,-2.28174,1,0.5660930000000001,-1.78915,0.6877166666666666,0.9949333333333332
64291,2016-08-30 07:00:00-05,0.41091666666666654,73.42,0.62,2.86,24.5669,1,84.5737,119.375,0.91465,0.5895666666666666
64302,2016-08-30 08:00:00-05,0.3783,74.42,0.41,2.77,68.5597,1,218.618,346.477,0.81995,0.770733333333333
64313,2016-08-30 09:00:00-05,0.6414,76.96,0.37,4.71,111.19,1,245.53599999999997,394.288,1.5914,0.5534666666666666
64324,2016-08-30 10:00:00-05,0.6997166666666667,79.34,0.28,5.72,152.914,1,831.216,863.4730000000001,2.3806166666666666,1.0863333333333332
64335,2016-08-30 11:00:00-05,0.8441,82.47,0.23,4.67,983.3510000000001,1,963.074,743.58,2.8541,1.1798
64346,2016-08-30 12:00:00-05,1.3886833333333333,85.21,0.2,4.84,559.355,1,1024.05,1050.38,4.214016666666667,1.5739
64357,2016-08-30 13:00:00-05,1.8524,87.03,0.23,5.19,838.175,1,827.1060000000001,988.303,2.5093666666666667,1.2686166666666667
64368,2016-08-30 14:00:00-05,2.09965,88.24,0.34,5.37,216.899,1,899.3580000000001,981.513,2.7357666666666667,1.9925
64379,2016-08-30 15:00:00-05,2.1210666666666667,89.75,0.21,4.79,421.254,1,950.732,807.319,2.916433333333333,1.6163833333333333
64390,2016-08-30 16:00:00-05,2.282316666666667,90.15,0.25,4.38,266.056,1,681.8760000000001,623.596,2.877616666666667,2.2380666666666666
64401,2016-08-30 17:00:00-05,2.8004,89.11,0.39,5.51,257.76599999999996,1,455.04900000000004,319.133,3.3059166666666666,2.056033333333333
64412,2016-08-30 18:00:00-05,3.3972333333333333,88.66,0.34,3.45,47.3685,1,219.838,92.3674,3.1385,1.6832166666666668
64423,2016-08-30 19:00:00-05,2.33915,85.47,0.61,3.05,2.1791,1,26.2523,2.09228,2.85005,1.82195
64434,2016-08-30 20:00:00-05,1.3862,83.16,0.15,2.78,-2.60445,1,-2.7378,-2.7153400000000003,2.7434,1.82225
64445,2016-08-30 21:00:00-05,1.618083333333333,81.49,0.21,2.99,-2.37799,1,-2.8969,-2.71585,1.8334,1.18095
64456,2016-08-30 22:00:00-05,1.776,79.95,0.15,2.61,-2.42328,1,-2.7163,-2.71634,1.2324666666666668,1.13455
64467,2016-08-30 23:00:00-05,0.6526166666666666,78.78,0.29,1.72,-2.7177,1,-2.71677,-2.71678,1.063583333333333,0.6236833333333331
64478,2016-08-31 00:00:00-05,0.750583333333333,77.98,0.32,1.55,-2.37832,1,-2.71678,-2.71678,0.8385,0.8839166666666666
64489,2016-08-31 01:00:00-05,0.60955,76.97,0.13,0.95,-2.37839,1,-2.71694,-2.71723,0.7934,0.6384
64500,2016-08-31 02:00:00-05,0.6133333333333332,75.66,0.12,1.18,-2.37839,1,-2.7172400000000003,-2.71728,0.60385,0.6778833333333332
64511,2016-08-31 03:00:00-05,0.5782666666666666,74.93,0.14,2.25,-2.50897,1,-2.80782,-2.7176400000000003,0.7733,0.6259166666666666
64522,2016-08-31 04:00:00-05,0.54025,74.61,0.22,1.87,-2.3731299999999997,1,-2.87036,-2.7177,0.5832333333333332,0.38455
64533,2016-08-31 05:00:00-05,0.7596166666666666,74.06,0.29,2.01,-2.37879,1,-2.94418,-2.7177,0.9885333333333332,0.7725333333333331
64544,2016-08-31 06:00:00-05,2.1574,73.92,0.18,2.59,-2.37863,1,1.54569,-2.37799,0.866533333333333,1.0359833333333333
64555,2016-08-31 07:00:00-05,1.6283,73.64,0.25,2.46,43.7229,1,144.87,126.339,0.5355833333333332,0.6622166666666666
64566,2016-08-31 08:00:00-05,0.6587,75.28,0.13,2.02,170.285,1,372.108,353.18800000000005,0.5779833333333332,0.66125
64577,2016-08-31 09:00:00-05,0.66625,78.92,0.14,3.4,162.118,1,607.0219999999999,577.8530000000001,1.0269166666666667,0.7118166666666667
64588,2016-08-31 10:00:00-05,0.69565,83.42,0.09,4.24,695.54,1,787.448,771.63,0.9627833333333332,0.9280833333333331
64599,2016-08-31 11:00:00-05,1.5318,86.55,0.09,3.69,887.9639999999999,1,931.6439999999999,910.298,1.3325833333333332,1.4291
64610,2016-08-31 12:00:00-05,1.7750666666666668,89.23,0.21,3.55,587.46,1,978.949,980.22,1.5902,1.4926666666666668
64621,2016-08-31 13:00:00-05,1.70035,90.79,0.23,4.32,1113.69,1,1004.61,980.9789999999999,1.6183,1.4092333333333331
64632,2016-08-31 14:00:00-05,2.37135,91.65,0.22,5.82,272.089,1,942.9730000000001,908.6389999999999,2.3040833333333333,1.9601166666666667
64643,2016-08-31 15:00:00-05,2.5373,92.69,0.17,4.7,845.305,1,814.808,800.846,2.604616666666667,2.0517333333333334
64654,2016-08-31 16:00:00-05,2.728416666666667,93.16,0.07,5.37,698.288,1,661.7869999999999,616.577,2.294766666666667,2.416666666666667
64665,2016-08-31 17:00:00-05,3.400383333333333,92.19,0.19,4.84,150.953,1,441.07599999999996,388.945,3.202233333333333,2.28405
64676,2016-08-31 18:00:00-05,2.665716666666667,90.93,0.18,4.35,124.45200000000001,1,177.06799999999998,159.148,3.1041,2.84315
64687,2016-08-31 19:00:00-05,2.249033333333333,89.02,0.06,4.41,-1.6967599999999998,1,24.9178,0.667221,3.698433333333333,3.281483333333333
64698,2016-08-31 20:00:00-05,2.189716666666667,86.42,0.05,2.92,-2.7155400000000003,1,-2.7151,-3.39415,2.71535,1.807483333333333
64709,2016-08-31 21:00:00-05,1.6690333333333331,83.38,0.02,1.6,-2.71622,1,-2.73844,-2.89709,2.009666666666667,1.4007333333333332
64720,2016-08-31 22:00:00-05,0.88555,81.51,0.06,1.45,-2.76769,1,-2.71625,-2.71674,1.3196666666666668,1.2451666666666668
64731,2016-08-31 23:00:00-05,0.8560666666666666,80.04,0.28,1.06,-2.7168,1,-2.71663,-2.7168799999999997,1.0670666666666668,0.9294166666666664
64742,2016-09-01 00:00:00-05,0.8579666666666667,79.22,0.19,1.39,-2.7172400000000003,1,-2.71678,-2.7172400000000003,1.07885,0.8479666666666666
64753,2016-09-01 01:00:00-05,0.8312166666666666,78.23,0.16,0.9,-2.71725,1,-2.71679,-2.79094,1.0537333333333332,0.5733666666666666
64764,2016-09-01 02:00:00-05,0.6043333333333332,76.94,0.21,0.82,-2.71725,1,-2.71711,-2.84226,1.02255,0.5561666666666666
64775,2016-09-01 03:00:00-05,0.65835,76.4,0.2,0.93,-2.7177,1,-2.71725,-2.7177,0.97505,0.5515333333333332
64786,2016-09-01 04:00:00-05,0.789,75.88,0.22,1.16,-2.7177,1,-2.7175599999999998,-2.7519,1.0360333333333331,0.6009166666666667
64797,2016-09-01 05:00:00-05,0.8950333333333331,75.15,0.23,2.0,-2.7178400000000003,1,-2.7177,-3.2164900000000003,1.0669333333333333,0.8066333333333331
64808,2016-09-01 06:00:00-05,1.0051,74.36,0.25,2.26,-2.7181599999999997,1,1.44944,-2.69588,1.2310666666666668,1.75655
64819,2016-09-01 07:00:00-05,0.5785166666666666,74.6,0.22,2.57,112.92,1,150.342,128.986,0.5788666666666666,2.162783333333333
64830,2016-09-01 08:00:00-05,0.5501166666666666,76.29,0.22,2.97,334.782,1,377.347,359.499,0.7519166666666666,0.6513166666666667
64841,2016-09-01 09:00:00-05,0.8012333333333331,80.14,0.2,3.22,560.2909999999999,1,594.4540000000001,592.486,0.7998333333333331,0.8599666666666665
64852,2016-09-01 10:00:00-05,1.31575,83.75,0.19,3.02,758.835,1,775.063,773.3389999999999,1.2705666666666668,1.1255333333333333
64863,2016-09-01 11:00:00-05,1.22725,87.13,0.15,2.79,902.0419999999999,1,906.6060000000001,908.3860000000001,1.362766666666667,1.5500166666666668
64874,2016-09-01 12:00:00-05,2.07495,89.59,0.36,4.21,1054.43,1,1022.07,986.685,1.4167833333333333,1.6788333333333332
64885,2016-09-01 13:00:00-05,3.3821,91.01,0.2,4.1,1068.01,1,1087.59,991.1139999999999,1.4734833333333333,1.5846333333333331
64896,2016-09-01 14:00:00-05,2.677216666666667,92.46,0.22,2.97,460.034,1,958.422,951.054,2.0308,2.276283333333333
64907,2016-09-01 15:00:00-05,2.7022833333333334,92.69,0.22,4.71,364.16900000000004,1,931.7189999999999,853.825,2.03325,2.588616666666667
64918,2016-09-01 16:00:00-05,2.5224333333333333,92.74,0.29,4.76,159.875,1,698.43,624.893,2.398133333333333,2.3212
64929,2016-09-01 17:00:00-05,2.91785,91.66,0.5,3.88,321.882,1,132.975,437.60400000000004,2.394766666666667,2.334683333333333
64940,2016-09-01 18:00:00-05,2.2491833333333333,89.58,0.35,3.67,111.37700000000001,1,77.0,163.626,2.671933333333333,2.1336
64951,2016-09-01 19:00:00-05,1.8347833333333332,87.59,0.39,3.35,-1.6966700000000001,1,23.4659,0.21490900000000002,2.7049333333333334,2.9217
64962,2016-09-01 20:00:00-05,2.181483333333333,84.49,0.59,3.18,-2.71539,1,-2.86198,-2.71539,2.325733333333333,2.221216666666667
64973,2016-09-01 21:00:00-05,1.88155,82.83,0.27,3.74,-2.71585,1,-2.7325,-2.7158599999999997,1.6552666666666669,1.6279666666666668
64984,2016-09-01 22:00:00-05,0.9671833333333332,81.23,0.17,4.13,-2.71627,1,-2.83469,-2.71644,1.4199833333333332,1.1756166666666668
64995,2016-09-01 23:00:00-05,0.9547333333333332,79.94,0.14,5.15,-2.7166799999999998,1,-2.7333,-2.71678,1.2502,0.8091666666666666
65006,2016-09-02 00:00:00-05,0.6580833333333332,78.56,0.27,3.6,-2.7168099999999997,1,-2.71678,-2.71692,0.9682666666666664,0.7674833333333331
65017,2016-09-02 01:00:00-05,0.7931,76.89,0.2,2.36,-2.71698,1,-2.71679,-2.7172400000000003,0.891,0.8606666666666666
65028,2016-09-02 02:00:00-05,0.8446333333333331,75.98,0.24,2.55,-2.7172400000000003,1,-2.71722,-2.71725,0.60975,0.6447166666666666
65039,2016-09-02 03:00:00-05,0.6904666666666666,75.6,0.18,3.13,-2.71725,1,-2.71725,-2.7176400000000003,0.7944666666666667,0.7981833333333331
65050,2016-09-02 04:00:00-05,0.5696666666666667,74.75,0.13,4.21,-2.71767,1,-2.71762,-2.71204,0.7844333333333331,0.6947166666666666
65061,2016-09-02 05:00:00-05,0.98845,74.24,0.16,2.89,-2.54218,1,-2.7177,-2.42328,1.0259166666666668,0.9255
65072,2016-09-02 06:00:00-05,0.9122,73.86,0.19,3.16,-2.79697,1,1.47775,-2.63278,0.9168,0.8421833333333331
65083,2016-09-02 07:00:00-05,0.7734333333333331,73.32,0.25,3.38,103.545,1,138.783,121.53200000000001,0.728,0.8153333333333331
65094,2016-09-02 08:00:00-05,0.6899333333333332,74.21,0.29,2.83,319.759,1,372.224,350.7,0.7129833333333332,0.838
65105,2016-09-02 09:00:00-05,0.7098666666666666,76.41,0.55,3.99,545.878,1,677.1289999999999,680.4580000000001,1.2725,0.8182833333333331
65116,2016-09-02 10:00:00-05,0.93805,79.21,0.55,4.4,735.873,1,571.591,813.368,0.9709333333333332,1.0133333333333332
65127,2016-09-02 11:00:00-05,1.3834666666666668,81.58,0.52,3.2,923.16,1,452.88800000000003,979.7710000000001,1.5560166666666668,1.5402
65138,2016-09-02 12:00:00-05,1.911166666666667,84.69,0.51,2.98,1048.23,1,1119.84,1063.64,1.8223666666666667,1.5516666666666667
65149,2016-09-02 13:00:00-05,1.9289833333333333,86.96,0.38,2.26,541.879,1,305.841,1033.99,1.6799666666666668,1.7807833333333332
65160,2016-09-02 14:00:00-05,2.28975,88.4,0.35,3.43,833.832,1,1032.2,979.2289999999999,2.330283333333333,2.173033333333333
65171,2016-09-02 15:00:00-05,2.145966666666667,89.14,0.26,4.05,843.159,1,281.649,872.2080000000001,2.1523166666666667,2.289016666666667
65182,2016-09-02 16:00:00-05,2.4265,88.83,0.35,4.06,437.173,1,663.867,597.144,2.74435,2.2908166666666667
65193,2016-09-02 17:00:00-05,2.272816666666667,88.58,0.23,5.14,351.599,1,444.65,431.711,3.17035,2.18145
65204,2016-09-02 18:00:00-05,2.0023166666666667,86.97,0.21,4.84,116.35600000000001,1,208.21400000000003,149.463,3.9644166666666663,2.048766666666667
65215,2016-09-02 19:00:00-05,1.8194666666666668,84.18,0.34,3.19,-2.37478,1,21.8681,0.5712149999999999,4.609116666666666,1.3239666666666667
65226,2016-09-02 20:00:00-05,1.5302833333333332,81.05,0.19,2.76,-2.75475,1,-2.71473,-2.71542,2.873966666666667,1.6838333333333333
65237,2016-09-02 21:00:00-05,1.1985666666666668,78.78,0.05,1.2,-2.74402,1,-2.7154,-2.71596,1.84965,1.03825
65248,2016-09-02 22:00:00-05,0.9329333333333332,77.54,0.05,0.91,-2.7217700000000002,1,-2.71596,-2.7166200000000003,1.75165,0.9183833333333332
65259,2016-09-02 23:00:00-05,0.8103833333333331,76.72,0.03,0.8,-2.7166200000000003,1,-2.86358,-2.71678,1.4351333333333331,0.5136833333333332
65270,2016-09-03 00:00:00-05,0.9946333333333331,76.96,0.16,1.75,-2.71678,0,-2.83564,-2.71717,0.9774833333333331,0.6730166666666666
65281,2016-09-03 01:00:00-05,0.7699833333333331,76.26,0.03,1.2,-2.7168200000000002,0,-2.84708,-2.71727,0.89875,0.5612333333333333
65292,2016-09-03 02:00:00-05,0.7377333333333332,75.41,0.12,1.26,-2.71722,0,-2.72856,-2.71767,0.9107833333333332,0.5505333333333332
65303,2016-09-03 03:00:00-05,0.7205833333333332,74.74,0.09,0.66,-2.37761,0,-2.71731,-2.7177,0.9686666666666665,0.5242666666666665
65314,2016-09-03 04:00:00-05,0.73145,74.33,0.16,1.1,-2.63263,0,-2.71767,-2.71774,0.9586166666666665,0.3851
65325,2016-09-03 05:00:00-05,0.6179166666666666,73.64,0.29,1.48,-2.7177,0,-2.7177,-2.71778,1.0813833333333331,0.6755333333333332
65336,2016-09-03 06:00:00-05,0.6200166666666665,73.26,0.27,1.17,-2.7177,0,1.05877,-2.71779,1.30895,0.5475166666666667
65347,2016-09-03 07:00:00-05,0.7524166666666666,73.68,0.34,1.09,87.7365,0,146.57399999999998,54.9835,1.3471333333333333,0.53905
65358,2016-09-03 08:00:00-05,0.91065,74.61,0.33,1.68,310.60200000000003,0,370.536,347.015,1.485,0.7968666666666666
65369,2016-09-03 09:00:00-05,1.277016666666667,78.37,0.34,3.15,543.576,0,195.41099999999997,674.944,1.6029833333333332,0.9080833333333332
65380,2016-09-03 10:00:00-05,1.47525,81.74,0.26,3.75,366.904,0,327.29,805.529,1.5104333333333333,1.3997333333333333
65391,2016-09-03 11:00:00-05,1.4602,84.73,0.15,3.43,925.1669999999999,0,1070.23,964.185,1.9749333333333332,1.1561666666666668
65402,2016-09-03 12:00:00-05,1.6964666666666668,87.1,0.26,3.02,249.47400000000002,0,241.676,1021.27,2.7470833333333333,1.552
65413,2016-09-03 13:00:00-05,2.534416666666667,88.44,0.22,2.37,572.236,0,1039.77,983.7819999999999,3.1415,1.9339333333333333
65424,2016-09-03 14:00:00-05,2.524383333333333,90.04,0.26,2.83,201.59099999999998,0,968.388,995.675,2.6046666666666667,1.8544333333333332
65435,2016-09-03 15:00:00-05,5.355716666666666,89.87,0.42,3.61,20.7388,0,307.957,813.762,2.363866666666667,2.9298
65446,2016-09-03 16:00:00-05,2.785616666666667,89.49,0.23,4.05,23.2562,0,741.576,178.975,2.971616666666667,2.268616666666667
65457,2016-09-03 17:00:00-05,2.6519833333333334,90.09,0.13,4.5,80.3465,0,366.27099999999996,411.3,3.1073166666666667,2.309266666666667
65468,2016-09-03 18:00:00-05,2.251466666666667,88.62,0.19,5.26,35.485,0,228.588,150.795,2.5092,2.51855
65479,2016-09-03 19:00:00-05,2.005266666666667,85.7,0.23,5.73,0.956774,0,15.8911,-1.01779,2.836816666666667,2.572633333333333
65490,2016-09-03 20:00:00-05,2.029383333333333,81.85,0.38,4.23,-1.97003,0,-2.71462,-2.71529,4.231566666666667,2.5292
65501,2016-09-03 21:00:00-05,1.1917,80.35,0.17,3.53,-2.61578,0,-2.71536,-2.71585,2.1321,1.8573333333333333
65512,2016-09-03 22:00:00-05,0.9907833333333332,79.53,0.19,3.58,-1.85143,0,-2.71585,-2.71069,1.8558333333333332,1.28975
65523,2016-09-03 23:00:00-05,0.7379,77.81,0.11,2.45,-2.3782400000000004,0,-2.71631,-2.71678,1.1536666666666668,1.0183
65534,2016-09-04 00:00:00-05,0.781,78.23,0.08,3.61,-2.71806,0,-2.7337599999999997,-2.7168,1.2377,0.8075833333333331
65545,2016-09-04 01:00:00-05,0.6187333333333332,77.04,0.1,3.25,-2.62755,0,-2.71678,-2.7172400000000003,0.9703333333333332,0.7436833333333331
65556,2016-09-04 02:00:00-05,0.73775,76.5,0.13,2.8,-2.69551,0,-2.71699,-2.71742,0.6752,0.8299833333333331
65567,2016-09-04 03:00:00-05,0.5551,75.96,0.38,2.09,-2.7181599999999997,0,-2.7172400000000003,-2.7177,0.8267333333333331,0.6323666666666666
65578,2016-09-04 04:00:00-05,0.5565666666666667,75.67,0.34,1.9,-2.55416,0,-2.71725,-2.7177,0.93325,0.61085
65589,2016-09-04 05:00:00-05,0.6440833333333332,74.89,0.38,1.72,-2.67331,0,-2.7174099999999997,-2.7177,1.1468833333333333,0.5921333333333332
65600,2016-09-04 06:00:00-05,0.6300333333333332,74.52,0.43,1.15,-2.3957900000000003,0,0.07359199999999999,-2.71781,0.8364166666666666,0.4188
65611,2016-09-04 07:00:00-05,0.8031666666666666,74.24,0.34,1.47,111.59100000000001,0,141.673,122.84700000000001,0.7755333333333331,0.6713833333333332
65622,2016-09-04 08:00:00-05,0.7463333333333331,75.74,0.35,2.61,334.135,0,366.23,342.523,1.00565,1.1478666666666668
65633,2016-09-04 09:00:00-05,0.8169833333333331,78.54,0.3,3.69,564.76,0,655.349,590.691,1.01925,0.8837
65644,2016-09-04 10:00:00-05,1.6298,81.81,0.29,5.32,748.492,0,667.3789999999999,826.169,0.9831666666666664,1.17505
65655,2016-09-04 11:00:00-05,1.58445,84.12,0.31,5.39,874.7760000000001,0,948.633,169.111,1.3797666666666668,1.2039333333333333
65666,2016-09-04 12:00:00-05,1.5591833333333331,86.86,0.35,4.79,1063.32,0,523.189,1032.93,1.71445,1.9606666666666668
65677,2016-09-04 13:00:00-05,1.9005166666666669,88.6,0.27,4.72,140.67,0,1072.91,1095.28,1.9287,1.8622166666666669
65688,2016-09-04 14:00:00-05,1.7297333333333331,90.34,0.39,4.21,166.345,0,987.8960000000001,962.196,1.8404666666666667,1.7690666666666668
65699,2016-09-04 15:00:00-05,2.3187333333333333,91.43,0.26,4.85,479.577,0,911.06,857.138,2.14765,2.3020666666666667
65710,2016-09-04 16:00:00-05,2.4031833333333332,91.62,0.26,5.16,494.82300000000004,0,629.118,669.513,2.577566666666667,2.80105
65721,2016-09-04 17:00:00-05,1.9146833333333333,90.93,0.32,4.83,332.53,0,423.45300000000003,286.45099999999996,2.54045,2.68875
65732,2016-09-04 18:00:00-05,1.9625,89.32,0.36,6.41,60.0467,0,197.03599999999997,131.871,2.2625,2.24045
65743,2016-09-04 19:00:00-05,1.30825,85.01,0.51,6.56,-1.82838,0,19.1603,-1.35146,2.28685,1.9416666666666669
65754,2016-09-04 20:00:00-05,1.0632833333333331,82.83,0.44,5.82,-2.5365,0,-2.71482,-2.7153099999999997,3.0208,2.372816666666667
65765,2016-09-04 21:00:00-05,1.1555666666666669,80.19,0.32,4.25,-2.5535099999999997,0,-2.71543,-2.71582,2.3676166666666667,1.4998833333333332
65776,2016-09-04 22:00:00-05,1.378083333333333,77.76,0.21,2.89,-2.41778,0,-2.7158700000000002,-2.71628,3.80265,0.7946333333333331
65787,2016-09-04 23:00:00-05,1.2110166666666669,76.7,0.23,3.42,-2.37837,0,-2.71628,-2.71677,1.3504666666666667,0.8653166666666666
65798,2016-09-05 00:00:00-05,0.7649666666666666,76.58,0.22,3.88,-2.37839,1,-2.7164200000000003,-2.71678,1.1442166666666669,0.7036
65809,2016-09-05 01:00:00-05,0.5793,75.74,0.22,4.33,-2.5822599999999998,1,-2.71678,-2.71714,0.8784333333333331,0.7437833333333331
65820,2016-09-05 02:00:00-05,0.7376,74.83,0.24,3.8,-2.5709299999999997,1,-2.7168099999999997,-2.37759,0.8694,0.4871666666666666
65831,2016-09-05 03:00:00-05,0.5434333333333332,74.38,0.28,3.51,-2.47475,1,-2.7168400000000004,-2.71725,0.7845166666666666,0.6158
65842,2016-09-05 04:00:00-05,0.3795833333333333,73.91,0.36,3.11,-2.57695,1,-2.7170900000000002,-2.71751,0.66465,0.6231666666666666
65853,2016-09-05 05:00:00-05,0.5255,73.71,0.69,3.22,-2.65066,1,-2.7172400000000003,-2.9215299999999997,0.7909166666666666,0.9576
65864,2016-09-05 06:00:00-05,0.3700333333333333,73.82,0.76,3.15,-2.32782,1,0.06792999999999999,-2.63278,0.6947166666666666,0.8938666666666666
65875,2016-09-05 07:00:00-05,1.4225833333333333,74.3,0.8,2.95,121.678,1,135.118,118.42399999999999,1.8491833333333332,0.6225333333333332
65886,2016-09-05 08:00:00-05,0.8975666666666666,75.41,0.79,3.4,480.348,1,374.847,207.16,1.05695,0.5467
65897,2016-09-05 09:00:00-05,1.2889166666666667,77.72,0.72,5.03,634.489,1,741.922,553.947,1.3426166666666668,0.5497
65908,2016-09-05 10:00:00-05,1.4384666666666668,80.39,0.53,6.06,313.394,1,867.6510000000001,777.32,1.1629,0.6062833333333332
65919,2016-09-05 11:00:00-05,3.9436,82.98,0.59,7.02,964.9739999999999,1,988.8760000000001,741.453,1.2050666666666667,0.6370333333333332
65930,2016-09-05 12:00:00-05,1.6481666666666668,85.21,0.47,7.68,459.306,1,658.1010000000001,1063.36,1.6965333333333332,0.841233333333333
65941,2016-09-05 13:00:00-05,1.6024666666666667,87.67,0.38,7.54,1087.18,1,1068.23,1127.79,2.08085,1.0787
65952,2016-09-05 14:00:00-05,1.7571666666666668,89.14,0.47,7.71,935.852,1,995.716,989.822,2.0738166666666666,1.7512333333333332
65963,2016-09-05 15:00:00-05,1.8160166666666668,88.91,0.55,7.33,872.822,1,769.117,862.168,2.3036166666666666,1.6354833333333332
65974,2016-09-05 16:00:00-05,1.5565666666666669,86.25,0.47,6.54,368.284,1,714.569,656.617,3.17225,1.5710333333333333
65985,2016-09-05 17:00:00-05,1.0599666666666667,86.05,0.32,6.36,460.704,1,277.629,263.569,3.28165,2.262316666666667
65996,2016-09-05 18:00:00-05,1.18765,84.8,0.27,6.61,41.0665,1,204.27700000000002,145.832,3.6585666666666663,1.7264
66007,2016-09-05 19:00:00-05,1.9533833333333332,83.34,0.19,5.72,-2.37593,1,17.51,-1.69629,3.739083333333333,2.2381
66018,2016-09-05 20:00:00-05,1.376083333333333,81.98,0.19,4.75,-2.7158599999999997,1,-2.71475,-2.71537,2.740133333333333,1.7278833333333332
66029,2016-09-05 21:00:00-05,1.1651833333333332,80.83,0.16,4.68,-2.6485,1,-2.71538,-2.7160599999999997,2.1289333333333333,0.9610333333333332
66040,2016-09-05 22:00:00-05,0.6857333333333332,79.76,0.07,5.52,-2.71678,1,-2.71584,-2.7166200000000003,1.7625666666666668,0.8026333333333331
66051,2016-09-05 23:00:00-05,0.6962,78.55,0.07,5.95,-2.37725,1,-2.7159299999999997,-2.71678,1.3468166666666668,0.5560333333333332
66062,2016-09-06 00:00:00-05,0.7899666666666666,78.37,0.22,6.02,-2.64364,1,-2.71632,-2.70024,1.0236166666666668,0.5626333333333332
66073,2016-09-06 01:00:00-05,0.5804,77.36,0.16,6.06,-2.70592,1,-2.7165,-2.71725,1.04425,0.37145
66084,2016-09-06 02:00:00-05,0.5501333333333333,76.68,0.36,5.63,-2.65497,1,-2.71678,-2.7174099999999997,1.13705,0.36865
66095,2016-09-06 03:00:00-05,0.6212333333333332,76.47,0.61,4.44,-2.42892,1,-2.71678,-2.35534,0.9010333333333332,0.5201333333333332
66106,2016-09-06 04:00:00-05,0.6046833333333332,76.45,0.77,3.99,-2.58748,1,-2.7168,-2.37799,0.8440833333333331,0.3606666666666666
66117,2016-09-06 05:00:00-05,0.7508333333333331,75.73,0.77,3.97,-2.55917,1,-2.71712,-2.5535099999999997,0.6831666666666666,0.4248833333333333
66128,2016-09-06 06:00:00-05,0.9944833333333332,75.86,0.71,3.36,-2.45159,1,-0.503822,-2.28174,0.9005833333333331,0.6744666666666665
66139,2016-09-06 07:00:00-05,0.5857833333333332,76.07,0.76,3.28,103.884,1,159.181,24.5669,0.7975166666666667,0.41091666666666654
66150,2016-09-06 08:00:00-05,0.50705,77.05,0.74,3.58,308.0,1,366.918,68.5597,1.8292333333333333,0.3783
66161,2016-09-06 09:00:00-05,0.5318333333333332,78.92,0.67,5.53,569.523,1,170.905,111.19,1.97395,0.6414
66172,2016-09-06 10:00:00-05,0.75685,81.03,0.65,6.35,284.508,1,935.79,152.914,2.2291166666666666,0.6997166666666667
66183,2016-09-06 11:00:00-05,1.0028333333333332,83.48,0.64,6.89,897.262,1,657.898,983.3510000000001,2.348333333333333,0.8441
66194,2016-09-06 12:00:00-05,1.152016666666667,86.93,0.55,7.04,221.753,1,706.622,559.355,2.644133333333333,1.3886833333333333
66205,2016-09-06 13:00:00-05,1.835,88.58,0.62,6.63,968.924,1,221.11599999999999,838.175,2.6424166666666666,1.8524
66216,2016-09-06 14:00:00-05,1.72535,90.48,0.69,7.49,972.935,1,1078.57,216.899,2.833416666666667,2.09965
66227,2016-09-06 15:00:00-05,1.75585,89.74,0.41,7.53,780.087,1,833.03,421.254,3.1002666666666667,2.1210666666666667
66238,2016-09-06 16:00:00-05,1.8662,89.77,0.24,7.66,578.621,1,167.46400000000003,266.056,3.1594,2.282316666666667
66249,2016-09-06 17:00:00-05,1.9250833333333333,88.1,0.09,5.59,332.181,1,414.977,257.76599999999996,2.9175666666666666,2.8004
66260,2016-09-06 18:00:00-05,1.3087666666666669,87.89,0.1,6.07,113.209,1,197.204,47.3685,2.794583333333333,3.3972333333333333
66271,2016-09-06 19:00:00-05,1.6884,86.06,0.12,5.63,-2.71568,1,16.3681,2.1791,2.6068,2.33915
66282,2016-09-06 20:00:00-05,1.4655,82.17,0.06,5.19,-2.71644,1,-2.7148,-2.60445,2.7995,1.3862
66293,2016-09-06 21:00:00-05,0.8021166666666666,80.65,0.32,4.57,-2.7169,1,-2.72106,-2.37799,2.3309333333333333,1.618083333333333
66304,2016-09-06 22:00:00-05,0.77385,80.5,0.46,4.97,-2.55318,1,-2.72152,-2.42328,1.806366666666667,1.776
66315,2016-09-06 23:00:00-05,0.9206166666666666,79.48,0.18,4.93,-2.5422700000000003,1,-2.7162900000000003,-2.7177,1.7082666666666668,0.6526166666666666
66326,2016-09-07 00:00:00-05,0.6789833333333332,79.04,0.15,5.89,-2.7178299999999997,1,-2.7166099999999997,-2.37832,1.186316666666667,0.750583333333333
66337,2016-09-07 01:00:00-05,0.7485166666666666,78.31,0.38,5.53,-2.7178299999999997,1,-2.71678,-2.37839,0.9743166666666664,0.60955
66348,2016-09-07 02:00:00-05,0.5702833333333333,78.17,0.65,4.99,-2.71806,1,-2.7168400000000004,-2.37839,1.0753333333333333,0.6133333333333332
66359,2016-09-07 03:00:00-05,0.5864833333333332,77.95,0.65,4.85,-2.71828,1,-2.71679,-2.50897,0.9621166666666664,0.5782666666666666
66370,2016-09-07 04:00:00-05,0.7070666666666666,77.85,0.68,4.86,-2.7183599999999997,1,-2.72258,-2.3731299999999997,0.9397333333333332,0.54025
66381,2016-09-07 05:00:00-05,0.7993666666666666,77.51,0.77,4.67,-2.71873,1,-2.7172400000000003,-2.37879,0.9509166666666664,0.7596166666666666
66392,2016-09-07 06:00:00-05,0.8640166666666667,77.28,0.72,3.79,-2.71875,1,0.317012,-2.37863,1.0908666666666669,2.1574
66403,2016-09-07 07:00:00-05,0.7160833333333332,77.38,0.75,3.15,89.8262,1,147.263,43.7229,1.25375,1.6283
66414,2016-09-07 08:00:00-05,0.56185,78.16,0.78,3.54,316.48400000000004,1,195.747,170.285,0.83615,0.6587
66425,2016-09-07 09:00:00-05,0.8173,80.73,0.58,5.93,565.784,1,702.1289999999999,162.118,1.04755,0.66625
66436,2016-09-07 10:00:00-05,1.1250833333333332,82.72,0.49,7.32,761.73,1,786.81,695.54,1.1151333333333333,0.69565
66447,2016-09-07 11:00:00-05,1.1061,85.11,0.36,7.6,905.538,1,954.087,887.9639999999999,1.7403833333333332,1.5318
66458,2016-09-07 12:00:00-05,1.4629833333333333,87.39,0.23,7.91,922.326,1,995.6569999999999,587.46,1.7943666666666669,1.7750666666666668
66469,2016-09-07 13:00:00-05,1.665266666666667,89.95,0.21,7.45,949.02,1,1026.67,1113.69,1.7552833333333333,1.70035
66480,2016-09-07 14:00:00-05,2.2046333333333332,91.68,0.22,7.03,891.025,1,272.888,272.089,2.29955,2.37135
66491,2016-09-07 15:00:00-05,2.21315,92.05,0.33,6.45,281.48,1,920.8589999999999,845.305,2.5117166666666666,2.5373
66502,2016-09-07 16:00:00-05,2.2453,93.52,0.31,7.03,553.398,1,660.565,698.288,2.8987833333333333,2.728416666666667
66513,2016-09-07 17:00:00-05,2.720616666666667,92.62,0.3,6.06,329.749,1,415.024,150.953,3.173783333333333,3.400383333333333
66524,2016-09-07 18:00:00-05,2.7203166666666667,91.61,0.14,6.05,104.86200000000001,1,69.46300000000001,124.45200000000001,2.8528,2.665716666666667
66535,2016-09-07 19:00:00-05,2.80645,89.32,0.02,4.72,-2.7157,1,15.8961,-1.6967599999999998,2.60805,2.249033333333333
66546,2016-09-07 20:00:00-05,4.927666666666666,86.7,0.14,4.87,-2.73928,1,-2.7370799999999997,-2.7155400000000003,2.257166666666667,2.189716666666667
66557,2016-09-07 21:00:00-05,2.084566666666667,85.15,0.32,5.35,-2.71729,1,-2.71536,-2.71622,1.8642166666666669,1.6690333333333331
66568,2016-09-07 22:00:00-05,1.2145333333333332,83.04,0.29,5.62,-2.71781,1,-2.71584,-2.76769,1.5050333333333332,0.88555
66579,2016-09-07 23:00:00-05,1.0661666666666667,81.58,0.02,5.84,-2.7180400000000002,1,-2.75584,-2.7168,1.5823,0.8560666666666666
66590,2016-09-08 00:00:00-05,0.9627,80.49,0.02,4.95,-2.71828,1,-2.7164599999999997,-2.7172400000000003,1.0853,0.8579666666666667
66601,2016-09-08 01:00:00-05,0.9506666666666664,79.19,0.05,5.05,-2.7185,1,-2.71678,-2.71725,0.9809166666666664,0.8312166666666666
66612,2016-09-08 02:00:00-05,0.80365,78.14,0.43,5.23,-2.7187200000000002,1,-2.71678,-2.71725,0.882633333333333,0.6043333333333332
66623,2016-09-08 03:00:00-05,0.739,77.32,0.69,4.88,-2.71875,1,-2.7168200000000002,-2.7177,0.8751833333333331,0.65835
66634,2016-09-08 04:00:00-05,0.6036666666666666,77.32,0.76,5.4,-2.71875,1,-2.7168400000000004,-2.7177,0.8765,0.789
66645,2016-09-08 05:00:00-05,0.9511666666666664,76.79,0.7,5.47,-2.71875,1,-2.47907,-2.7178400000000003,1.1384666666666667,0.8950333333333331
66656,2016-09-08 06:00:00-05,0.95385,76.19,0.75,5.15,-2.71882,1,-0.46411800000000003,-2.7181599999999997,0.9381,1.0051
66667,2016-09-08 07:00:00-05,0.6282666666666666,76.26,0.81,4.55,94.4316,1,129.796,112.92,1.3818166666666667,0.5785166666666666
66678,2016-09-08 08:00:00-05,0.6586,76.92,0.74,4.72,315.035,1,332.324,334.782,1.1174166666666667,0.5501166666666666
66689,2016-09-08 09:00:00-05,0.7694333333333331,79.44,0.68,6.8,568.068,1,657.325,560.2909999999999,1.00385,0.8012333333333331
66700,2016-09-08 10:00:00-05,1.1904333333333332,81.99,0.48,8.09,736.638,1,812.8539999999999,758.835,1.353716666666667,1.31575
66711,2016-09-08 11:00:00-05,0.9528,85.03,0.31,8.26,879.633,1,988.312,902.0419999999999,1.4367,1.22725
66722,2016-09-08 12:00:00-05,1.61315,88.46,0.21,7.63,924.3660000000001,1,1066.78,1054.43,1.8141166666666668,2.07495
66733,2016-09-08 13:00:00-05,1.8759666666666668,90.3,0.05,7.44,811.424,1,1089.89,1068.01,2.14365,3.3821
66744,2016-09-08 14:00:00-05,2.0090833333333333,91.8,0.06,7.53,866.212,1,985.622,460.034,2.0494,2.677216666666667
66755,2016-09-08 15:00:00-05,2.0864166666666666,92.77,0.05,7.7,738.687,1,736.985,364.16900000000004,2.75755,2.7022833333333334
66766,2016-09-08 16:00:00-05,2.1859,93.05,0.05,7.68,553.719,1,671.382,159.875,2.8354166666666667,2.5224333333333333
66777,2016-09-08 17:00:00-05,2.353733333333333,92.6,0.04,7.03,314.671,1,400.575,321.882,3.033583333333333,2.91785
66788,2016-09-08 18:00:00-05,2.061316666666667,91.25,0.06,6.2,96.1574,1,209.41299999999998,111.37700000000001,3.2084,2.2491833333333333
66799,2016-09-08 19:00:00-05,1.7957833333333333,88.35,0.04,5.79,-2.95894,1,22.0652,-1.6966700000000001,3.931483333333333,1.8347833333333332
66810,2016-09-08 20:00:00-05,2.7033,85.17,0.01,4.5,-3.27114,1,-2.71475,-2.71539,3.5217666666666667,2.181483333333333
66821,2016-09-08 21:00:00-05,1.3768,82.84,0.01,3.99,-3.2662400000000003,1,-2.7154,-2.71585,2.5942,1.88155
66832,2016-09-08 22:00:00-05,1.1325166666666668,81.56,0.0,4.73,-2.72345,1,-2.7158700000000002,-2.71627,1.9949666666666668,0.9671833333333332
66843,2016-09-08 23:00:00-05,0.6865,80.26,0.0,4.38,-2.8256900000000003,1,-2.71631,-2.7166799999999998,1.7506833333333331,0.9547333333333332
66854,2016-09-09 00:00:00-05,0.7113666666666666,79.49,0.07,5.22,-2.83187,1,-2.71647,-2.7168099999999997,1.0845,0.6580833333333332
66865,2016-09-09 01:00:00-05,0.7966333333333331,78.3,0.05,5.29,-2.71875,1,-2.71677,-2.71698,1.0272333333333332,0.7931
66876,2016-09-09 02:00:00-05,0.5557,77.36,0.22,4.68,-2.71875,1,-2.7168200000000002,-2.7172400000000003,0.8577,0.8446333333333331
66887,2016-09-09 03:00:00-05,0.5405333333333332,76.42,0.36,5.03,-2.71906,1,-2.71679,-2.71725,0.9820833333333332,0.6904666666666666
66898,2016-09-09 04:00:00-05,0.5566166666666666,76.38,0.36,3.94,-2.7192,1,-2.71679,-2.71767,0.9497166666666664,0.5696666666666667
66909,2016-09-09 05:00:00-05,0.8842166666666667,75.77,0.58,3.77,-2.71965,1,-2.7170400000000003,-2.54218,1.1630833333333332,0.98845
66920,2016-09-09 06:00:00-05,0.9402333333333333,75.59,0.52,3.23,-2.7196599999999997,1,-1.2848899999999999,-2.79697,0.8779166666666666,0.9122
66931,2016-09-09 07:00:00-05,0.6644,75.76,0.75,3.27,92.374,1,115.98,103.545,1.1629666666666667,0.7734333333333331
66942,2016-09-09 08:00:00-05,0.7483833333333331,76.81,0.74,3.85,312.606,1,406.35,319.759,1.2488833333333331,0.6899333333333332
66953,2016-09-09 09:00:00-05,0.77055,79.04,0.46,4.82,550.839,1,542.057,545.878,1.04525,0.7098666666666666
66964,2016-09-09 10:00:00-05,1.1513,81.29,0.41,5.04,719.8989999999999,1,769.937,735.873,1.8557,0.93805
66975,2016-09-09 11:00:00-05,1.3144333333333331,84.62,0.41,7.22,869.192,1,903.437,923.16,1.6223666666666667,1.3834666666666668
66986,2016-09-09 12:00:00-05,1.6682333333333332,87.47,0.23,5.27,928.6039999999999,1,983.673,1048.23,1.75765,1.911166666666667
66997,2016-09-09 13:00:00-05,1.9014166666666668,89.29,0.12,5.47,941.7510000000001,1,1038.95,541.879,2.1986,1.9289833333333333
67008,2016-09-09 14:00:00-05,2.228416666666667,90.79,0.12,4.38,889.808,1,817.2310000000001,833.832,2.197983333333333,2.28975
67019,2016-09-09 15:00:00-05,2.336533333333333,91.93,0.16,5.53,748.691,1,802.977,843.159,2.6833666666666667,2.145966666666667
67030,2016-09-09 16:00:00-05,2.09715,92.09,0.16,5.33,578.261,1,673.2769999999999,437.173,2.8967666666666667,2.4265
67041,2016-09-09 17:00:00-05,2.638716666666667,91.71,0.19,5.07,259.45099999999996,1,419.82599999999996,351.599,3.3076833333333333,2.272816666666667
67052,2016-09-09 18:00:00-05,2.9178333333333333,90.86,0.21,5.29,99.0575,1,188.11900000000003,116.35600000000001,3.66015,2.0023166666666667
67063,2016-09-09 19:00:00-05,2.3328,88.26,0.24,5.46,-2.72684,1,10.4302,-2.37478,3.43515,1.8194666666666668
67074,2016-09-09 20:00:00-05,1.8414166666666667,86.02,0.18,6.21,-2.71643,1,-2.71449,-2.75475,3.4771666666666667,1.5302833333333332
67085,2016-09-09 21:00:00-05,1.6487333333333332,83.48,0.25,6.85,-2.7339,1,-2.71537,-2.74402,2.611816666666667,1.1985666666666668
67096,2016-09-09 22:00:00-05,0.8855833333333331,81.26,0.23,6.57,-2.7173599999999998,1,-2.37636,-2.7217700000000002,1.6286,0.9329333333333332
67107,2016-09-09 23:00:00-05,0.8935333333333331,79.62,0.07,5.9,-2.71782,1,-2.7158700000000002,-2.7166200000000003,1.490816666666667,0.8103833333333331
67118,2016-09-10 00:00:00-05,1.02985,78.71,0.25,3.45,-2.71786,0,-2.71621,-2.71678,1.2497666666666667,0.9946333333333331
67129,2016-09-10 01:00:00-05,0.9055333333333332,77.03,0.34,3.15,-2.71828,0,-2.71633,-2.7168200000000002,1.3814,0.7699833333333331
67140,2016-09-10 02:00:00-05,0.8227333333333331,76.16,0.37,2.51,-2.71849,0,-2.71638,-2.71722,1.0386666666666668,0.7377333333333332
67151,2016-09-10 03:00:00-05,0.6879666666666666,75.12,0.2,2.37,-2.71874,0,-2.71674,-2.37761,0.9886333333333333,0.7205833333333332
67162,2016-09-10 04:00:00-05,0.5886166666666666,74.21,0.19,2.01,-2.71875,0,-2.71678,-2.63263,0.6477166666666666,0.73145
67173,2016-09-10 05:00:00-05,0.5590833333333332,73.7,0.18,1.25,-2.71875,0,-2.71678,-2.7177,1.23155,0.6179166666666666
67184,2016-09-10 06:00:00-05,0.56965,73.27,0.23,0.67,-2.71875,0,6.7353,-2.7177,1.1785,0.6200166666666665
67195,2016-09-10 07:00:00-05,0.7050166666666666,73.26,0.29,0.11,108.37,0,143.437,87.7365,1.0386,0.7524166666666666
67206,2016-09-10 08:00:00-05,0.73715,74.11,0.34,1.75,331.79400000000004,0,358.398,310.60200000000003,0.6495166666666666,0.91065
67217,2016-09-10 09:00:00-05,1.253866666666667,77.15,0.32,5.12,558.419,0,587.914,543.576,1.3181,1.277016666666667
67228,2016-09-10 10:00:00-05,1.5859,78.16,0.33,7.92,734.87,0,771.722,366.904,1.1869,1.47525
67239,2016-09-10 11:00:00-05,2.189983333333333,79.35,0.27,6.96,869.095,0,915.14,925.1669999999999,1.2137666666666669,1.4602
67250,2016-09-10 12:00:00-05,1.7470333333333332,83.08,0.2,6.88,975.88,0,980.775,249.47400000000002,1.7863,1.6964666666666668
67261,2016-09-10 13:00:00-05,1.7452,85.54,0.15,6.4,961.936,0,993.029,572.236,2.096833333333333,2.534416666666667
67272,2016-09-10 14:00:00-05,1.9873166666666668,87.3,0.16,6.2,891.7689999999999,0,932.823,201.59099999999998,2.327466666666667,2.524383333333333
67283,2016-09-10 15:00:00-05,2.3850333333333333,89.06,0.25,6.11,912.455,0,759.137,20.7388,2.259866666666667,5.355716666666666
67294,2016-09-10 16:00:00-05,3.159116666666667,89.6,0.22,7.01,113.355,0,609.674,23.2562,2.746716666666667,2.785616666666667
67305,2016-09-10 17:00:00-05,2.3541166666666666,88.09,0.22,6.73,223.43,0,460.911,80.3465,2.892066666666667,2.6519833333333334
67316,2016-09-10 18:00:00-05,2.210316666666667,86.55,0.19,6.41,49.1508,0,191.75099999999998,35.485,2.7845833333333334,2.251466666666667
67327,2016-09-10 19:00:00-05,1.7919166666666668,83.38,0.07,6.5,-2.6432700000000002,0,16.8885,0.956774,2.3552666666666666,2.005266666666667
67338,2016-09-10 20:00:00-05,1.6335166666666667,81.04,0.13,5.94,-2.66614,0,-3.3880199999999996,-1.97003,2.8948,2.029383333333333
67349,2016-09-10 21:00:00-05,1.256,79.45,0.12,4.99,-2.7173700000000003,0,-3.08351,-2.61578,2.431633333333333,1.1917
67360,2016-09-10 22:00:00-05,0.98805,77.37,0.12,4.72,-2.71781,0,-2.76145,-1.85143,1.8617333333333332,0.9907833333333332
67371,2016-09-10 23:00:00-05,0.9479,76.4,0.14,4.96,-2.7178299999999997,0,-2.71653,-2.3782400000000004,1.6253,0.7379
67382,2016-09-11 00:00:00-05,0.8222666666666666,76.28,0.1,3.67,-2.7181599999999997,0,-2.71678,-2.71806,1.1302166666666669,0.781
67393,2016-09-11 01:00:00-05,0.6149166666666666,75.19,0.1,2.81,-2.71828,0,-2.71678,-2.62755,1.07405,0.6187333333333332
67404,2016-09-11 02:00:00-05,0.5467333333333332,74.11,0.11,2.48,-2.71869,0,-2.71678,-2.69551,1.0419,0.73775
67415,2016-09-11 03:00:00-05,0.5486333333333332,73.42,0.13,2.41,-2.71875,0,-2.71678,-2.7181599999999997,0.81845,0.5551
67426,2016-09-11 04:00:00-05,0.37235,72.47,0.13,1.94,-2.37893,0,-2.7168,-2.55416,0.6955333333333332,0.5565666666666667
67437,2016-09-11 05:00:00-05,0.36673333333333324,71.99,0.13,2.21,-2.71903,0,-2.71692,-2.67331,1.052366666666667,0.6440833333333332
67448,2016-09-11 06:00:00-05,0.38571666666666654,71.13,0.1,2.38,-3.399,0,-1.78883,-2.3957900000000003,1.06535,0.6300333333333332
67459,2016-09-11 07:00:00-05,0.45425,70.89,0.1,1.67,103.86200000000001,0,140.255,111.59100000000001,0.8730666666666665,0.8031666666666666
67470,2016-09-11 08:00:00-05,0.6750666666666666,72.11,0.08,2.09,324.29,0,374.153,334.135,0.6629,0.7463333333333331
67481,2016-09-11 09:00:00-05,0.97345,75.75,0.06,2.77,582.436,0,588.212,564.76,1.3097166666666669,0.8169833333333331
67492,2016-09-11 10:00:00-05,1.1062833333333333,79.27,0.16,3.16,804.961,0,779.327,748.492,1.35375,1.6298
67503,2016-09-11 11:00:00-05,1.1393,82.38,0.16,1.88,288.703,0,913.694,874.7760000000001,1.5575333333333332,1.58445
67514,2016-09-11 12:00:00-05,1.8123,85.5,0.11,1.42,957.6439999999999,0,966.415,1063.32,1.8143166666666668,1.5591833333333331
67525,2016-09-11 13:00:00-05,2.01135,88.08,0.11,1.24,989.5239999999999,0,993.946,140.67,2.1182833333333333,1.9005166666666669
67536,2016-09-11 14:00:00-05,2.31165,89.2,0.33,2.2,1001.54,0,943.328,166.345,2.44865,1.7297333333333331
67547,2016-09-11 15:00:00-05,2.2550166666666667,89.13,0.25,2.48,735.3589999999999,0,825.039,479.577,3.11365,2.3187333333333333
67558,2016-09-11 16:00:00-05,2.57205,90.19,0.47,2.13,579.6,0,668.6239999999999,494.82300000000004,3.3700666666666668,2.4031833333333332
67569,2016-09-11 17:00:00-05,2.55025,90.81,0.07,2.39,339.17,0,403.838,332.53,3.195266666666667,1.9146833333333333
67580,2016-09-11 18:00:00-05,2.2453833333333333,89.62,0.19,2.36,105.83200000000001,0,216.34900000000002,60.0467,3.2815,1.9625
67591,2016-09-11 19:00:00-05,2.036166666666667,86.83,0.17,2.54,-2.7163,0,11.1948,-1.82838,2.631616666666667,1.30825
67602,2016-09-11 20:00:00-05,1.9617,82.83,0.01,3.93,-2.7168900000000002,0,-3.01477,-2.5365,2.0551166666666667,1.0632833333333331
67613,2016-09-11 21:00:00-05,1.2849166666666667,80.98,0.01,2.82,-2.7173599999999998,0,-2.71571,-2.5535099999999997,1.5412333333333332,1.1555666666666669
67624,2016-09-11 22:00:00-05,1.035,79.01,0.01,2.67,-2.71782,0,-2.71596,-2.41778,1.4441166666666667,1.378083333333333
67635,2016-09-11 23:00:00-05,0.9235166666666664,77.54,0.01,2.56,-2.7179,0,-2.7163,-2.37837,1.17805,1.2110166666666669
67646,2016-09-12 00:00:00-05,0.8951,77.61,0.02,3.69,-2.71828,1,-2.7787,-2.37839,1.04245,0.7649666666666666
67657,2016-09-12 01:00:00-05,0.6547666666666666,76.05,0.01,3.15,-2.71861,1,-2.71675,-2.5822599999999998,0.9425833333333332,0.5793
67668,2016-09-12 02:00:00-05,0.6110833333333332,74.7,0.06,2.63,-2.71875,1,-2.71678,-2.5709299999999997,0.7293833333333332,0.7376
67679,2016-09-12 03:00:00-05,0.5431166666666666,73.94,0.07,2.22,-2.71875,1,-2.71679,-2.47475,0.783833333333333,0.5434333333333332
67690,2016-09-12 04:00:00-05,0.44806666666666656,73.46,0.12,1.55,-2.71875,1,-2.71679,-2.57695,1.1367333333333332,0.3795833333333333
67701,2016-09-12 05:00:00-05,0.6762166666666666,72.22,0.17,1.28,-2.7187799999999998,1,-2.37721,-2.65066,0.6175666666666666,0.5255
67712,2016-09-12 06:00:00-05,0.8925166666666666,71.82,0.18,0.82,-2.7187900000000003,1,-2.34326,-2.32782,0.7850833333333331,0.3700333333333333
67723,2016-09-12 07:00:00-05,0.53265,71.8,0.2,0.86,100.71799999999999,1,45.3137,121.678,0.6048166666666666,1.4225833333333333
67734,2016-09-12 08:00:00-05,0.6236833333333331,73.5,0.22,1.35,321.842,1,140.59799999999998,480.348,0.8797333333333331,0.8975666666666666
67745,2016-09-12 09:00:00-05,0.68725,77.14,0.24,1.88,608.9730000000001,1,324.849,634.489,1.4428,1.2889166666666667
67756,2016-09-12 10:00:00-05,0.98705,81.39,0.23,2.91,860.5189999999999,1,780.946,313.394,1.5781833333333333,1.4384666666666668
67767,2016-09-12 11:00:00-05,1.4869666666666668,84.19,0.24,3.51,907.414,1,636.055,964.9739999999999,1.6154833333333332,3.9436
67778,2016-09-12 12:00:00-05,1.5560333333333332,86.76,0.24,4.25,984.98,1,369.952,459.306,1.98315,1.6481666666666668
67789,2016-09-12 13:00:00-05,2.060233333333333,88.85,0.21,4.22,254.023,1,1037.29,1087.18,2.260683333333333,1.6024666666666667
67800,2016-09-12 14:00:00-05,2.34535,89.97,0.36,4.47,883.232,1,1029.5,935.852,2.190733333333333,1.7571666666666668
67811,2016-09-12 15:00:00-05,2.389816666666667,90.86,0.33,4.22,767.933,1,812.193,872.822,2.5087,1.8160166666666668
67822,2016-09-12 16:00:00-05,2.4400666666666666,91.3,0.19,4.29,541.961,1,583.015,368.284,2.323733333333333,1.5565666666666669
67833,2016-09-12 17:00:00-05,2.4499,90.44,0.18,4.03,313.48400000000004,1,359.647,460.704,1.8144,1.0599666666666667
67844,2016-09-12 18:00:00-05,2.5872,89.57,0.07,4.84,91.5088,1,140.542,41.0665,2.704683333333333,1.18765
67855,2016-09-12 19:00:00-05,1.8455,87.14,0.06,4.33,-2.716,1,0.339244,-2.37593,1.6867666666666667,1.9533833333333332
67866,2016-09-12 20:00:00-05,2.134916666666667,84.2,0.02,3.76,-2.7168200000000002,1,-2.71492,-2.7158599999999997,0.75775,1.376083333333333
67877,2016-09-12 21:00:00-05,3.7345166666666665,81.82,0.03,4.32,-2.71727,1,-2.51175,-2.6485,0.86305,1.1651833333333332
67888,2016-09-12 22:00:00-05,1.0107833333333331,80.72,0.02,3.85,-2.7178,1,-2.5743400000000003,-2.71678,0.9985833333333332,0.6857333333333332
67899,2016-09-12 23:00:00-05,0.7981833333333331,78.83,0.04,3.2,-2.71785,1,-2.3763799999999997,-2.37725,1.0053,0.6962
67910,2016-09-13 00:00:00-05,0.592,78.41,0.33,3.95,-2.71821,1,-2.37673,-2.64364,0.94955,0.7899666666666666
67921,2016-09-13 01:00:00-05,0.77105,76.95,0.44,2.94,-2.71828,1,-2.37678,-2.70592,0.721,0.5804
67932,2016-09-13 02:00:00-05,0.56395,75.97,0.32,2.81,-2.7187099999999997,1,-2.55787,-2.65497,0.77915,0.5501333333333333
67943,2016-09-13 03:00:00-05,0.54745,75.32,0.32,2.56,-2.71875,1,-2.37678,-2.42892,0.5974333333333331,0.6212333333333332
67954,2016-09-13 04:00:00-05,0.5295166666666666,74.54,0.35,1.94,-2.71875,1,-2.71639,-2.58748,0.5681666666666666,0.6046833333333332
67965,2016-09-13 05:00:00-05,1.3889,73.99,0.33,1.63,-2.71877,1,-2.37719,-2.55917,0.5617666666666666,0.7508333333333331
67976,2016-09-13 06:00:00-05,2.9447,73.18,0.33,1.55,-2.8378400000000004,1,-2.71678,-2.45159,0.5752666666666666,0.9944833333333332
67987,2016-09-13 07:00:00-05,1.4383333333333332,73.2,0.33,0.61,102.26,1,31.2504,103.884,0.5625666666666665,0.5857833333333332
67998,2016-09-13 08:00:00-05,0.6049,74.55,0.37,0.85,330.171,1,63.3774,308.0,0.78015,0.50705
68009,2016-09-13 09:00:00-05,0.67045,78.25,0.58,2.25,127.985,1,153.095,569.523,2.497133333333333,0.5318333333333332
68020,2016-09-13 10:00:00-05,0.8495833333333331,81.13,0.56,2.91,668.842,1,358.42199999999997,284.508,0.8971,0.75685
68031,2016-09-13 11:00:00-05,1.2214333333333331,84.03,0.52,2.42,957.3489999999999,1,342.81699999999995,897.262,0.7030166666666666,1.0028333333333332
68042,2016-09-13 12:00:00-05,1.41275,86.78,0.44,1.92,991.823,1,397.31800000000004,221.753,2.18875,1.152016666666667
68053,2016-09-13 13:00:00-05,1.8968666666666667,89.17,0.21,1.75,1076.14,1,394.765,968.924,1.1237333333333333,1.835
68064,2016-09-13 14:00:00-05,2.4484833333333333,91.1,0.39,2.87,932.362,1,253.09799999999998,972.935,1.28225,1.72535
68075,2016-09-13 15:00:00-05,2.91535,92.22,0.17,2.35,746.57,1,235.85,780.087,1.5033833333333333,1.75585
68086,2016-09-13 16:00:00-05,2.657566666666667,91.72,0.29,2.91,555.533,1,178.263,578.621,1.6318,1.8662
68097,2016-09-13 17:00:00-05,2.545783333333333,91.55,0.27,3.68,311.856,1,62.5894,332.181,1.331616666666667,1.9250833333333333
68108,2016-09-13 18:00:00-05,2.1054666666666666,88.95,0.67,4.97,34.8417,1,41.8357,113.209,1.8744833333333333,1.3087666666666669
68119,2016-09-13 19:00:00-05,1.8731833333333332,85.14,0.71,4.99,-2.716,1,0.339537,-2.71568,1.5720333333333332,1.6884
68130,2016-09-13 20:00:00-05,2.4637333333333333,83.8,0.3,5.11,-2.7168,1,-2.7168,-2.71644,1.2591,1.4655
68141,2016-09-13 21:00:00-05,1.8580333333333332,82.36,0.23,4.58,-2.71733,1,-2.7168400000000004,-2.7169,0.9331833333333333,0.8021166666666666
68152,2016-09-13 22:00:00-05,1.8204,80.64,0.24,4.99,-2.71781,1,-2.7172099999999997,-2.55318,0.99425,0.77385
68163,2016-09-13 23:00:00-05,0.8879833333333331,79.06,0.49,4.2,-2.7179,1,-2.71726,-2.5422700000000003,0.4261333333333333,0.9206166666666666
68174,2016-09-14 00:00:00-05,0.83575,77.84,0.2,2.72,-2.71828,1,-2.71762,-2.7178299999999997,0.3946833333333333,0.6789833333333332
68185,2016-09-14 01:00:00-05,0.6422333333333332,76.74,0.32,1.39,-2.7183599999999997,1,-2.7177,-2.7178299999999997,0.3786333333333333,0.7485166666666666
68196,2016-09-14 02:00:00-05,0.9281166666666664,76.33,0.32,0.94,-2.71874,1,-3.36882,-2.71806,0.3744333333333333,0.5702833333333333
68207,2016-09-14 03:00:00-05,0.6573333333333332,75.97,0.26,0.61,-2.71875,1,-2.7177,-2.71828,0.3723333333333333,0.5864833333333332
68218,2016-09-14 04:00:00-05,0.6288166666666666,75.24,0.26,0.52,-2.71875,1,-2.7178400000000003,-2.7183599999999997,0.37396666666666656,0.7070666666666666
68229,2016-09-14 05:00:00-05,1.00655,74.66,0.29,0.72,-2.71919,1,-2.7181599999999997,-2.71873,0.63905,0.7993666666666666
68240,2016-09-14 06:00:00-05,1.7795833333333333,74.63,0.33,0.59,-4.75861,1,-1.0816,-2.71875,0.7324833333333332,0.8640166666666667
68251,2016-09-14 07:00:00-05,2.618716666666667,74.46,0.41,1.02,94.4578,1,144.946,89.8262,0.5499,0.7160833333333332
68262,2016-09-14 08:00:00-05,0.7651833333333331,76.06,0.32,1.53,317.888,1,240.54,316.48400000000004,0.41005,0.56185
68273,2016-09-14 09:00:00-05,0.73795,79.7,0.25,2.9,187.641,1,600.548,565.784,0.4059333333333333,0.8173
68284,2016-09-14 10:00:00-05,1.3492166666666667,83.28,0.21,3.5,543.115,1,806.03,761.73,0.3856833333333333,1.1250833333333332
68295,2016-09-14 11:00:00-05,1.4117166666666667,85.49,0.32,3.82,905.827,1,1000.49,905.538,0.3564,1.1061
68306,2016-09-14 12:00:00-05,1.58585,87.37,0.52,3.52,1052.98,1,1083.09,922.326,0.3110666666666666,1.4629833333333333
68317,2016-09-14 13:00:00-05,1.6891,87.9,0.19,4.16,1030.22,1,1103.16,949.02,0.4958833333333332,1.665266666666667
68328,2016-09-14 14:00:00-05,1.9399833333333332,89.26,0.22,5.14,908.5939999999999,1,253.78599999999997,891.025,0.36715,2.2046333333333332
68339,2016-09-14 15:00:00-05,1.7504,90.06,0.22,5.23,233.602,1,608.81,281.48,0.41441666666666654,2.21315
68350,2016-09-14 16:00:00-05,1.9253,91.4,0.25,6.26,121.64200000000001,1,468.93800000000005,553.398,0.7675166666666666,2.2453
68361,2016-09-14 17:00:00-05,2.9663833333333334,90.74,0.33,5.93,58.0646,1,227.005,329.749,0.7450333333333331,2.720616666666667
68372,2016-09-14 18:00:00-05,2.544383333333333,89.19,0.42,5.78,90.365,1,82.2854,104.86200000000001,1.0295,2.7203166666666667
68383,2016-09-14 19:00:00-05,1.8022166666666668,86.55,0.26,5.35,-2.71691,1,2.79431,-2.7157,1.2657166666666668,2.80645
68394,2016-09-14 20:00:00-05,2.2160333333333333,84.59,0.15,3.8,-2.71733,1,-2.71541,-2.73928,1.2776,4.927666666666666
68405,2016-09-14 21:00:00-05,1.4052166666666668,82.71,0.08,3.85,-2.71782,1,-2.7158599999999997,-2.71729,0.7558333333333331,2.084566666666667
68416,2016-09-14 22:00:00-05,1.0400333333333331,80.92,0.07,2.6,-2.7181599999999997,1,-2.71623,-2.71781,0.7251333333333332,1.2145333333333332
68427,2016-09-14 23:00:00-05,0.9563666666666664,79.34,0.14,2.37,-2.71828,1,-2.71653,-2.7180400000000002,0.4613333333333332,1.0661666666666667
68438,2016-09-15 00:00:00-05,0.6055166666666666,78.01,0.09,1.22,-2.71873,1,-2.53001,-2.71828,0.5718666666666666,0.9627
68449,2016-09-15 01:00:00-05,0.7925,76.58,0.07,0.8,-2.71875,1,-2.72245,-2.7185,0.4266,0.9506666666666664
68460,2016-09-15 02:00:00-05,0.5904,75.72,0.14,0.43,-2.80937,1,-2.71711,-2.7187200000000002,0.39665,0.80365
68471,2016-09-15 03:00:00-05,0.6091166666666666,74.75,0.2,0.19,-2.7188,1,-2.94368,-2.71875,0.5040666666666666,0.739
68482,2016-09-15 04:00:00-05,0.5599333333333332,74.23,0.18,0.21,-2.7191799999999997,1,-3.06278,-2.71875,0.4009333333333333,0.6036666666666666
68493,2016-09-15 05:00:00-05,0.7721833333333331,73.45,0.18,0.24,-2.7193,1,-2.7177,-2.71875,0.5733666666666666,0.9511666666666664
68504,2016-09-15 06:00:00-05,1.0418833333333333,72.54,0.2,0.76,-5.05912,1,-2.37799,-2.71882,1.0262166666666668,0.95385
68515,2016-09-15 07:00:00-05,0.6486833333333332,73.1,0.14,1.37,74.5346,1,29.4126,94.4316,0.58375,0.6282666666666666
68526,2016-09-15 08:00:00-05,0.5955166666666666,74.62,0.21,1.57,313.564,1,16.6898,315.035,0.3453333333333333,0.6586
68537,2016-09-15 09:00:00-05,1.14555,79.55,0.2,1.75,538.534,1,13.5922,568.068,0.3395833333333333,0.7694333333333331
68548,2016-09-15 10:00:00-05,1.7777666666666667,83.81,0.21,2.87,235.06099999999998,1,80.794,736.638,0.3472,1.1904333333333332
68559,2016-09-15 11:00:00-05,1.2992,86.62,0.23,2.42,1011.74,1,222.831,879.633,0.43115,0.9528
68570,2016-09-15 12:00:00-05,2.039133333333333,88.56,0.24,2.86,510.43,1,262.115,924.3660000000001,0.6855166666666666,1.61315
68581,2016-09-15 13:00:00-05,3.021516666666667,90.2,0.21,3.99,858.6139999999999,1,226.676,811.424,0.5934,1.8759666666666668
68592,2016-09-15 14:00:00-05,3.20305,91.51,0.21,4.31,271.337,1,408.899,866.212,0.9266333333333332,2.0090833333333333
68603,2016-09-15 15:00:00-05,2.8626666666666667,92.39,0.25,4.03,240.014,1,370.43199999999996,738.687,0.6058333333333332,2.0864166666666666
68614,2016-09-15 16:00:00-05,2.7582,92.58,0.36,5.05,184.25799999999998,1,264.73900000000003,553.719,1.29185,2.1859
68625,2016-09-15 17:00:00-05,2.68135,91.48,0.21,5.0,115.613,1,242.668,314.671,1.457733333333333,2.353733333333333
68636,2016-09-15 18:00:00-05,2.38095,89.75,0.2,4.32,51.6212,1,125.53299999999999,96.1574,1.6701333333333332,2.061316666666667
68647,2016-09-15 19:00:00-05,2.3832,87.26,0.09,4.43,-2.71717,1,1.5047700000000002,-2.95894,1.1476666666666668,1.7957833333333333
68658,2016-09-15 20:00:00-05,2.0273166666666667,84.59,0.02,3.33,-2.71749,1,-2.71599,-3.27114,1.0043833333333332,2.7033
68669,2016-09-15 21:00:00-05,1.2112333333333332,82.7,0.01,2.93,-2.7178299999999997,1,-2.71676,-3.2662400000000003,0.76,1.3768
68680,2016-09-15 22:00:00-05,0.9942,80.88,0.01,2.63,-2.71798,1,-2.4906900000000003,-2.72345,0.6828666666666666,1.1325166666666668
68691,2016-09-15 23:00:00-05,0.77085,79.64,0.01,2.5,-2.71828,1,-2.37764,-2.8256900000000003,0.4959833333333332,0.6865
68702,2016-09-16 00:00:00-05,0.7346666666666665,79.51,0.01,2.6,-2.7183,1,-2.46291,-2.83187,0.5908333333333332,0.7113666666666666
68713,2016-09-16 01:00:00-05,0.5561333333333331,77.98,0.0,2.6,-2.68475,1,-2.7177,-2.71875,0.5439833333333332,0.7966333333333331
68724,2016-09-16 02:00:00-05,0.5473166666666666,77.23,0.0,1.95,-2.69042,1,-2.7177,-2.71875,0.5296166666666666,0.5557
68735,2016-09-16 03:00:00-05,0.5541,76.15,0.01,1.89,-2.71875,1,-2.7177,-2.71906,0.6579666666666666,0.5405333333333332
68746,2016-09-16 04:00:00-05,0.5952333333333332,75.16,0.01,1.25,-2.71875,1,-2.7177700000000002,-2.7192,0.4925666666666666,0.5566166666666666
68757,2016-09-16 05:00:00-05,0.737,74.46,0.03,0.82,-2.71875,1,-2.71812,-2.71965,0.7710666666666666,0.8842166666666667
68768,2016-09-16 06:00:00-05,0.80525,74.15,0.04,0.38,-3.3984300000000003,1,-2.05552,-2.7196599999999997,0.6822666666666666,0.9402333333333333
68779,2016-09-16 07:00:00-05,0.59425,74.12,0.07,0.35,93.2416,1,138.72799999999998,92.374,0.88395,0.6644
68790,2016-09-16 08:00:00-05,0.5754333333333332,75.7,0.11,1.44,318.815,1,367.25800000000004,312.606,0.7198833333333332,0.7483833333333331
68801,2016-09-16 09:00:00-05,0.6446666666666666,79.32,0.18,2.42,560.3919999999999,1,593.617,550.839,0.8586666666666666,0.77055
68812,2016-09-16 10:00:00-05,0.8407,82.54,0.18,1.42,731.9110000000001,1,230.291,719.8989999999999,0.8462666666666666,1.1513
68823,2016-09-16 11:00:00-05,1.4011333333333331,85.82,0.26,0.89,869.8789999999999,1,961.949,869.192,1.279216666666667,1.3144333333333331
68834,2016-09-16 12:00:00-05,1.61615,89.07,0.45,1.68,949.547,1,1063.27,928.6039999999999,0.9822333333333332,1.6682333333333332
68845,2016-09-16 13:00:00-05,2.1418833333333334,90.37,0.33,2.23,965.3910000000001,1,504.81699999999995,941.7510000000001,1.0003333333333333,1.9014166666666668
68856,2016-09-16 14:00:00-05,2.262566666666667,92.33,0.32,2.45,906.0089999999999,1,526.694,889.808,1.2652666666666668,2.228416666666667
68867,2016-09-16 15:00:00-05,2.527016666666667,92.78,0.34,2.82,518.956,1,797.8489999999999,748.691,1.2321,2.336533333333333
68878,2016-09-16 16:00:00-05,2.4888166666666667,93.68,0.14,3.32,639.268,1,275.366,578.261,2.4104666666666668,2.09715
68889,2016-09-16 17:00:00-05,2.4765333333333333,92.95,0.19,3.73,303.442,1,67.1775,259.45099999999996,4.00395,2.638716666666667
68900,2016-09-16 18:00:00-05,2.448633333333333,91.77,0.11,4.23,95.7301,1,74.6988,99.0575,4.962033333333332,2.9178333333333333
68911,2016-09-16 19:00:00-05,1.8925333333333332,89.1,0.08,3.49,-2.71522,1,9.43923,-2.72684,2.028766666666667,2.3328
68922,2016-09-16 20:00:00-05,1.4351666666666667,85.78,0.05,2.97,-2.7161,1,-2.71637,-2.71643,1.6807833333333333,1.8414166666666667
68933,2016-09-16 21:00:00-05,1.1195833333333332,83.24,0.07,2.27,-2.71656,1,-2.71679,-2.7339,1.3337666666666668,1.6487333333333332
68944,2016-09-16 22:00:00-05,1.2357166666666668,81.82,0.07,1.13,-2.71691,1,-2.7168400000000004,-2.7173599999999998,1.0360833333333332,0.8855833333333331
68955,2016-09-16 23:00:00-05,0.5620166666666666,80.11,0.06,1.02,-2.7174099999999997,1,-2.71723,-2.71782,0.6393333333333332,0.8935333333333331
68966,2016-09-17 00:00:00-05,0.7359166666666666,80.35,0.15,2.78,-2.71782,0,-2.7174400000000003,-2.71786,0.586,1.02985
68977,2016-09-17 01:00:00-05,0.65935,79.12,0.19,2.59,-2.7178299999999997,0,-2.70072,-2.71828,0.5717166666666667,0.9055333333333332
68988,2016-09-17 02:00:00-05,0.7981333333333331,77.65,0.21,2.07,-2.7178299999999997,0,-2.7177,-2.71849,0.3724833333333333,0.8227333333333331
68999,2016-09-17 03:00:00-05,0.5835166666666666,76.88,0.15,1.41,-2.71826,0,-2.7177,-2.71874,0.3695,0.6879666666666666
69010,2016-09-17 04:00:00-05,0.57105,76.35,0.1,1.1,-2.71828,0,-2.7177,-2.71875,0.5518333333333332,0.5886166666666666
69021,2016-09-17 05:00:00-05,0.5352,75.42,0.09,1.14,-2.71866,0,-2.71774,-2.71875,0.5546,0.5590833333333332
69032,2016-09-17 06:00:00-05,0.52395,75.13,0.05,1.12,-2.9849200000000002,0,-1.1607100000000001,-2.71875,0.7973166666666666,0.56965
69043,2016-09-17 07:00:00-05,0.5314333333333332,74.97,0.05,1.1,86.6647,0,103.31299999999999,108.37,0.82905,0.7050166666666666
69054,2016-09-17 08:00:00-05,0.6949166666666666,76.23,0.14,1.04,308.164,0,406.37800000000004,331.79400000000004,0.5276333333333332,0.73715
69065,2016-09-17 09:00:00-05,0.8011,80.01,0.21,1.35,432.471,0,632.758,558.419,0.62805,1.253866666666667
69076,2016-09-17 10:00:00-05,1.71385,83.99,0.2,1.56,729.57,0,367.57800000000003,734.87,0.64605,1.5859
69087,2016-09-17 11:00:00-05,1.481666666666667,87.65,0.13,1.22,539.937,0,824.613,869.095,0.6865,2.189983333333333
69098,2016-09-17 12:00:00-05,2.010133333333333,90.0,0.23,1.3,975.988,0,1014.47,975.88,1.14725,1.7470333333333332
69109,2016-09-17 13:00:00-05,1.94625,91.97,0.39,2.04,935.698,0,210.66099999999997,961.936,2.1962333333333333,1.7452
69120,2016-09-17 14:00:00-05,2.23305,93.71,0.2,2.04,913.25,0,997.555,891.7689999999999,2.1303,1.9873166666666668
69131,2016-09-17 15:00:00-05,2.23925,93.97,0.2,3.19,772.6569999999999,0,958.9639999999999,912.455,1.8776333333333333,2.3850333333333333
69142,2016-09-17 16:00:00-05,2.5749833333333334,94.71,0.21,3.81,386.51599999999996,0,487.142,113.355,1.537,3.159116666666667
69153,2016-09-17 17:00:00-05,2.8913333333333333,94.46,0.21,3.67,294.908,0,464.39,223.43,1.9797,2.3541166666666666
69164,2016-09-17 18:00:00-05,2.135416666666667,93.05,0.15,4.79,65.0547,0,63.5851,49.1508,2.1292666666666666,2.210316666666667
69175,2016-09-17 19:00:00-05,2.1497333333333333,90.54,0.08,4.47,-3.02026,0,4.55774,-2.6432700000000002,1.7717,1.7919166666666668
69186,2016-09-17 20:00:00-05,2.101183333333333,87.49,0.04,3.15,-2.71575,0,-2.71536,-2.66614,1.8541666666666667,1.6335166666666667
69197,2016-09-17 21:00:00-05,1.60705,85.24,0.05,2.86,-2.71643,0,-2.71585,-2.7173700000000003,1.7576666666666667,1.256
69208,2016-09-17 22:00:00-05,1.150383333333333,82.94,0.03,2.96,-2.7169,0,-2.71636,-2.71781,0.6787166666666666,0.98805
69219,2016-09-17 23:00:00-05,1.511283333333333,81.19,0.01,2.33,-2.71743,0,-2.71678,-2.7178299999999997,0.7540833333333331,0.9479
69230,2016-09-18 00:00:00-05,1.363816666666667,80.63,0.0,3.04,-2.71782,0,-2.7168,-2.7181599999999997,0.62895,0.8222666666666666
69241,2016-09-18 01:00:00-05,0.9211833333333332,79.66,0.0,2.31,-2.7178299999999997,0,-2.71718,-2.71828,0.55595,0.6149166666666666
69252,2016-09-18 02:00:00-05,0.7392333333333331,78.84,0.0,2.49,-2.71807,0,-2.71725,-2.71869,0.5411666666666666,0.5467333333333332
69263,2016-09-18 03:00:00-05,0.7600333333333331,77.77,0.01,2.36,-2.71828,0,-2.71162,-2.71875,0.38766666666666655,0.5486333333333332
69274,2016-09-18 04:00:00-05,0.8719,76.92,0.08,2.57,-2.71849,0,-2.71768,-2.37893,0.5285333333333332,0.37235
69285,2016-09-18 05:00:00-05,0.7034666666666666,76.11,0.04,2.89,-2.71874,0,-2.7177,-2.71903,0.8085666666666665,0.36673333333333324
69296,2016-09-18 06:00:00-05,0.81425,75.84,0.05,3.08,-3.3984300000000003,0,-1.65893,-3.399,0.8818166666666666,0.38571666666666654
69307,2016-09-18 07:00:00-05,1.0400333333333331,75.65,0.06,3.27,96.6513,0,122.228,103.86200000000001,0.5793833333333333,0.45425
69318,2016-09-18 08:00:00-05,2.04635,77.25,0.05,3.14,312.031,0,315.507,324.29,0.44721666666666654,0.6750666666666666
69329,2016-09-18 09:00:00-05,3.39725,80.93,0.08,3.33,542.012,0,550.504,582.436,0.6572333333333332,0.97345
69340,2016-09-18 10:00:00-05,1.6919666666666668,85.07,0.08,3.44,729.8739999999999,0,850.202,804.961,0.8178833333333331,1.1062833333333333
69351,2016-09-18 11:00:00-05,2.79825,88.85,0.13,2.59,868.307,0,611.452,288.703,1.1096833333333331,1.1393
69362,2016-09-18 12:00:00-05,2.2664666666666666,92.02,0.19,2.25,937.16,0,1055.29,957.6439999999999,1.5172333333333332,1.8123
69373,2016-09-18 13:00:00-05,2.9595,94.2,0.27,2.63,935.967,0,1023.66,989.5239999999999,1.5229,2.01135
69384,2016-09-18 14:00:00-05,2.977466666666667,95.62,0.24,2.68,370.51199999999994,0,745.706,1001.54,1.7536,2.31165
69395,2016-09-18 15:00:00-05,3.0296333333333334,96.22,0.31,3.21,433.79699999999997,0,549.0790000000001,735.3589999999999,1.9716166666666668,2.2550166666666667
69406,2016-09-18 16:00:00-05,2.9498,96.59,0.08,3.7,520.188,0,637.545,579.6,1.8515166666666667,2.57205
69417,2016-09-18 17:00:00-05,2.89835,95.75,0.08,3.49,321.10900000000004,0,416.856,339.17,2.0431833333333334,2.55025
69428,2016-09-18 18:00:00-05,2.722833333333333,94.39,0.09,4.0,90.697,0,186.299,105.83200000000001,3.42575,2.2453833333333333
69439,2016-09-18 19:00:00-05,3.3231333333333333,91.29,0.09,3.74,-3.08793,0,1.08027,-2.7163,3.7026166666666662,2.036166666666667
69450,2016-09-18 20:00:00-05,3.42995,87.82,0.08,3.82,-2.7157,0,-2.71569,-2.7168900000000002,2.3545833333333333,1.9617
69461,2016-09-18 21:00:00-05,2.083216666666667,85.8,0.08,3.43,-2.71643,0,-2.71616,-2.7173599999999998,1.4521166666666667,1.2849166666666667
69472,2016-09-18 22:00:00-05,1.80905,83.83,0.05,2.65,-2.7169,0,-2.49018,-2.71782,1.3781166666666669,1.035
69483,2016-09-18 23:00:00-05,1.1006,82.2,0.28,2.54,-2.71734,0,-2.37719,-2.7179,0.9050666666666666,0.9235166666666664
69494,2016-09-19 00:00:00-05,0.7311,82.52,0.16,3.67,-2.71781,1,-2.37719,-2.71828,0.55555,0.8951
69505,2016-09-19 01:00:00-05,0.84995,81.26,0.22,2.72,-2.7178299999999997,1,-2.37719,-2.71861,0.54945,0.6547666666666666
69516,2016-09-19 02:00:00-05,0.9636,79.8,0.17,2.97,-2.7178299999999997,1,-2.71679,-2.71875,0.5831333333333332,0.6110833333333332
69527,2016-09-19 03:00:00-05,0.9098833333333332,79.06,0.08,2.7,-2.7180400000000002,1,-2.37745,-2.71875,0.5510666666666666,0.5431166666666666
69538,2016-09-19 04:00:00-05,0.85665,77.87,0.0,2.47,-2.71828,1,-2.45103,-2.71875,0.5380166666666666,0.44806666666666656
69549,2016-09-19 05:00:00-05,0.9988333333333332,76.88,0.0,2.15,-2.71828,1,-2.49644,-2.7187799999999998,0.5603,0.6762166666666666
69560,2016-09-19 06:00:00-05,1.0137166666666664,76.15,0.03,2.03,-3.3978699999999997,1,4.08695,-2.7187900000000003,0.7703166666666666,0.8925166666666666
69571,2016-09-19 07:00:00-05,0.96045,75.82,0.06,1.58,93.0277,1,137.07,100.71799999999999,1.1318666666666668,0.53265
69582,2016-09-19 08:00:00-05,1.0568,77.34,0.05,2.26,319.844,1,314.559,321.842,1.1467666666666667,0.6236833333333331
69593,2016-09-19 09:00:00-05,1.0585,80.97,0.04,3.29,543.385,1,551.013,608.9730000000001,1.23365,0.68725
69604,2016-09-19 10:00:00-05,1.4636333333333331,84.74,0.02,3.53,730.2460000000001,1,718.472,860.5189999999999,0.9207833333333332,0.98705
69615,2016-09-19 11:00:00-05,1.7686666666666668,88.29,0.02,3.72,863.327,1,742.508,907.414,0.93225,1.4869666666666668
69626,2016-09-19 12:00:00-05,1.7824166666666668,91.54,0.04,4.01,923.612,1,849.262,984.98,0.9253,1.5560333333333332
69637,2016-09-19 13:00:00-05,2.357416666666667,93.92,0.06,4.02,924.9,1,871.1030000000001,254.023,0.7897,2.060233333333333
69648,2016-09-19 14:00:00-05,2.8147333333333333,94.93,0.05,4.54,974.414,1,791.346,883.232,1.63485,2.34535
69659,2016-09-19 15:00:00-05,3.1435,96.39,0.04,3.77,673.967,1,506.38699999999994,767.933,1.4204333333333332,2.389816666666667
69670,2016-09-19 16:00:00-05,3.1196,96.03,0.04,4.01,197.92,1,422.66,541.961,1.07845,2.4400666666666666
69681,2016-09-19 17:00:00-05,2.937066666666667,95.51,0.05,4.57,316.313,1,221.25099999999998,313.48400000000004,0.64275,2.4499
69692,2016-09-19 18:00:00-05,2.8920833333333333,93.85,0.05,5.06,70.5199,1,112.796,91.5088,0.5666666666666667,2.5872
69703,2016-09-19 19:00:00-05,3.565,91.11,0.05,4.78,-2.71533,1,2.6072599999999997,-2.716,0.5298,1.8455
69714,2016-09-19 20:00:00-05,3.292133333333333,88.24,0.01,3.31,-2.71637,1,-2.71543,-2.7168200000000002,0.5453,2.134916666666667
69725,2016-09-19 21:00:00-05,2.343633333333333,85.57,0.01,2.47,-2.7169,1,-2.71596,-2.71727,0.6956,3.7345166666666665
69736,2016-09-19 22:00:00-05,1.3353166666666667,83.45,0.0,1.99,-2.71735,1,-2.7164,-2.7178,0.6537333333333332,1.0107833333333331
69747,2016-09-19 23:00:00-05,1.1916,81.21,0.0,2.36,-2.71779,1,-2.71677,-2.71785,0.40215,0.7981833333333331
69758,2016-09-20 00:00:00-05,1.549,80.81,0.02,2.99,-2.7178299999999997,1,-2.6771700000000003,-2.71821,0.39251666666666657,0.592
69769,2016-09-20 01:00:00-05,0.8119333333333331,79.33,0.0,3.01,-2.71787,1,-2.47344,-2.71828,0.5116833333333332,0.77105
69780,2016-09-20 02:00:00-05,0.8798666666666666,78.59,0.0,2.4,-2.71826,1,-2.49609,-2.7187099999999997,0.23425,0.56395
69791,2016-09-20 03:00:00-05,0.9196333333333332,77.35,0.0,2.17,-2.71828,1,-2.3772599999999997,-2.71875,0.4338,0.54745
69802,2016-09-20 04:00:00-05,0.8361833333333331,76.44,0.0,1.47,-2.71865,1,-2.37737,-2.71875,0.39716666666666656,0.5295166666666666
69813,2016-09-20 05:00:00-05,0.9117333333333332,75.9,0.02,1.5,-2.71875,1,-2.4847900000000003,-2.71877,0.4050833333333333,1.3889
69824,2016-09-20 06:00:00-05,1.0537666666666667,75.07,0.03,1.31,-3.3984300000000003,1,0.854657,-2.8378400000000004,0.39931666666666654,2.9447
69835,2016-09-20 07:00:00-05,0.6391,74.83,0.06,0.86,92.6809,1,59.7865,102.26,0.37721666666666653,1.4383333333333332
69846,2016-09-20 08:00:00-05,0.81755,75.73,0.06,1.19,312.644,1,219.301,330.171,0.4699333333333332,0.6049
69857,2016-09-20 09:00:00-05,1.0438,80.28,0.03,3.09,554.937,1,275.373,127.985,1.1458833333333331,0.67045
69868,2016-09-20 10:00:00-05,1.4097166666666667,84.66,0.02,2.02,442.505,1,583.9069999999999,668.842,1.6081166666666669,0.8495833333333331
69879,2016-09-20 11:00:00-05,1.62155,89.28,0.05,1.36,913.347,1,439.575,957.3489999999999,0.9072666666666666,1.2214333333333331
69890,2016-09-20 12:00:00-05,2.1662,92.57,0.05,2.46,1009.05,1,1006.76,991.823,1.2474333333333332,1.41275
69901,2016-09-20 13:00:00-05,2.1416166666666667,94.47,0.11,3.34,970.721,1,316.482,1076.14,0.8988,1.8968666666666667
69912,2016-09-20 14:00:00-05,2.357966666666667,95.75,0.17,3.68,303.311,1,522.904,932.362,0.8760166666666666,2.4484833333333333
69923,2016-09-20 15:00:00-05,2.736733333333333,96.34,0.25,4.07,648.202,1,175.30599999999998,746.57,1.0910333333333333,2.91535
69934,2016-09-20 16:00:00-05,2.64455,96.46,0.04,3.51,516.289,1,91.8466,555.533,0.7965833333333331,2.657566666666667
69945,2016-09-20 17:00:00-05,3.0625166666666668,96.01,0.08,3.27,285.063,1,99.4562,311.856,0.5778,2.545783333333333
69956,2016-09-20 18:00:00-05,2.787316666666667,94.22,0.03,3.05,64.941,1,27.0388,34.8417,1.267116666666667,2.1054666666666666
69967,2016-09-20 19:00:00-05,2.887083333333333,90.98,0.03,2.92,-3.3946699999999996,1,-1.01912,-2.716,1.3766333333333332,1.8731833333333332
69978,2016-09-20 20:00:00-05,2.37865,87.48,0.06,2.61,-3.3222199999999997,1,-1.69885,-2.7168,0.60755,2.4637333333333333
69989,2016-09-20 21:00:00-05,1.6537666666666668,85.22,0.22,2.68,-3.3343800000000003,1,-1.69897,-2.71733,0.9986166666666664,1.8580333333333332
70000,2016-09-20 22:00:00-05,1.5063833333333332,83.61,0.05,3.52,-3.19912,1,-2.21983,-2.71781,0.5505166666666667,1.8204
70011,2016-09-20 23:00:00-05,1.0039166666666663,82.28,0.03,3.92,-3.12601,1,-1.69861,-2.7179,0.5553,0.8879833333333331
70022,2016-09-21 00:00:00-05,0.7537666666666666,80.32,0.03,2.89,-2.71862,1,-2.37799,-2.71828,0.4383833333333333,0.83575
70033,2016-09-21 01:00:00-05,0.8171,78.12,0.03,2.57,-2.71875,1,-2.37799,-2.7183599999999997,0.5372833333333332,0.6422333333333332
70044,2016-09-21 02:00:00-05,0.8177166666666666,77.09,0.02,2.14,-2.71875,1,-2.17983,-2.71874,0.53615,0.9281166666666664
70055,2016-09-21 03:00:00-05,0.6353166666666666,76.39,0.0,1.58,-2.71875,1,-2.71771,-2.71875,0.3919666666666666,0.6573333333333332
70066,2016-09-21 04:00:00-05,0.8046,75.61,0.02,1.58,-2.71875,1,-2.71778,-2.71875,0.37771666666666653,0.6288166666666666
70077,2016-09-21 05:00:00-05,0.8450333333333331,74.95,0.08,1.33,-2.71909,1,-2.37833,-2.71919,0.6285,1.00655
70088,2016-09-21 06:00:00-05,0.90975,74.15,0.15,1.58,-3.399,1,-1.30792,-4.75861,0.7259166666666665,1.7795833333333333
70099,2016-09-21 07:00:00-05,0.6666666666666666,74.02,0.21,1.5,81.7449,1,135.953,94.4578,0.6385833333333332,2.618716666666667
70110,2016-09-21 08:00:00-05,0.5583166666666666,74.96,0.3,1.78,302.555,1,307.092,317.888,0.4892,0.7651833333333331
70121,2016-09-21 09:00:00-05,0.79985,77.51,0.43,1.69,533.354,1,181.637,187.641,0.5229666666666666,0.73795
70132,2016-09-21 10:00:00-05,1.0919333333333332,81.26,0.31,1.87,815.186,1,882.658,543.115,0.849383333333333,1.3492166666666667
70143,2016-09-21 11:00:00-05,1.35395,85.15,0.21,3.29,918.2869999999999,1,339.14300000000003,905.827,0.785833333333333,1.4117166666666667
70154,2016-09-21 12:00:00-05,1.6359666666666668,88.59,0.14,3.62,287.759,1,691.372,1052.98,1.0169333333333332,1.58585
70165,2016-09-21 13:00:00-05,2.18655,91.05,0.2,3.3,955.0980000000001,1,1063.23,1030.22,1.4530666666666667,1.6891
70176,2016-09-21 14:00:00-05,2.3287166666666668,92.33,0.25,4.36,940.502,1,911.7280000000001,908.5939999999999,1.8740666666666668,1.9399833333333332
70187,2016-09-21 15:00:00-05,2.5856166666666667,92.94,0.19,5.02,593.6669999999999,1,345.619,233.602,1.5246333333333333,1.7504
70198,2016-09-21 16:00:00-05,2.82365,93.03,0.2,5.04,522.9169999999999,1,638.499,121.64200000000001,1.6978833333333332,1.9253
70209,2016-09-21 17:00:00-05,2.735,92.29,0.17,4.63,292.433,1,419.44199999999995,58.0646,2.10345,2.9663833333333334
70220,2016-09-21 18:00:00-05,3.45205,91.06,0.25,4.65,66.0273,1,163.066,90.365,2.2621333333333333,2.544383333333333
70231,2016-09-21 19:00:00-05,2.875433333333333,87.78,0.14,3.98,-3.37825,1,1.06882,-2.71691,2.1858833333333334,1.8022166666666668
70242,2016-09-21 20:00:00-05,1.8412,84.23,0.04,3.3,-2.94895,1,-2.71538,-2.71733,2.52055,2.2160333333333333
70253,2016-09-21 21:00:00-05,1.539383333333333,81.63,0.02,3.45,-2.71758,1,-2.7158599999999997,-2.71782,1.93715,1.4052166666666668
70264,2016-09-21 22:00:00-05,0.92225,79.88,0.02,2.59,-2.7178299999999997,1,-2.71631,-2.7181599999999997,1.3801,1.0400333333333331
70275,2016-09-21 23:00:00-05,0.65655,78.29,0.03,2.14,-2.69518,1,-2.71675,-2.71828,0.8858166666666666,0.9563666666666664
70286,2016-09-22 00:00:00-05,0.8886166666666666,77.35,0.09,3.29,-2.59326,1,-2.7168200000000002,-2.71873,0.70325,0.6055166666666666
70297,2016-09-22 01:00:00-05,0.8446666666666666,75.28,0.14,2.29,-2.71805,1,-2.7170900000000002,-2.71875,0.69465,0.7925
70308,2016-09-22 02:00:00-05,0.6152833333333332,74.37,0.36,2.18,-2.50883,1,-2.71725,-2.80937,0.6141666666666666,0.5904
70319,2016-09-22 03:00:00-05,0.5776666666666666,73.59,0.37,1.44,-2.57186,1,-2.71765,-2.7188,0.6763666666666666,0.6091166666666666
70330,2016-09-22 04:00:00-05,0.5603666666666666,73.13,0.36,1.49,-1.0198200000000002,1,-2.7177,-2.7191799999999997,0.72885,0.5599333333333332
70341,2016-09-22 05:00:00-05,0.6421333333333332,72.59,0.37,0.51,-1.1955200000000001,1,-2.7177,-2.7193,1.0152166666666664,0.7721833333333331
70352,2016-09-22 06:00:00-05,0.8448333333333331,72.07,0.37,0.66,-1.6997900000000001,1,-1.78915,-5.05912,0.9949333333333332,1.0418833333333333
70363,2016-09-22 07:00:00-05,0.6905666666666666,72.6,0.37,0.62,65.4152,1,119.375,74.5346,0.5895666666666666,0.6486833333333332
70374,2016-09-22 08:00:00-05,0.4769333333333332,74.36,0.37,0.62,336.43199999999996,1,346.477,313.564,0.770733333333333,0.5955166666666666
70385,2016-09-22 09:00:00-05,0.8147333333333331,77.86,0.37,0.51,486.289,1,394.288,538.534,0.5534666666666666,1.14555
70396,2016-09-22 10:00:00-05,0.9231833333333332,81.63,0.38,0.76,725.018,1,863.4730000000001,235.06099999999998,1.0863333333333332,1.7777666666666667
70407,2016-09-22 11:00:00-05,2.0532833333333333,85.02,0.34,2.67,244.567,1,743.58,1011.74,1.1798,1.2992
70418,2016-09-22 12:00:00-05,2.029866666666667,88.51,0.11,3.51,980.045,1,1050.38,510.43,1.5739,2.039133333333333
70429,2016-09-22 13:00:00-05,2.1359166666666667,90.48,0.21,3.5,954.5,1,988.303,858.6139999999999,1.2686166666666667,3.021516666666667
70440,2016-09-22 14:00:00-05,2.5121333333333333,91.61,0.21,3.76,253.785,1,981.513,271.337,1.9925,3.20305
70451,2016-09-22 15:00:00-05,2.7224666666666666,92.25,0.26,4.79,224.243,1,807.319,240.014,1.6163833333333333,2.8626666666666667
70462,2016-09-22 16:00:00-05,2.7156333333333333,92.17,0.29,4.29,511.168,1,623.596,184.25799999999998,2.2380666666666666,2.7582
70473,2016-09-22 17:00:00-05,2.60565,90.53,0.58,4.61,270.265,1,319.133,115.613,2.056033333333333,2.68135
70484,2016-09-22 18:00:00-05,2.5860833333333333,87.23,0.27,5.42,37.2456,1,92.3674,51.6212,1.6832166666666668,2.38095
70495,2016-09-22 19:00:00-05,2.19905,86.05,0.45,5.55,-2.71636,1,2.09228,-2.71717,1.82195,2.3832
70506,2016-09-22 20:00:00-05,1.5872,83.56,0.72,5.24,-2.7168799999999997,1,-2.7153400000000003,-2.71749,1.82225,2.0273166666666667
70517,2016-09-22 21:00:00-05,1.2114,82.16,0.32,4.95,-2.71731,1,-2.71585,-2.7178299999999997,1.18095,1.2112333333333332
70528,2016-09-22 22:00:00-05,0.93595,80.61,0.24,4.68,-2.71779,1,-2.71634,-2.71798,1.13455,0.9942
70539,2016-09-22 23:00:00-05,0.9027333333333332,79.43,0.13,5.0,-2.7178299999999997,1,-2.71678,-2.71828,0.6236833333333331,0.77085
70550,2016-09-23 00:00:00-05,0.8275,78.12,0.13,4.91,-2.7181599999999997,1,-2.71678,-2.7183,0.8839166666666666,0.7346666666666665
70561,2016-09-23 01:00:00-05,0.6824166666666666,76.99,0.19,4.39,-2.71828,1,-2.71723,-2.68475,0.6384,0.5561333333333331
70572,2016-09-23 02:00:00-05,0.9302166666666664,76.59,0.38,4.32,-2.71873,1,-2.71728,-2.69042,0.6778833333333332,0.5473166666666666
70583,2016-09-23 03:00:00-05,0.6666666666666666,76.07,0.53,4.64,-2.5941400000000003,1,-2.7176400000000003,-2.71875,0.6259166666666666,0.5541
70594,2016-09-23 04:00:00-05,0.5863666666666666,75.57,0.5,3.77,-2.71875,1,-2.7177,-2.71875,0.38455,0.5952333333333332
70605,2016-09-23 05:00:00-05,0.83205,75.16,0.67,3.65,-2.7189,1,-2.7177,-2.71875,0.7725333333333331,0.737
70616,2016-09-23 06:00:00-05,0.88125,74.62,0.57,2.88,-3.1551099999999996,1,-2.37799,-3.3984300000000003,1.0359833333333333,0.80525
70627,2016-09-23 07:00:00-05,0.8036833333333331,74.34,0.5,2.41,83.7676,1,126.339,93.2416,0.6622166666666666,0.59425
70638,2016-09-23 08:00:00-05,0.6997166666666667,75.48,0.53,2.88,309.149,1,353.18800000000005,318.815,0.66125,0.5754333333333332
70649,2016-09-23 09:00:00-05,0.6989666666666666,77.86,0.67,4.1,541.447,1,577.8530000000001,560.3919999999999,0.7118166666666667,0.6446666666666666
70660,2016-09-23 10:00:00-05,0.6823666666666666,80.17,0.51,5.54,739.692,1,771.63,731.9110000000001,0.9280833333333331,0.8407
70671,2016-09-23 11:00:00-05,0.8435,82.02,0.45,5.37,888.562,1,910.298,869.8789999999999,1.4291,1.4011333333333331
70682,2016-09-23 12:00:00-05,1.3191333333333333,84.73,0.36,5.56,1021.44,1,980.22,949.547,1.4926666666666668,1.61615
70693,2016-09-23 13:00:00-05,1.1619,87.92,0.36,6.28,1025.18,1,980.9789999999999,965.3910000000001,1.4092333333333331,2.1418833333333334
70704,2016-09-23 14:00:00-05,1.51505,87.88,0.35,6.64,878.829,1,908.6389999999999,906.0089999999999,1.9601166666666667,2.262566666666667
70715,2016-09-23 15:00:00-05,1.5331333333333332,89.32,0.31,6.71,241.358,1,800.846,518.956,2.0517333333333334,2.527016666666667
70726,2016-09-23 16:00:00-05,2.134183333333333,91.06,0.14,6.73,499.89099999999996,1,616.577,639.268,2.416666666666667,2.4888166666666667
70737,2016-09-23 17:00:00-05,2.8205,90.29,0.17,6.7,257.42,1,388.945,303.442,2.28405,2.4765333333333333
70748,2016-09-23 18:00:00-05,2.14465,88.74,0.24,6.91,37.5358,1,159.148,95.7301,2.84315,2.448633333333333
70759,2016-09-23 19:00:00-05,1.7613166666666669,85.03,0.29,7.31,-2.71591,1,0.667221,-2.71522,3.281483333333333,1.8925333333333332
70770,2016-09-23 20:00:00-05,1.74745,82.58,0.06,7.07,-2.71655,1,-3.39415,-2.7161,1.807483333333333,1.4351666666666667
70781,2016-09-23 21:00:00-05,1.2407,80.7,0.06,6.68,-2.71698,1,-2.89709,-2.71656,1.4007333333333332,1.1195833333333332
70792,2016-09-23 22:00:00-05,0.83685,79.27,0.1,6.69,-2.7174400000000003,1,-2.71674,-2.71691,1.2451666666666668,1.2357166666666668
70803,2016-09-23 23:00:00-05,0.7711833333333331,78.43,0.44,6.54,-2.71782,1,-2.7168799999999997,-2.7174099999999997,0.9294166666666664,0.5620166666666666
70814,2016-09-24 00:00:00-05,0.8718,77.63,0.4,5.93,-2.7178299999999997,0,-2.7172400000000003,-2.71782,0.8479666666666666,0.7359166666666666
70825,2016-09-24 01:00:00-05,0.8116,76.83,0.63,4.93,-2.71821,0,-2.79094,-2.7178299999999997,0.5733666666666666,0.65935
70836,2016-09-24 02:00:00-05,0.62115,76.41,0.7,4.31,-2.6447,0,-2.84226,-2.7178299999999997,0.5561666666666666,0.7981333333333331
70847,2016-09-24 03:00:00-05,0.61225,75.87,0.77,3.58,-2.61672,0,-2.7177,-2.71826,0.5515333333333332,0.5835166666666666
70858,2016-09-24 04:00:00-05,0.6152333333333332,75.68,0.73,3.63,-2.71875,0,-2.7519,-2.71828,0.6009166666666667,0.57105
70869,2016-09-24 05:00:00-05,0.9267,75.74,0.77,4.02,-2.71875,0,-3.2164900000000003,-2.71866,0.8066333333333331,0.5352
70880,2016-09-24 06:00:00-05,0.6758,75.62,0.89,3.64,-2.7357400000000003,0,-2.69588,-2.9849200000000002,1.75655,0.52395
70891,2016-09-24 07:00:00-05,0.6361833333333332,75.55,0.89,3.48,105.09,0,128.986,86.6647,2.162783333333333,0.5314333333333332
70902,2016-09-24 08:00:00-05,0.8978333333333332,76.15,0.85,4.02,90.5361,0,359.499,308.164,0.6513166666666667,0.6949166666666666
70913,2016-09-24 09:00:00-05,0.95335,77.68,0.78,5.45,564.4540000000001,0,592.486,432.471,0.8599666666666665,0.8011
70924,2016-09-24 10:00:00-05,0.8403833333333331,79.86,0.64,6.48,799.8810000000001,0,773.3389999999999,729.57,1.1255333333333333,1.71385
70935,2016-09-24 11:00:00-05,1.4258833333333332,82.6,0.48,7.07,651.95,0,908.3860000000001,539.937,1.5500166666666668,1.481666666666667
70946,2016-09-24 12:00:00-05,1.46215,84.77,0.48,7.01,978.711,0,986.685,975.988,1.6788333333333332,2.010133333333333
70957,2016-09-24 13:00:00-05,1.8814666666666668,87.07,0.47,7.04,229.63299999999998,0,991.1139999999999,935.698,1.5846333333333331,1.94625
70968,2016-09-24 14:00:00-05,1.8593166666666667,88.67,0.49,6.75,854.677,0,951.054,913.25,2.276283333333333,2.23305
70979,2016-09-24 15:00:00-05,2.5635833333333333,91.1,0.38,7.48,734.2080000000001,0,853.825,772.6569999999999,2.588616666666667,2.23925
70990,2016-09-24 16:00:00-05,2.698033333333333,89.53,0.45,8.01,492.411,0,624.893,386.51599999999996,2.3212,2.5749833333333334
71001,2016-09-24 17:00:00-05,2.010183333333333,84.64,0.42,6.79,270.277,0,437.60400000000004,294.908,2.334683333333333,2.8913333333333333
71012,2016-09-24 18:00:00-05,1.56305,82.62,0.39,5.2,21.0076,0,163.626,65.0547,2.1336,2.135416666666667
71023,2016-09-24 19:00:00-05,1.1623333333333332,81.34,0.3,5.07,-2.73867,0,0.21490900000000002,-3.02026,2.9217,2.1497333333333333
71034,2016-09-24 20:00:00-05,1.1205333333333332,80.27,0.31,5.16,-2.71677,0,-2.71539,-2.71575,2.221216666666667,2.101183333333333
71045,2016-09-24 21:00:00-05,1.1312666666666669,79.36,0.32,5.72,-2.71723,0,-2.7158599999999997,-2.71643,1.6279666666666668,1.60705
71056,2016-09-24 22:00:00-05,1.0282,78.26,0.28,4.66,-2.7175599999999998,0,-2.71644,-2.7169,1.1756166666666668,1.150383333333333
71067,2016-09-24 23:00:00-05,0.72105,77.59,0.23,3.65,-2.3781,0,-2.71678,-2.71743,0.8091666666666666,1.511283333333333
71078,2016-09-25 00:00:00-05,0.81465,76.09,0.58,2.59,-2.7178299999999997,0,-2.71692,-2.71782,0.7674833333333331,1.363816666666667
71089,2016-09-25 01:00:00-05,0.6033666666666666,75.16,0.71,3.04,-2.71786,0,-2.7172400000000003,-2.7178299999999997,0.8606666666666666,0.9211833333333332
71100,2016-09-25 02:00:00-05,0.4170833333333333,74.9,0.78,3.01,-2.71787,0,-2.71725,-2.71807,0.6447166666666666,0.7392333333333331
71111,2016-09-25 03:00:00-05,0.6148166666666666,74.46,0.76,3.11,-2.7181900000000003,0,-2.7176400000000003,-2.71828,0.7981833333333331,0.7600333333333331
71122,2016-09-25 04:00:00-05,0.44406666666666655,74.14,0.78,3.04,-2.71828,0,-2.71204,-2.71849,0.6947166666666666,0.8719
71133,2016-09-25 05:00:00-05,0.5816833333333332,73.97,0.81,3.27,-2.71835,0,-2.42328,-2.71874,0.9255,0.7034666666666666
71144,2016-09-25 06:00:00-05,0.4262166666666666,74.02,0.87,3.39,-2.9790799999999997,0,-2.63278,-3.3984300000000003,0.8421833333333331,0.81425
71155,2016-09-25 07:00:00-05,0.5757666666666666,74.29,0.9,3.24,33.2184,0,121.53200000000001,96.6513,0.8153333333333331,1.0400333333333331
71166,2016-09-25 08:00:00-05,1.0101666666666664,74.82,0.84,3.59,253.583,0,350.7,312.031,0.838,2.04635
71177,2016-09-25 09:00:00-05,0.88595,75.36,0.74,2.5,417.584,0,680.4580000000001,542.012,0.8182833333333331,3.39725
71188,2016-09-25 10:00:00-05,0.6842333333333332,77.27,0.81,2.17,833.882,0,813.368,729.8739999999999,1.0133333333333332,1.6919666666666668
71199,2016-09-25 11:00:00-05,1.30415,78.0,0.87,1.95,295.12,0,979.7710000000001,868.307,1.5402,2.79825
71210,2016-09-25 12:00:00-05,1.09425,78.91,0.88,1.29,981.5369999999999,0,1063.64,937.16,1.5516666666666667,2.2664666666666666
71221,2016-09-25 13:00:00-05,1.2381833333333332,80.04,0.93,1.51,454.764,0,1033.99,935.967,1.7807833333333332,2.9595
71232,2016-09-25 14:00:00-05,2.100966666666667,81.45,0.84,2.4,782.3739999999999,0,979.2289999999999,370.51199999999994,2.173033333333333,2.977466666666667
71243,2016-09-25 15:00:00-05,3.86445,81.54,0.74,3.97,306.525,0,872.2080000000001,433.79699999999997,2.289016666666667,3.0296333333333334
71254,2016-09-25 16:00:00-05,1.4867833333333331,82.13,0.72,4.01,548.403,0,597.144,520.188,2.2908166666666667,2.9498
71265,2016-09-25 17:00:00-05,1.75865,78.71,0.88,3.5,243.981,0,431.711,321.10900000000004,2.18145,2.89835
71276,2016-09-25 18:00:00-05,1.5123666666666669,74.02,0.9,3.96,10.4194,0,149.463,90.697,2.048766666666667,2.722833333333333
71287,2016-09-25 19:00:00-05,1.2697666666666667,72.61,0.9,3.52,-2.71633,0,0.5712149999999999,-3.08793,1.3239666666666667,3.3231333333333333
71298,2016-09-25 20:00:00-05,1.2246,72.51,0.87,3.57,-2.71687,0,-2.71542,-2.7157,1.6838333333333333,3.42995
71309,2016-09-25 21:00:00-05,0.9873833333333332,72.48,0.85,2.29,-2.71703,0,-2.71596,-2.71643,1.03825,2.083216666666667
71320,2016-09-25 22:00:00-05,0.8957,72.67,0.88,2.81,-2.38902,0,-2.7166200000000003,-2.7169,0.9183833333333332,1.80905
71331,2016-09-25 23:00:00-05,0.6979,72.56,0.91,1.57,-2.5082400000000002,0,-2.71678,-2.71734,0.5136833333333332,1.1006
71342,2016-09-26 00:00:00-05,0.6668333333333332,73.23,0.81,2.57,-2.71786,1,-2.71717,-2.71781,0.6730166666666666,0.7311
71353,2016-09-26 01:00:00-05,0.52725,72.43,0.94,2.9,-2.7178299999999997,1,-2.71727,-2.7178299999999997,0.5612333333333333,0.84995
71364,2016-09-26 02:00:00-05,0.5242333333333332,72.79,0.9,4.22,-2.37839,1,-2.71767,-2.7178299999999997,0.5505333333333332,0.9636
71375,2016-09-26 03:00:00-05,0.5148,72.69,0.84,3.87,-2.37856,1,-2.7177,-2.7180400000000002,0.5242666666666665,0.9098833333333332
71386,2016-09-26 04:00:00-05,0.51955,72.55,0.74,4.04,-2.4979400000000003,1,-2.71774,-2.71828,0.3851,0.85665
71397,2016-09-26 05:00:00-05,1.0444833333333332,72.19,0.7,4.43,-2.44201,1,-2.71778,-2.71828,0.6755333333333332,0.9988333333333332
71408,2016-09-26 06:00:00-05,0.9069833333333333,72.11,0.86,4.34,-2.7196599999999997,1,-2.71779,-3.3978699999999997,0.5475166666666667,1.0137166666666664
71419,2016-09-26 07:00:00-05,0.5594,71.77,0.88,5.11,7.41675,1,54.9835,93.0277,0.53905,0.96045
71430,2016-09-26 08:00:00-05,0.5342666666666666,72.05,0.9,5.44,41.0669,1,347.015,319.844,0.7968666666666666,1.0568
71441,2016-09-26 09:00:00-05,0.61135,72.68,0.79,6.45,254.23,1,674.944,543.385,0.9080833333333332,1.0585
71452,2016-09-26 10:00:00-05,0.5472833333333332,73.08,0.76,6.47,537.35,1,805.529,730.2460000000001,1.3997333333333333,1.4636333333333331
71463,2016-09-26 11:00:00-05,0.5737333333333332,72.82,0.84,7.75,524.706,1,964.185,863.327,1.1561666666666668,1.7686666666666668
71474,2016-09-26 12:00:00-05,0.7343333333333332,72.11,0.9,7.66,399.965,1,1021.27,923.612,1.552,1.7824166666666668
71485,2016-09-26 13:00:00-05,0.5797833333333332,71.58,0.99,7.3,450.94599999999997,1,983.7819999999999,924.9,1.9339333333333333,2.357416666666667
71496,2016-09-26 14:00:00-05,0.5608333333333332,72.29,0.93,8.0,143.386,1,995.675,974.414,1.8544333333333332,2.8147333333333333
71507,2016-09-26 15:00:00-05,0.99525,72.89,0.82,8.18,151.88,1,813.762,673.967,2.9298,3.1435
71518,2016-09-26 16:00:00-05,0.44826666666666654,72.63,0.76,7.85,108.74799999999999,1,178.975,197.92,2.268616666666667,3.1196
71529,2016-09-26 17:00:00-05,0.4673666666666666,71.33,0.87,7.9,66.076,1,411.3,316.313,2.309266666666667,2.937066666666667
71540,2016-09-26 18:00:00-05,2.7323833333333334,69.72,0.92,8.4,6.09581,1,150.795,70.5199,2.51855,2.8920833333333333
71551,2016-09-26 19:00:00-05,0.92305,68.34,0.96,7.76,-2.3795,1,-1.01779,-2.71533,2.572633333333333,3.565
71562,2016-09-26 20:00:00-05,0.98205,67.9,0.95,7.41,-2.37984,1,-2.71529,-2.71637,2.5292,3.292133333333333
71573,2016-09-26 21:00:00-05,1.0999,66.92,0.96,6.53,-2.7198900000000004,1,-2.71585,-2.7169,1.8573333333333333,2.343633333333333
71584,2016-09-26 22:00:00-05,0.4199833333333333,66.75,0.92,6.37,-2.3799,1,-2.71069,-2.71735,1.28975,1.3353166666666667
71595,2016-09-26 23:00:00-05,0.2809833333333333,66.37,0.73,6.16,-2.3799,1,-2.71678,-2.71779,1.0183,1.1916
71606,2016-09-27 00:00:00-05,0.3586166666666666,66.17,0.79,4.83,-2.72031,1,-2.7168,-2.7178299999999997,0.8075833333333331,1.549
71617,2016-09-27 01:00:00-05,0.3166666666666666,66.22,0.8,4.75,-2.5392799999999998,1,-2.7172400000000003,-2.71787,0.7436833333333331,0.8119333333333331
71628,2016-09-27 02:00:00-05,0.2595666666666666,66.06,0.8,3.89,-1.7005099999999997,1,-2.71742,-2.71826,0.8299833333333331,0.8798666666666666
71639,2016-09-27 03:00:00-05,0.4804833333333332,66.58,0.75,4.0,-1.81387,1,-2.7177,-2.71828,0.6323666666666666,0.9196333333333332
71650,2016-09-27 04:00:00-05,0.3172,66.6,0.75,3.9,-1.7006299999999999,1,-2.7177,-2.71865,0.61085,0.8361833333333331
71661,2016-09-27 05:00:00-05,0.3277166666666666,66.6,0.75,4.01,-1.97292,1,-2.7177,-2.71875,0.5921333333333332,0.9117333333333332
71672,2016-09-27 06:00:00-05,0.49195,66.57,0.76,4.25,-2.38111,1,-2.71781,-3.3984300000000003,0.4188,1.0537666666666667
71683,2016-09-27 07:00:00-05,0.2559833333333333,67.3,0.65,3.91,26.9802,1,122.84700000000001,92.6809,0.6713833333333332,0.6391
71694,2016-09-27 08:00:00-05,0.2396,67.51,0.76,3.46,59.5227,1,342.523,312.644,1.1478666666666668,0.81755
71705,2016-09-27 09:00:00-05,0.19103333333333328,68.85,0.74,3.82,108.469,1,590.691,554.937,0.8837,1.0438
71716,2016-09-27 10:00:00-05,0.2557833333333333,70.62,0.63,4.01,144.53,1,826.169,442.505,1.17505,1.4097166666666667
71727,2016-09-27 11:00:00-05,0.2903166666666666,72.94,0.74,4.63,222.812,1,169.111,913.347,1.2039333333333333,1.62155
71738,2016-09-27 12:00:00-05,0.2720333333333333,74.55,0.84,3.95,331.945,1,1032.93,1009.05,1.9606666666666668,2.1662
71749,2016-09-27 13:00:00-05,0.5935,76.4,0.87,3.56,268.106,1,1095.28,970.721,1.8622166666666669,2.1416166666666667
71760,2016-09-27 14:00:00-05,0.7636166666666666,77.31,0.84,2.96,152.8,1,962.196,303.311,1.7690666666666668,2.357966666666667
71771,2016-09-27 15:00:00-05,0.7855666666666666,76.89,0.78,4.99,191.03799999999998,1,857.138,648.202,2.3020666666666667,2.736733333333333
71782,2016-09-27 16:00:00-05,0.6959833333333332,77.53,0.75,3.92,214.82,1,669.513,516.289,2.80105,2.64455
71793,2016-09-27 17:00:00-05,1.2466833333333331,78.1,0.62,3.29,295.991,1,286.45099999999996,285.063,2.68875,3.0625166666666668
71804,2016-09-27 18:00:00-05,1.8158333333333332,77.33,0.3,2.16,14.6585,1,131.871,64.941,2.24045,2.787316666666667
71815,2016-09-27 19:00:00-05,2.3537166666666667,74.94,0.7,1.8,-2.22724,1,-1.35146,-3.3946699999999996,1.9416666666666669,2.887083333333333
71826,2016-09-27 20:00:00-05,1.4766833333333331,72.03,0.59,1.42,-2.1823099999999998,1,-2.7153099999999997,-3.3222199999999997,2.372816666666667,2.37865
71837,2016-09-27 21:00:00-05,1.0363833333333332,70.1,0.4,0.87,-1.8025400000000003,1,-2.71582,-3.3343800000000003,1.4998833333333332,1.6537666666666668
71848,2016-09-27 22:00:00-05,0.6137166666666666,68.61,0.06,1.11,-2.05761,1,-2.71628,-3.19912,0.7946333333333331,1.5063833333333332
71859,2016-09-27 23:00:00-05,0.43321666666666653,67.58,0.04,1.15,-2.53404,1,-2.71677,-3.12601,0.8653166666666666,1.0039166666666663
71870,2016-09-28 00:00:00-05,0.4256666666666665,70.48,0.06,1.16,-2.3813,1,-2.71678,-2.71862,0.7036,0.7537666666666666
71881,2016-09-28 01:00:00-05,0.2948166666666666,69.89,0.06,1.43,-2.38151,1,-2.71714,-2.71875,0.7437833333333331,0.8171
71892,2016-09-28 02:00:00-05,0.27835,68.9,0.06,1.38,-2.18306,1,-2.37759,-2.71875,0.4871666666666666,0.8177166666666666
71903,2016-09-28 03:00:00-05,0.57895,67.74,0.06,0.97,-2.38151,1,-2.71725,-2.71875,0.6158,0.6353166666666666
71914,2016-09-28 04:00:00-05,0.2851833333333333,67.12,0.06,0.9,-2.38151,1,-2.71751,-2.71875,0.6231666666666666,0.8046
71925,2016-09-28 05:00:00-05,0.3596333333333333,66.55,0.05,2.17,-2.12635,1,-2.9215299999999997,-2.71909,0.9576,0.8450333333333331
71936,2016-09-28 06:00:00-05,0.5901666666666666,66.12,0.06,2.08,-2.3813400000000002,1,-2.63278,-3.399,0.8938666666666666,0.90975
71947,2016-09-28 07:00:00-05,0.2472833333333333,66.01,0.07,2.2,17.6599,1,118.42399999999999,81.7449,0.6225333333333332,0.6666666666666666
71958,2016-09-28 08:00:00-05,0.22503333333333328,66.8,0.06,2.15,61.1379,1,207.16,302.555,0.5467,0.5583166666666666
71969,2016-09-28 09:00:00-05,0.22325,70.08,0.06,2.44,92.2907,1,553.947,533.354,0.5497,0.79985
71980,2016-09-28 10:00:00-05,0.2489333333333333,74.71,0.04,2.45,127.50399999999999,1,777.32,815.186,0.6062833333333332,1.0919333333333332
71991,2016-09-28 11:00:00-05,0.5115666666666666,78.69,0.05,1.96,243.39,1,741.453,918.2869999999999,0.6370333333333332,1.35395
72002,2016-09-28 12:00:00-05,1.0545666666666669,81.58,0.05,0.79,340.214,1,1063.36,287.759,0.841233333333333,1.6359666666666668
72013,2016-09-28 13:00:00-05,1.4679666666666669,83.67,0.05,0.4,283.744,1,1127.79,955.0980000000001,1.0787,2.18655
72024,2016-09-28 14:00:00-05,1.5989666666666669,85.49,0.03,0.44,474.209,1,989.822,940.502,1.7512333333333332,2.3287166666666668
72035,2016-09-28 15:00:00-05,1.9145666666666667,86.01,0.03,0.24,300.978,1,862.168,593.6669999999999,1.6354833333333332,2.5856166666666667
72046,2016-09-28 16:00:00-05,1.8177333333333332,86.6,0.02,0.16,515.4830000000001,1,656.617,522.9169999999999,1.5710333333333333,2.82365
72057,2016-09-28 17:00:00-05,1.9469,85.83,0.02,0.97,311.72700000000003,1,263.569,292.433,2.262316666666667,2.735
72068,2016-09-28 18:00:00-05,1.9728,85.45,0.02,1.96,25.0793,1,145.832,66.0273,1.7264,3.45205
72079,2016-09-28 19:00:00-05,1.1034666666666668,82.17,0.01,0.99,-2.71835,1,-1.69629,-3.37825,2.2381,2.875433333333333
72090,2016-09-28 20:00:00-05,1.5600166666666668,76.27,0.01,0.38,-2.50372,1,-2.71537,-2.94895,1.7278833333333332,1.8412
72101,2016-09-28 21:00:00-05,1.1641,72.2,0.01,0.51,-2.71952,1,-2.7160599999999997,-2.71758,0.9610333333333332,1.539383333333333
72112,2016-09-28 22:00:00-05,0.6395166666666666,70.1,0.01,0.35,-2.7198900000000004,1,-2.7166200000000003,-2.7178299999999997,0.8026333333333331,0.92225
72123,2016-09-28 23:00:00-05,0.5683166666666666,67.76,0.01,0.47,-2.72023,1,-2.71678,-2.69518,0.5560333333333332,0.65655
72134,2016-09-29 00:00:00-05,0.4140666666666665,67.56,0.04,1.3,-2.3293,1,-2.70024,-2.59326,0.5626333333333332,0.8886166666666666
72145,2016-09-29 01:00:00-05,0.4128833333333333,64.92,0.01,1.97,-2.3803099999999997,1,-2.71725,-2.71805,0.37145,0.8446666666666666
72156,2016-09-29 02:00:00-05,0.2450833333333333,63.79,0.01,2.13,-2.38021,1,-2.7174099999999997,-2.50883,0.36865,0.6152833333333332
72167,2016-09-29 03:00:00-05,0.49065,63.01,0.0,1.59,-2.53333,1,-2.35534,-2.57186,0.5201333333333332,0.5776666666666666
72178,2016-09-29 04:00:00-05,0.3401166666666666,62.28,0.0,2.07,-2.3803099999999997,1,-2.37799,-1.0198200000000002,0.3606666666666666,0.5603666666666666
72189,2016-09-29 05:00:00-05,0.42545,61.44,0.0,2.39,-2.72059,1,-2.5535099999999997,-1.1955200000000001,0.4248833333333333,0.6421333333333332
72200,2016-09-29 06:00:00-05,0.5617166666666666,61.39,0.01,3.17,-3.2196,1,-2.28174,-1.6997900000000001,0.6744666666666665,0.8448333333333331
72211,2016-09-29 07:00:00-05,0.3312333333333333,61.41,0.02,4.0,45.9132,1,24.5669,65.4152,0.41091666666666654,0.6905666666666666
72222,2016-09-29 08:00:00-05,0.3035333333333333,63.13,0.02,4.36,97.363,1,68.5597,336.43199999999996,0.3783,0.4769333333333332
72233,2016-09-29 09:00:00-05,0.2829,68.05,0.02,6.87,475.161,1,111.19,486.289,0.6414,0.8147333333333331
72244,2016-09-29 10:00:00-05,0.2335666666666666,71.84,0.02,7.79,706.7310000000001,1,152.914,725.018,0.6997166666666667,0.9231833333333332
72255,2016-09-29 11:00:00-05,0.2474333333333333,75.25,0.01,7.96,698.066,1,983.3510000000001,244.567,0.8441,2.0532833333333333
72266,2016-09-29 12:00:00-05,1.1128833333333332,78.73,0.04,7.44,971.195,1,559.355,980.045,1.3886833333333333,2.029866666666667
72277,2016-09-29 13:00:00-05,2.6523166666666667,81.44,0.04,7.72,278.907,1,838.175,954.5,1.8524,2.1359166666666667
72288,2016-09-29 14:00:00-05,1.8282,82.96,0.05,7.81,447.298,1,216.899,253.785,2.09965,2.5121333333333333
72299,2016-09-29 15:00:00-05,2.1207166666666666,83.48,0.06,8.1,251.92,1,421.254,224.243,2.1210666666666667,2.7224666666666666
72310,2016-09-29 16:00:00-05,2.1548833333333333,83.23,0.07,8.2,452.94,1,266.056,511.168,2.282316666666667,2.7156333333333333
72321,2016-09-29 17:00:00-05,2.372583333333333,81.81,0.08,7.11,227.955,1,257.76599999999996,270.265,2.8004,2.60565
72332,2016-09-29 18:00:00-05,2.0530166666666667,79.38,0.08,6.77,32.0093,1,47.3685,37.2456,3.3972333333333333,2.5860833333333333
72343,2016-09-29 19:00:00-05,0.9953333333333332,76.06,0.04,5.15,-2.71793,1,2.1791,-2.71636,2.33915,2.19905
72354,2016-09-29 20:00:00-05,1.3737166666666667,72.72,0.02,4.5,-2.71888,1,-2.60445,-2.7168799999999997,1.3862,1.5872
72365,2016-09-29 21:00:00-05,0.7265,69.4,0.02,4.13,-2.7250400000000004,1,-2.37799,-2.71731,1.618083333333333,1.2114
72376,2016-09-29 22:00:00-05,0.42661666666666653,67.77,0.02,4.05,-2.72555,1,-2.42328,-2.71779,1.776,0.93595
72387,2016-09-29 23:00:00-05,0.5395333333333332,66.2,0.0,3.64,-3.1282200000000002,1,-2.7177,-2.7178299999999997,0.6526166666666666,0.9027333333333332
72398,2016-09-30 00:00:00-05,0.3982333333333333,64.61,0.05,3.23,-2.72072,1,-2.37832,-2.7181599999999997,0.750583333333333,0.8275
72409,2016-09-30 01:00:00-05,0.2645666666666666,63.24,0.06,3.33,-2.7208099999999997,1,-2.37839,-2.71828,0.60955,0.6824166666666666
72420,2016-09-30 02:00:00-05,0.2629,62.02,0.06,4.05,-2.72126,1,-2.37839,-2.71873,0.6133333333333332,0.9302166666666664
72431,2016-09-30 03:00:00-05,0.2704666666666666,60.99,0.03,3.84,-2.38136,1,-2.50897,-2.5941400000000003,0.5782666666666666,0.6666666666666666
72442,2016-09-30 04:00:00-05,0.4003833333333333,60.19,0.04,2.26,-2.58564,1,-2.3731299999999997,-2.71875,0.54025,0.5863666666666666
72453,2016-09-30 05:00:00-05,0.6168166666666666,58.92,0.04,3.03,-2.2284200000000003,1,-2.37879,-2.7189,0.7596166666666666,0.83205
72464,2016-09-30 06:00:00-05,0.5667333333333332,58.22,0.03,2.79,-2.38151,1,-2.37863,-3.1551099999999996,2.1574,0.88125
72475,2016-09-30 07:00:00-05,0.2698,58.22,0.06,2.75,102.331,1,43.7229,83.7676,1.6283,0.8036833333333331
72486,2016-09-30 08:00:00-05,0.20713333333333328,59.43,0.06,2.6,299.38,1,170.285,309.149,0.6587,0.6997166666666667
72497,2016-09-30 09:00:00-05,0.19538333333333327,64.71,0.06,3.7,355.659,1,162.118,541.447,0.66625,0.6989666666666666
72508,2016-09-30 10:00:00-05,0.20431666666666665,69.94,0.06,2.96,694.418,1,695.54,739.692,0.69565,0.6823666666666666
72519,2016-09-30 11:00:00-05,0.2314666666666666,74.49,0.07,1.83,874.115,1,887.9639999999999,888.562,1.5318,0.8435
72530,2016-09-30 12:00:00-05,0.20475,77.54,0.21,1.87,993.592,1,587.46,1021.44,1.7750666666666668,1.3191333333333333
72541,2016-09-30 13:00:00-05,0.5668666666666666,79.93,0.18,1.86,950.222,1,1113.69,1025.18,1.70035,1.1619
72552,2016-09-30 14:00:00-05,0.9891666666666664,81.32,0.13,1.59,770.98,1,272.089,878.829,2.37135,1.51505
72563,2016-09-30 15:00:00-05,1.3829333333333331,81.85,0.09,1.54,671.955,1,845.305,241.358,2.5373,1.5331333333333332
72574,2016-09-30 16:00:00-05,1.4147833333333333,81.66,0.08,1.64,517.177,1,698.288,499.89099999999996,2.728416666666667,2.134183333333333
72585,2016-09-30 17:00:00-05,1.6911166666666668,80.99,0.06,1.7,278.45,1,150.953,257.42,3.400383333333333,2.8205
72596,2016-09-30 18:00:00-05,1.1984,79.45,0.06,2.31,25.8501,1,124.45200000000001,37.5358,2.665716666666667,2.14465
72607,2016-09-30 19:00:00-05,0.85395,75.01,0.07,2.02,-2.71861,1,-1.6967599999999998,-2.71591,2.249033333333333,1.7613166666666669
72618,2016-09-30 20:00:00-05,2.2079,70.35,0.07,1.31,-2.71968,1,-2.7155400000000003,-2.71655,2.189716666666667,1.74745
72629,2016-09-30 21:00:00-05,0.6450666666666666,66.95,0.08,1.01,-2.72025,1,-2.71622,-2.71698,1.6690333333333331,1.2407
72640,2016-09-30 22:00:00-05,0.4786666666666666,65.32,0.13,1.25,-2.77182,1,-2.76769,-2.7174400000000003,0.88555,0.83685
72651,2016-09-30 23:00:00-05,0.37926666666666653,63.37,0.17,0.65,-2.72689,1,-2.7168,-2.71782,0.8560666666666666,0.7711833333333331
72662,2016-10-01 00:00:00-05,0.2280833333333333,64.67,0.08,1.38,-2.72146,0,-2.7172400000000003,-2.7178299999999997,0.8579666666666667,0.8718
72673,2016-10-01 01:00:00-05,0.3516,63.97,0.09,1.17,-2.72172,0,-2.71725,-2.71821,0.8312166666666666,0.8116
72684,2016-10-01 02:00:00-05,0.3041333333333333,62.23,0.09,0.94,-2.72173,0,-2.71725,-2.6447,0.6043333333333332,0.62115
72695,2016-10-01 03:00:00-05,0.2379666666666666,61.33,0.1,0.37,-2.72173,0,-2.7177,-2.61672,0.65835,0.61225
72706,2016-10-01 04:00:00-05,0.23415,61.13,0.11,0.02,-2.7218299999999997,0,-2.7177,-2.71875,0.789,0.6152333333333332
72717,2016-10-01 05:00:00-05,0.2461333333333333,60.43,0.23,0.24,-2.72234,0,-2.7178400000000003,-2.71875,0.8950333333333331,0.9267
72728,2016-10-01 06:00:00-05,0.3297666666666666,60.02,0.3,0.43,-2.92117,0,-2.7181599999999997,-2.7357400000000003,1.0051,0.6758
72739,2016-10-01 07:00:00-05,0.46555,59.91,0.38,0.46,113.194,0,112.92,105.09,0.5785166666666666,0.6361833333333332
72750,2016-10-01 08:00:00-05,0.5369166666666666,61.76,0.39,0.38,209.493,0,334.782,90.5361,0.5501166666666666,0.8978333333333332
72761,2016-10-01 09:00:00-05,0.6535166666666666,66.1,0.31,0.16,575.302,0,560.2909999999999,564.4540000000001,0.8012333333333331,0.95335
72772,2016-10-01 10:00:00-05,0.29885,69.31,0.27,0.72,362.819,0,758.835,799.8810000000001,1.31575,0.8403833333333331
72783,2016-10-01 11:00:00-05,0.2671666666666666,73.3,0.33,1.38,825.207,0,902.0419999999999,651.95,1.22725,1.4258833333333332
72794,2016-10-01 12:00:00-05,0.2229,76.05,0.44,1.82,879.561,0,1054.43,978.711,2.07495,1.46215
72805,2016-10-01 13:00:00-05,0.3715333333333333,77.91,0.49,1.9,918.154,0,1068.01,229.63299999999998,3.3821,1.8814666666666668
72816,2016-10-01 14:00:00-05,0.5439166666666666,79.07,0.44,2.57,922.545,0,460.034,854.677,2.677216666666667,1.8593166666666667
72827,2016-10-01 15:00:00-05,0.4736166666666666,79.4,0.33,2.85,735.186,0,364.16900000000004,734.2080000000001,2.7022833333333334,2.5635833333333333
72838,2016-10-01 16:00:00-05,1.5967,79.25,0.26,3.05,481.16,0,159.875,492.411,2.5224333333333333,2.698033333333333
72849,2016-10-01 17:00:00-05,3.69105,77.75,0.3,4.25,159.484,0,321.882,270.277,2.91785,2.010183333333333
72860,2016-10-01 18:00:00-05,2.1078333333333332,75.53,0.36,4.29,18.8285,0,111.37700000000001,21.0076,2.2491833333333333,1.56305
72871,2016-10-01 19:00:00-05,1.85415,72.78,0.4,4.22,-2.62807,0,-1.6966700000000001,-2.73867,1.8347833333333332,1.1623333333333332
72882,2016-10-01 20:00:00-05,1.5693166666666667,71.13,0.31,3.67,-2.37945,0,-2.71539,-2.71677,2.181483333333333,1.1205333333333332
72893,2016-10-01 21:00:00-05,1.4087666666666667,69.76,0.21,2.77,-2.7198900000000004,0,-2.71585,-2.71723,1.88155,1.1312666666666669
72904,2016-10-01 22:00:00-05,1.1991833333333333,67.88,0.04,3.14,-2.7198900000000004,0,-2.71627,-2.7175599999999998,0.9671833333333332,1.0282
72915,2016-10-01 23:00:00-05,1.06925,65.75,0.1,2.79,-2.72036,0,-2.7166799999999998,-2.3781,0.9547333333333332,0.72105
72926,2016-10-02 00:00:00-05,0.4637666666666666,64.38,0.04,1.63,-2.72078,0,-2.7168099999999997,-2.7178299999999997,0.6580833333333332,0.81465
72937,2016-10-02 01:00:00-05,0.3004,63.42,0.03,1.32,-2.7208099999999997,0,-2.71698,-2.71786,0.7931,0.6033666666666666
72948,2016-10-02 02:00:00-05,0.31085,62.36,0.02,1.44,-2.7208099999999997,0,-2.7172400000000003,-2.71787,0.8446333333333331,0.4170833333333333
72959,2016-10-02 03:00:00-05,0.3333833333333333,61.73,0.02,0.49,-2.72099,0,-2.71725,-2.7181900000000003,0.6904666666666666,0.6148166666666666
72970,2016-10-02 04:00:00-05,0.3025333333333333,61.2,0.01,0.16,-2.52845,0,-2.71767,-2.71828,0.5696666666666667,0.44406666666666655
72981,2016-10-02 05:00:00-05,0.3606166666666666,60.45,0.02,0.4,-2.38108,0,-2.54218,-2.71835,0.98845,0.5816833333333332
72992,2016-10-02 06:00:00-05,0.32705,59.63,0.03,1.04,-2.72093,0,-2.79697,-2.9790799999999997,0.9122,0.4262166666666666
73003,2016-10-02 07:00:00-05,0.6897,59.78,0.04,0.95,10.3674,0,103.545,33.2184,0.7734333333333331,0.5757666666666666
73014,2016-10-02 08:00:00-05,0.4137833333333333,62.02,0.04,0.97,60.2944,0,319.759,253.583,0.6899333333333332,1.0101666666666664
73025,2016-10-02 09:00:00-05,0.4603333333333333,66.62,0.05,1.17,120.31700000000001,0,545.878,417.584,0.7098666666666666,0.88595
73036,2016-10-02 10:00:00-05,1.2894333333333332,71.66,0.04,1.31,157.136,0,735.873,833.882,0.93805,0.6842333333333332
73047,2016-10-02 11:00:00-05,0.46685,76.36,0.03,1.97,341.149,0,923.16,295.12,1.3834666666666668,1.30415
73058,2016-10-02 12:00:00-05,0.35685,79.03,0.03,2.7,303.563,0,1048.23,981.5369999999999,1.911166666666667,1.09425
73069,2016-10-02 13:00:00-05,0.7347,81.62,0.04,3.0,377.176,0,541.879,454.764,1.9289833333333333,1.2381833333333332
73080,2016-10-02 14:00:00-05,1.1097333333333332,83.14,0.04,3.2,510.032,0,833.832,782.3739999999999,2.28975,2.100966666666667
73091,2016-10-02 15:00:00-05,1.3680666666666668,84.2,0.04,3.07,493.445,0,843.159,306.525,2.145966666666667,3.86445
73102,2016-10-02 16:00:00-05,1.2245333333333333,84.68,0.04,3.21,228.108,0,437.173,548.403,2.4265,1.4867833333333331
73113,2016-10-02 17:00:00-05,0.3287,83.77,0.03,3.1,112.04700000000001,0,351.599,243.981,2.272816666666667,1.75865
73124,2016-10-02 18:00:00-05,0.3315666666666666,82.73,0.01,2.81,10.1919,0,116.35600000000001,10.4194,2.0023166666666667,1.5123666666666669
73135,2016-10-02 19:00:00-05,0.3283166666666666,78.86,0.01,2.63,-2.8769099999999996,0,-2.37478,-2.71633,1.8194666666666668,1.2697666666666667
73146,2016-10-02 20:00:00-05,0.3109833333333333,74.2,0.02,2.61,-2.71328,0,-2.75475,-2.71687,1.5302833333333332,1.2246
73157,2016-10-02 21:00:00-05,0.3310166666666666,71.05,0.01,2.16,-2.71919,0,-2.74402,-2.71703,1.1985666666666668,0.9873833333333332
73168,2016-10-02 22:00:00-05,0.31175,69.83,0.01,1.48,-2.71943,0,-2.7217700000000002,-2.38902,0.9329333333333332,0.8957
73179,2016-10-02 23:00:00-05,0.31335,67.54,0.01,1.52,-2.84452,0,-2.7166200000000003,-2.5082400000000002,0.8103833333333331,0.6979
73190,2016-10-03 00:00:00-05,0.3237166666666666,68.21,0.12,2.19,-2.7198900000000004,1,-2.71678,-2.71786,0.9946333333333331,0.6668333333333332
73201,2016-10-03 01:00:00-05,0.36158333333333326,65.64,0.18,2.47,-2.72027,1,-2.7168200000000002,-2.7178299999999997,0.7699833333333331,0.52725
73212,2016-10-03 02:00:00-05,0.3481666666666666,64.77,0.24,2.13,-2.72071,1,-2.71722,-2.37839,0.7377333333333332,0.5242333333333332
73223,2016-10-03 03:00:00-05,0.3261166666666666,64.1,0.29,1.94,-2.7208099999999997,1,-2.37761,-2.37856,0.7205833333333332,0.5148
73234,2016-10-03 04:00:00-05,0.3206833333333333,63.2,0.32,1.48,-2.72125,1,-2.63263,-2.4979400000000003,0.73145,0.51955
73245,2016-10-03 05:00:00-05,0.3213833333333333,62.29,0.31,1.11,-2.7214400000000003,1,-2.7177,-2.44201,0.6179166666666666,1.0444833333333332
73256,2016-10-03 06:00:00-05,0.3247,61.74,0.29,0.9,-3.4020900000000003,1,-2.7177,-2.7196599999999997,0.6200166666666665,0.9069833333333333
73267,2016-10-03 07:00:00-05,0.3309666666666666,61.99,0.28,0.79,75.8992,1,87.7365,7.41675,0.7524166666666666,0.5594
73278,2016-10-03 08:00:00-05,0.3188,64.46,0.28,1.24,289.974,1,310.60200000000003,41.0669,0.91065,0.5342666666666666
73289,2016-10-03 09:00:00-05,0.3133666666666666,69.03,0.35,2.1,515.461,1,543.576,254.23,1.277016666666667,0.61135
73300,2016-10-03 10:00:00-05,0.31925,74.18,0.27,3.03,697.8539999999999,1,366.904,537.35,1.47525,0.5472833333333332
73311,2016-10-03 11:00:00-05,0.3359166666666666,78.4,0.27,3.34,852.416,1,925.1669999999999,524.706,1.4602,0.5737333333333332
73322,2016-10-03 12:00:00-05,0.3425833333333333,81.59,0.22,4.37,968.044,1,249.47400000000002,399.965,1.6964666666666668,0.7343333333333332
73333,2016-10-03 13:00:00-05,0.4954666666666666,83.93,0.23,4.4,1101.8,1,572.236,450.94599999999997,2.534416666666667,0.5797833333333332
73344,2016-10-03 14:00:00-05,0.40416666666666656,85.3,0.23,4.68,915.81,1,201.59099999999998,143.386,2.524383333333333,0.5608333333333332
73355,2016-10-03 15:00:00-05,0.3379333333333333,86.08,0.22,5.05,768.577,1,20.7388,151.88,5.355716666666666,0.99525
73366,2016-10-03 16:00:00-05,0.3530333333333333,86.64,0.09,4.81,162.97299999999998,1,23.2562,108.74799999999999,2.785616666666667,0.44826666666666654
73377,2016-10-03 17:00:00-05,0.3357166666666666,85.83,0.1,4.89,56.0425,1,80.3465,66.076,2.6519833333333334,0.4673666666666666
73388,2016-10-03 18:00:00-05,0.3253,84.07,0.05,4.57,13.9646,1,35.485,6.09581,2.251466666666667,2.7323833333333334
73399,2016-10-03 19:00:00-05,0.3459166666666666,80.49,0.03,3.77,-2.7179599999999997,1,0.956774,-2.3795,2.005266666666667,0.92305
73410,2016-10-03 20:00:00-05,0.3177833333333333,76.5,0.01,3.34,-2.71873,1,-1.97003,-2.37984,2.029383333333333,0.98205
73421,2016-10-03 21:00:00-05,0.3191666666666666,74.0,0.0,3.09,-2.71905,1,-2.61578,-2.7198900000000004,1.1917,1.0999
73432,2016-10-03 22:00:00-05,0.3384166666666666,72.69,0.0,3.76,-2.71961,1,-1.85143,-2.3799,0.9907833333333332,0.4199833333333333
73443,2016-10-03 23:00:00-05,0.3596333333333333,71.98,0.02,4.4,-2.7198900000000004,1,-2.3782400000000004,-2.3799,0.7379,0.2809833333333333
73454,2016-10-04 05:00:00-05,0.3172,71.42,0.0,3.75,-2.72097,1,-2.71806,-2.72031,0.781,0.3586166666666666
73465,2016-10-04 06:00:00-05,0.3088166666666666,70.99,0.05,5.64,-3.22007,1,-2.62755,-2.5392799999999998,0.6187333333333332,0.3166666666666666
73476,2016-10-04 07:00:00-05,0.3242666666666666,69.14,0.14,3.73,70.573,1,-2.69551,-1.7005099999999997,0.73775,0.2595666666666666
73487,2016-10-04 08:00:00-05,0.3054333333333333,69.41,0.24,5.18,288.309,1,-2.7181599999999997,-1.81387,0.5551,0.4804833333333332
73498,2016-10-04 09:00:00-05,0.3120166666666666,69.98,0.27,4.43,510.281,1,-2.55416,-1.7006299999999999,0.5565666666666667,0.3172
73509,2016-10-04 10:00:00-05,0.3477833333333333,70.06,0.31,5.64,692.263,1,-2.67331,-1.97292,0.6440833333333332,0.3277166666666666
73520,2016-10-04 11:00:00-05,0.4497,69.94,0.28,4.1,825.679,1,-2.3957900000000003,-2.38111,0.6300333333333332,0.49195
73531,2016-10-04 12:00:00-05,0.40466666666666656,70.62,0.9,3.57,888.448,1,111.59100000000001,26.9802,0.8031666666666666,0.2559833333333333
73542,2016-10-04 13:00:00-05,0.3602333333333333,70.96,0.16,3.2,879.711,1,334.135,59.5227,0.7463333333333331,0.2396
73553,2016-10-04 14:00:00-05,0.34075,73.9,0.25,5.88,804.2560000000001,1,564.76,108.469,0.8169833333333331,0.19103333333333328
73564,2016-10-04 15:00:00-05,0.33435,77.96,0.27,6.44,642.056,1,748.492,144.53,1.6298,0.2557833333333333
73575,2016-10-04 16:00:00-05,0.3417833333333333,83.17,0.31,9.86,460.596,1,874.7760000000001,222.812,1.58445,0.2903166666666666
73586,2016-10-04 17:00:00-05,0.33385,85.63,0.31,10.64,222.299,1,1063.32,331.945,1.5591833333333331,0.2720333333333333
73597,2016-10-04 18:00:00-05,0.3185166666666666,87.99,0.51,8.54,21.981,1,140.67,268.106,1.9005166666666669,0.5935
73608,2016-10-04 19:00:00-05,0.3310333333333333,90.38,0.31,9.84,-2.71695,1,166.345,152.8,1.7297333333333331,0.7636166666666666
73619,2016-10-04 20:00:00-05,0.31595,91.27,0.31,8.68,-2.7179599999999997,1,479.577,191.03799999999998,2.3187333333333333,0.7855666666666666
73630,2016-10-04 21:00:00-05,0.3137333333333333,92.27,0.27,9.73,-2.91677,1,494.82300000000004,214.82,2.4031833333333332,0.6959833333333332
73641,2016-10-04 22:00:00-05,0.3732333333333333,91.71,0.28,10.98,-2.71897,1,332.53,295.991,1.9146833333333333,1.2466833333333331
73652,2016-10-04 23:00:00-05,0.3191333333333333,90.69,0.15,9.26,-2.71949,1,60.0467,14.6585,1.9625,1.8158333333333332
73663,2016-10-05 00:00:00-05,0.3156666666666666,87.02,0.18,4.62,-2.7198900000000004,1,-1.82838,-2.22724,1.30825,2.3537166666666667
73674,2016-10-05 01:00:00-05,0.32555,83.61,0.13,5.66,-2.7198900000000004,1,-2.5365,-2.1823099999999998,1.0632833333333331,1.4766833333333331
73685,2016-10-05 02:00:00-05,0.3279,83.36,0.07,4.75,-2.7203,1,-2.5535099999999997,-1.8025400000000003,1.1555666666666669,1.0363833333333332
73696,2016-10-05 03:00:00-05,0.3204,81.22,0.12,6.52,-2.6806799999999997,1,-2.41778,-2.05761,1.378083333333333,0.6137166666666666
73707,2016-10-05 04:00:00-05,0.31945,80.01,0.0,6.43,-2.72045,1,-2.37837,-2.53404,1.2110166666666669,0.43321666666666653
73718,2016-10-05 05:00:00-05,0.3288666666666666,78.05,0.1,5.01,-3.3499800000000004,1,-2.37839,-2.3813,0.7649666666666666,0.4256666666666665
73729,2016-10-05 06:00:00-05,0.31595,77.49,0.21,6.06,-3.24797,1,-2.5822599999999998,-2.38151,0.5793,0.2948166666666666
73740,2016-10-05 07:00:00-05,0.31935,76.01,0.14,5.59,72.0788,1,-2.5709299999999997,-2.18306,0.7376,0.27835
73751,2016-10-05 08:00:00-05,0.3321166666666666,75.34,0.25,4.29,285.362,1,-2.47475,-2.38151,0.5434333333333332,0.57895
73762,2016-10-05 09:00:00-05,0.32205,76.46,0.07,3.99,531.514,1,-2.57695,-2.38151,0.3795833333333333,0.2851833333333333
73773,2016-10-05 10:00:00-05,0.3283833333333333,76.25,0.19,4.03,238.437,1,-2.65066,-2.12635,0.5255,0.3596333333333333
73784,2016-10-05 11:00:00-05,0.3515,75.98,0.31,3.71,577.6669999999999,1,-2.32782,-2.3813400000000002,0.3700333333333333,0.5901666666666666
73795,2016-10-05 12:00:00-05,0.3395833333333333,76.25,0.61,4.49,1026.15,1,121.678,17.6599,1.4225833333333333,0.2472833333333333
73806,2016-10-05 13:00:00-05,0.4440833333333333,76.52,0.22,3.98,321.814,1,480.348,61.1379,0.8975666666666666,0.22503333333333328
73817,2016-10-05 14:00:00-05,0.9797,78.17,0.22,3.9,219.106,1,634.489,92.2907,1.2889166666666667,0.22325
73828,2016-10-05 15:00:00-05,3.4832,81.37,0.31,6.96,391.108,1,313.394,127.50399999999999,1.4384666666666668,0.2489333333333333
73839,2016-10-05 16:00:00-05,3.4436166666666668,84.19,0.31,7.76,517.544,1,964.9739999999999,243.39,3.9436,0.5115666666666666
73850,2016-10-05 17:00:00-05,2.89655,87.68,0.3,7.03,210.283,1,459.306,340.214,1.6481666666666668,1.0545666666666669
73861,2016-10-05 18:00:00-05,3.369483333333333,90.73,0.15,5.98,16.8755,1,1087.18,283.744,1.6024666666666667,1.4679666666666669
73872,2016-10-05 19:00:00-05,2.15945,93.07,0.1,6.92,-2.7175599999999998,1,935.852,474.209,1.7571666666666668,1.5989666666666669
73883,2016-10-05 20:00:00-05,2.451016666666667,93.92,0.1,7.44,-2.71831,1,872.822,300.978,1.8160166666666668,1.9145666666666667
73894,2016-10-05 21:00:00-05,1.685633333333333,94.52,0.1,6.5,-2.7189400000000004,1,368.284,515.4830000000001,1.5565666666666669,1.8177333333333332
73905,2016-10-05 22:00:00-05,1.3087333333333333,94.16,0.09,8.37,-2.719,1,460.704,311.72700000000003,1.0599666666666667,1.9469
73916,2016-10-05 23:00:00-05,1.1692833333333332,92.72,0.07,6.67,-2.71943,1,41.0665,25.0793,1.18765,1.9728
73927,2016-10-06 00:00:00-05,1.1504,88.06,0.06,5.54,-2.71979,1,-2.37593,-2.71835,1.9533833333333332,1.1034666666666668
73938,2016-10-06 01:00:00-05,0.9536,84.64,0.07,3.86,-2.7198900000000004,1,-2.7158599999999997,-2.50372,1.376083333333333,1.5600166666666668
73949,2016-10-06 02:00:00-05,0.8966666666666666,82.33,0.11,3.92,-2.7198900000000004,1,-2.6485,-2.71952,1.1651833333333332,1.1641
73960,2016-10-06 03:00:00-05,0.7813666666666667,81.22,0.21,6.32,-2.39127,1,-2.71678,-2.7198900000000004,0.6857333333333332,0.6395166666666666
73971,2016-10-06 04:00:00-05,0.74635,80.74,0.21,8.85,-2.7203,1,-2.37725,-2.72023,0.6962,0.5683166666666666
73982,2016-10-06 05:00:00-05,0.8612333333333331,79.61,0.14,8.44,-2.72039,1,-2.64364,-2.3293,0.7899666666666666,0.4140666666666665
73993,2016-10-06 06:00:00-05,0.65225,78.68,0.27,5.5,-3.27026,1,-2.70592,-2.3803099999999997,0.5804,0.4128833333333333
74004,2016-10-06 07:00:00-05,0.6363333333333332,77.49,0.15,6.2,68.663,1,-2.65497,-2.38021,0.5501333333333333,0.2450833333333333
74015,2016-10-06 08:00:00-05,0.8984,77.36,0.24,5.31,285.85200000000003,1,-2.42892,-2.53333,0.6212333333333332,0.49065
74026,2016-10-06 09:00:00-05,0.8051333333333331,77.19,0.1,5.62,571.172,1,-2.58748,-2.3803099999999997,0.6046833333333332,0.3401166666666666
74037,2016-10-06 10:00:00-05,0.9927166666666664,76.91,0.23,7.2,730.314,1,-2.55917,-2.72059,0.7508333333333331,0.42545
74048,2016-10-06 11:00:00-05,1.3108333333333333,76.83,0.31,5.01,411.29400000000004,1,-2.45159,-3.2196,0.9944833333333332,0.5617166666666666
74059,2016-10-06 12:00:00-05,1.33895,76.62,0.9,3.92,958.7710000000001,1,103.884,45.9132,0.5857833333333332,0.3312333333333333
74070,2016-10-06 13:00:00-05,1.4691,76.75,0.31,5.94,965.538,1,308.0,97.363,0.50705,0.3035333333333333
74081,2016-10-06 14:00:00-05,1.8802,78.45,0.23,5.49,137.066,1,569.523,475.161,0.5318333333333332,0.2829
74092,2016-10-06 15:00:00-05,1.6225333333333332,80.98,0.31,4.84,171.352,1,284.508,706.7310000000001,0.75685,0.2335666666666666
74103,2016-10-06 16:00:00-05,1.8503666666666667,84.26,0.2,7.98,448.265,1,897.262,698.066,1.0028333333333332,0.2474333333333333
74114,2016-10-06 17:00:00-05,2.237233333333333,87.83,0.29,7.22,236.322,1,221.753,971.195,1.152016666666667,1.1128833333333332
74125,2016-10-06 18:00:00-05,1.6993666666666667,90.6,0.49,7.58,16.7451,1,968.924,278.907,1.835,2.6523166666666667
74136,2016-10-06 19:00:00-05,1.49815,91.95,0.31,4.95,-2.71751,1,972.935,447.298,1.72535,1.8282
74147,2016-10-06 20:00:00-05,1.3415166666666667,93.31,0.31,4.64,-2.7181900000000003,1,780.087,251.92,1.75585,2.1207166666666666
74158,2016-10-06 21:00:00-05,1.1317666666666668,92.31,0.19,5.22,-2.71889,1,578.621,452.94,1.8662,2.1548833333333333
74169,2016-10-06 22:00:00-05,0.8847166666666666,93.18,0.19,4.9,-2.71897,1,332.181,227.955,1.9250833333333333,2.372583333333333
74180,2016-10-06 23:00:00-05,0.8874833333333331,90.01,0.22,8.65,-2.71939,1,113.209,32.0093,1.3087666666666669,2.0530166666666667
74191,2016-10-07 00:00:00-05,0.5802166666666666,85.86,0.24,9.03,-2.71961,1,-2.71568,-2.71793,1.6884,0.9953333333333332
74202,2016-10-07 01:00:00-05,0.7293333333333332,82.51,0.15,7.66,-2.4649,1,-2.71644,-2.71888,1.4655,1.3737166666666667
74213,2016-10-07 02:00:00-05,0.5319833333333333,80.36,0.07,7.08,-2.60656,1,-2.7169,-2.7250400000000004,0.8021166666666666,0.7265
74224,2016-10-07 03:00:00-05,0.50865,78.6,0.04,5.2,-2.7198900000000004,1,-2.55318,-2.72555,0.77385,0.42661666666666653
74235,2016-10-07 04:00:00-05,0.35705,77.24,0.08,5.7,-2.7203,1,-2.5422700000000003,-3.1282200000000002,0.9206166666666666,0.5395333333333332
74246,2016-10-07 05:00:00-05,0.5116166666666666,76.2,0.02,5.69,-2.72038,1,-2.7178299999999997,-2.72072,0.6789833333333332,0.3982333333333333
74257,2016-10-07 06:00:00-05,0.3722833333333333,75.84,0.01,4.61,-3.4006,1,-2.7178299999999997,-2.7208099999999997,0.7485166666666666,0.2645666666666666
74268,2016-10-07 07:00:00-05,0.5012166666666666,74.34,0.14,4.37,68.5385,1,-2.71806,-2.72126,0.5702833333333333,0.2629
74279,2016-10-07 08:00:00-05,0.3855833333333333,74.27,0.22,4.3,281.422,1,-2.71828,-2.38136,0.5864833333333332,0.2704666666666666
74290,2016-10-07 09:00:00-05,0.79015,74.31,0.18,2.75,502.06699999999995,1,-2.7183599999999997,-2.58564,0.7070666666666666,0.4003833333333333
74301,2016-10-07 10:00:00-05,1.0062166666666663,74.44,0.21,3.02,813.695,1,-2.71873,-2.2284200000000003,0.7993666666666666,0.6168166666666666
74312,2016-10-07 11:00:00-05,1.2682666666666669,74.55,0.31,0.38,932.0010000000001,1,-2.71875,-2.38151,0.8640166666666667,0.5667333333333332
74323,2016-10-07 12:00:00-05,1.4197333333333333,74.83,0.82,1.54,894.63,1,89.8262,102.331,0.7160833333333332,0.2698
74334,2016-10-07 13:00:00-05,1.3138166666666669,75.12,0.31,3.19,916.2230000000001,1,316.48400000000004,299.38,0.56185,0.20713333333333328
74345,2016-10-07 14:00:00-05,1.37725,76.09,0.31,6.59,388.31800000000004,1,565.784,355.659,0.8173,0.19538333333333327
74356,2016-10-07 15:00:00-05,1.4253833333333332,77.66,0.31,6.74,667.8860000000001,1,761.73,694.418,1.1250833333333332,0.20431666666666665
74367,2016-10-07 16:00:00-05,1.44995,80.2,0.31,7.55,497.39599999999996,1,905.538,874.115,1.1061,0.2314666666666666
74378,2016-10-07 17:00:00-05,1.3250166666666667,81.92,0.31,11.36,31.704,1,922.326,993.592,1.4629833333333333,0.20475
74389,2016-10-07 18:00:00-05,1.23225,84.33,0.31,9.95,0.685678,1,949.02,950.222,1.665266666666667,0.5668666666666666
74400,2016-10-07 19:00:00-05,0.8506333333333331,84.82,0.2,11.66,-2.26132,1,891.025,770.98,2.2046333333333332,0.9891666666666664
74411,2016-10-07 20:00:00-05,0.3603,85.78,0.29,13.14,-2.37994,1,281.48,671.955,2.21315,1.3829333333333331
74422,2016-10-07 21:00:00-05,0.3646,84.25,0.15,13.29,-2.5669,1,553.398,517.177,2.2453,1.4147833333333333
74433,2016-10-07 22:00:00-05,0.2444833333333333,79.11,0.15,15.1,-2.70856,1,329.749,278.45,2.720616666666667,1.6911166666666668
74444,2016-10-07 23:00:00-05,0.21698333333333328,74.45,0.21,15.71,-2.57838,1,104.86200000000001,25.8501,2.7203166666666667,1.1984
74455,2016-10-08 00:00:00-05,0.2421833333333333,68.41,0.01,11.22,-2.72027,0,-2.7157,-2.71861,2.80645,0.85395
74466,2016-10-08 01:00:00-05,0.21158333333333326,65.52,0.14,10.96,-2.72052,0,-2.73928,-2.71968,4.927666666666666,2.2079
74477,2016-10-08 02:00:00-05,0.20368333333333327,64.47,0.08,13.0,-2.7208099999999997,0,-2.71729,-2.72025,2.084566666666667,0.6450666666666666
74488,2016-10-08 03:00:00-05,0.21968333333333329,64.18,0.07,8.82,-2.3807099999999997,0,-2.71781,-2.77182,1.2145333333333332,0.4786666666666666
74499,2016-10-08 04:00:00-05,0.2014,64.08,0.07,9.97,-2.4203900000000003,0,-2.7180400000000002,-2.72689,1.0661666666666667,0.37926666666666653
74510,2016-10-08 05:00:00-05,0.20038333333333327,63.48,0.0,9.03,-2.59652,0,-2.71828,-2.72146,0.9627,0.2280833333333333
74521,2016-10-08 06:00:00-05,0.2384833333333333,62.97,0.0,7.41,-2.72173,0,-2.7185,-2.72172,0.9506666666666664,0.3516
74532,2016-10-08 07:00:00-05,0.21456666666666666,62.5,0.02,10.09,59.1587,0,-2.7187200000000002,-2.72173,0.80365,0.3041333333333333
74543,2016-10-08 08:00:00-05,0.20491666666666666,62.44,0.05,7.76,229.00400000000002,0,-2.71875,-2.72173,0.739,0.2379666666666666
74554,2016-10-08 09:00:00-05,0.46095,62.31,0.23,9.29,458.63599999999997,0,-2.71875,-2.7218299999999997,0.6036666666666666,0.23415
74565,2016-10-08 10:00:00-05,0.40431666666666655,61.75,0.2,8.42,344.876,0,-2.71875,-2.72234,0.9511666666666664,0.2461333333333333
74576,2016-10-08 11:00:00-05,0.3504833333333333,60.89,0.09,7.28,625.195,0,-2.71882,-2.92117,0.95385,0.3297666666666666
74587,2016-10-08 12:00:00-05,0.2404333333333333,60.53,0.08,6.96,927.058,0,94.4316,113.194,0.6282666666666666,0.46555
74598,2016-10-08 13:00:00-05,0.2355333333333333,60.72,0.07,7.67,727.237,0,315.035,209.493,0.6586,0.5369166666666666
74609,2016-10-08 14:00:00-05,0.23085,63.7,0.2,9.69,681.705,0,568.068,575.302,0.7694333333333331,0.6535166666666666
74620,2016-10-08 15:00:00-05,0.65735,67.81,0.2,9.14,372.162,0,736.638,362.819,1.1904333333333332,0.29885
74631,2016-10-08 16:00:00-05,0.7956666666666666,71.35,0.08,8.08,266.594,0,879.633,825.207,0.9528,0.2671666666666666
74642,2016-10-08 17:00:00-05,0.9344,76.22,0.06,6.97,211.24599999999998,0,924.3660000000001,879.561,1.61315,0.2229
74653,2016-10-08 18:00:00-05,1.1041333333333332,80.15,0.06,6.65,11.2065,0,811.424,918.154,1.8759666666666668,0.3715333333333333
74664,2016-10-08 19:00:00-05,1.03325,82.11,0.0,9.64,-2.7189400000000004,0,866.212,922.545,2.0090833333333333,0.5439166666666666
74675,2016-10-08 20:00:00-05,1.0701333333333332,83.56,0.0,8.9,-2.71971,0,738.687,735.186,2.0864166666666666,0.4736166666666666
74686,2016-10-08 21:00:00-05,0.6835,85.21,0.09,7.91,-2.71992,0,553.719,481.16,2.1859,1.5967
74697,2016-10-08 22:00:00-05,0.41751666666666654,83.33,0.07,7.58,-2.87357,0,314.671,159.484,2.353733333333333,3.69105
74708,2016-10-08 23:00:00-05,0.2143,82.42,0.07,8.02,-2.7208099999999997,0,96.1574,18.8285,2.061316666666667,2.1078333333333332
74719,2016-10-09 00:00:00-05,0.2139,80.56,0.06,4.88,-2.90801,0,-2.95894,-2.62807,1.7957833333333333,1.85415
74730,2016-10-09 01:00:00-05,0.22621666666666665,77.58,0.11,4.8,-2.72126,0,-3.27114,-2.37945,2.7033,1.5693166666666667
74741,2016-10-09 02:00:00-05,0.21461666666666665,75.41,0.1,5.17,-2.72131,0,-3.2662400000000003,-2.7198900000000004,1.3768,1.4087666666666667
74752,2016-10-09 03:00:00-05,0.21428333333333327,72.91,0.0,5.32,-2.72173,0,-2.72345,-2.7198900000000004,1.1325166666666668,1.1991833333333333
74763,2016-10-09 04:00:00-05,0.23025,71.04,0.1,6.54,-2.72173,0,-2.8256900000000003,-2.72036,0.6865,1.06925
74774,2016-10-09 05:00:00-05,0.21321666666666664,70.29,0.06,5.25,-2.72173,0,-2.83187,-2.72078,0.7113666666666666,0.4637666666666666
74785,2016-10-09 06:00:00-05,0.2071,71.38,0.0,4.39,-3.24345,0,-2.71875,-2.7208099999999997,0.7966333333333331,0.3004
74795,2016-10-09 07:00:00-05,0.2607833333333333,65.6,0.0,4.92,59.5666,0,-2.71875,-2.7208099999999997,0.5557,0.31085
74805,2016-10-09 08:00:00-05,0.3128166666666666,64.51,0.0,5.85,274.051,0,-2.71906,-2.72099,0.5405333333333332,0.3333833333333333
74815,2016-10-09 09:00:00-05,0.21523333333333328,62.89,0.0,5.89,480.695,0,-2.7192,-2.52845,0.5566166666666666,0.3025333333333333
74825,2016-10-09 10:00:00-05,0.2381,61.57,0.0,5.21,690.12,0,-2.71965,-2.38108,0.8842166666666667,0.3606166666666666
74835,2016-10-09 11:00:00-05,0.2310166666666666,61.21,0.06,6.01,334.04,0,-2.7196599999999997,-2.72093,0.9402333333333333,0.32705
74845,2016-10-09 12:00:00-05,0.2343166666666666,61.15,0.06,5.78,304.77,0,92.374,10.3674,0.6644,0.6897
74855,2016-10-09 13:00:00-05,0.2587333333333333,61.27,0.07,6.93,1010.62,0,312.606,60.2944,0.7483833333333331,0.4137833333333333
74865,2016-10-09 14:00:00-05,0.22435,66.45,0.06,6.56,779.2260000000001,0,550.839,120.31700000000001,0.77055,0.4603333333333333
74875,2016-10-09 15:00:00-05,0.22381666666666666,71.48,0.0,8.02,778.9010000000001,0,719.8989999999999,157.136,1.1513,1.2894333333333332
74885,2016-10-09 16:00:00-05,0.2401166666666666,75.67,0.0,6.47,182.165,0,869.192,341.149,1.3144333333333331,0.46685
74895,2016-10-09 17:00:00-05,0.21883333333333327,77.44,0.01,7.15,51.6073,0,928.6039999999999,303.563,1.6682333333333332,0.35685
74905,2016-10-09 18:00:00-05,0.21151666666666666,78.26,0.07,5.79,10.115,0,941.7510000000001,377.176,1.9014166666666668,0.7347
74915,2016-10-09 19:00:00-05,0.2717166666666666,79.76,0.09,8.49,-2.71919,0,889.808,510.032,2.228416666666667,1.1097333333333332
74925,2016-10-09 20:00:00-05,0.2487333333333333,81.55,0.07,8.86,-2.71988,0,748.691,493.445,2.336533333333333,1.3680666666666668
74935,2016-10-09 21:00:00-05,0.21178333333333327,83.23,0.06,8.36,-2.74905,0,578.261,228.108,2.09715,1.2245333333333333
74945,2016-10-09 22:00:00-05,0.22715,80.95,0.06,7.88,-2.86259,0,259.45099999999996,112.04700000000001,2.638716666666667,0.3287
74955,2016-10-09 23:00:00-05,0.20803333333333326,79.46,0.01,7.9,-2.73828,0,99.0575,10.1919,2.9178333333333333,0.3315666666666666
74965,2016-10-10 00:00:00-05,0.20675,75.01,0.07,4.5,-2.88048,1,-2.72684,-2.8769099999999996,2.3328,0.3283166666666666
74975,2016-10-10 01:00:00-05,0.22423333333333328,69.1,0.1,5.05,-2.89751,1,-2.71643,-2.71328,1.8414166666666667,0.3109833333333333
74985,2016-10-10 02:00:00-05,0.20213333333333328,64.6,0.06,3.87,-2.88634,1,-2.7339,-2.71919,1.6487333333333332,0.3310166666666666
74995,2016-10-10 03:00:00-05,0.20316666666666666,61.7,0.06,5.2,-2.73964,1,-2.7173599999999998,-2.71943,0.8855833333333331,0.31175
75005,2016-10-10 04:00:00-05,0.2433333333333333,59.83,0.0,4.93,-2.7227099999999997,1,-2.71782,-2.84452,0.8935333333333331,0.31335
75015,2016-10-10 05:00:00-05,0.21461666666666665,58.84,0.06,4.33,-2.72267,1,-2.71786,-2.7198900000000004,1.02985,0.3237166666666666
75025,2016-10-10 06:00:00-05,0.20613333333333328,58.4,0.07,3.85,-3.18246,1,-2.71828,-2.72027,0.9055333333333332,0.36158333333333326
75035,2016-10-10 07:00:00-05,0.3433666666666666,55.05,0.06,3.11,64.3958,1,-2.71849,-2.72071,0.8227333333333331,0.3481666666666666
75045,2016-10-10 08:00:00-05,0.2447833333333333,54.22,0.04,4.5,281.04400000000004,1,-2.71874,-2.7208099999999997,0.6879666666666666,0.3261166666666666
75055,2016-10-10 09:00:00-05,0.20495,53.07,0.12,4.07,501.61300000000006,1,-2.71875,-2.72125,0.5886166666666666,0.3206833333333333
75065,2016-10-10 10:00:00-05,0.22356666666666666,51.88,0.05,4.63,687.793,1,-2.71875,-2.7214400000000003,0.5590833333333332,0.3213833333333333
75075,2016-10-10 11:00:00-05,0.2337833333333333,52.56,0.06,2.88,812.711,1,-2.71875,-3.4020900000000003,0.56965,0.3247
75085,2016-10-10 12:00:00-05,0.2325333333333333,53.27,0.07,3.8,883.2410000000001,1,108.37,75.8992,0.7050166666666666,0.3309666666666666
75095,2016-10-10 13:00:00-05,0.2402833333333333,52.24,0.07,4.05,873.252,1,331.79400000000004,289.974,0.73715,0.3188
75105,2016-10-10 14:00:00-05,0.2376833333333333,59.77,0.06,3.12,785.227,1,558.419,515.461,1.253866666666667,0.3133666666666666
75115,2016-10-10 15:00:00-05,0.22228333333333328,66.56,0.06,3.85,633.372,1,734.87,697.8539999999999,1.5859,0.31925
75125,2016-10-10 16:00:00-05,0.2262833333333333,74.65,0.06,3.95,431.32099999999997,1,869.095,852.416,2.189983333333333,0.3359166666666666
75135,2016-10-10 17:00:00-05,0.21945,78.43,0.06,2.43,207.674,1,975.88,968.044,1.7470333333333332,0.3425833333333333
75145,2016-10-10 18:00:00-05,0.2562666666666666,79.46,0.06,1.2,10.9497,1,961.936,1101.8,1.7452,0.4954666666666666
75155,2016-10-10 19:00:00-05,0.2480166666666666,80.58,0.06,2.21,-3.3986400000000003,1,891.7689999999999,915.81,1.9873166666666668,0.40416666666666656
75165,2016-10-10 20:00:00-05,0.21308333333333326,82.13,0.06,2.15,-3.1392900000000004,1,912.455,768.577,2.3850333333333333,0.3379333333333333
75175,2016-10-10 21:00:00-05,0.20645,84.5,0.06,2.93,-2.8965099999999997,1,113.355,162.97299999999998,3.159116666666667,0.3530333333333333
75185,2016-10-10 22:00:00-05,0.20666666666666664,85.25,0.06,3.92,-3.07286,1,223.43,56.0425,2.3541166666666666,0.3357166666666666
75195,2016-10-10 23:00:00-05,0.22175,84.6,0.06,3.5,-3.24906,1,49.1508,13.9646,2.210316666666667,0.3253
75205,2016-10-11 00:00:00-05,0.21231666666666665,80.39,0.06,2.05,-2.72178,1,-2.6432700000000002,-2.7179599999999997,1.7919166666666668,0.3459166666666666
75215,2016-10-11 01:00:00-05,0.21498333333333328,68.59,0.0,3.61,-2.7225,1,-2.66614,-2.71873,1.6335166666666667,0.3177833333333333
75225,2016-10-11 02:00:00-05,0.2318166666666666,65.4,0.0,2.39,-2.72265,1,-2.7173700000000003,-2.71905,1.256,0.3191666666666666
75235,2016-10-11 03:00:00-05,0.21508333333333327,63.59,0.04,0.2,-2.72269,1,-2.71781,-2.71961,0.98805,0.3384166666666666
75245,2016-10-11 04:00:00-05,0.21256666666666665,62.65,0.04,0.48,-2.72275,1,-2.7178299999999997,-2.7198900000000004,0.9479,0.3596333333333333
75255,2016-10-11 05:00:00-05,0.21556666666666666,62.35,0.0,1.31,-2.72296,1,-2.7181599999999997,-2.72097,0.8222666666666666,0.3172
75265,2016-10-11 06:00:00-05,0.3188,61.1,0.04,1.69,-3.27338,1,-2.71828,-3.22007,0.6149166666666666,0.3088166666666666
75275,2016-10-11 07:00:00-05,0.2636833333333333,59.62,0.0,1.56,65.3302,1,-2.71869,70.573,0.5467333333333332,0.3242666666666666
75285,2016-10-11 08:00:00-05,0.22135,58.31,0.04,2.21,279.745,1,-2.71875,288.309,0.5486333333333332,0.3054333333333333
75295,2016-10-11 09:00:00-05,0.20043333333333327,55.32,0.04,1.78,499.80800000000005,1,-2.37893,510.281,0.37235,0.3120166666666666
75305,2016-10-11 10:00:00-05,0.20835,55.1,0.0,2.3,684.33,1,-2.71903,692.263,0.36673333333333324,0.3477833333333333
75315,2016-10-11 11:00:00-05,0.2376666666666666,55.24,0.0,2.77,812.799,1,-3.399,825.679,0.38571666666666654,0.4497
75325,2016-10-11 12:00:00-05,0.23625,54.62,0.0,1.28,871.467,1,103.86200000000001,888.448,0.45425,0.40466666666666656
75335,2016-10-11 13:00:00-05,0.2377,54.97,0.0,4.54,861.9580000000001,1,324.29,879.711,0.6750666666666666,0.3602333333333333
75345,2016-10-11 14:00:00-05,0.2594833333333333,63.81,0.0,6.0,776.548,1,582.436,804.2560000000001,0.97345,0.34075
75355,2016-10-11 15:00:00-05,0.224,72.92,0.0,3.31,625.748,1,804.961,642.056,1.1062833333333333,0.33435
75365,2016-10-11 16:00:00-05,0.22296666666666665,78.9,0.0,3.84,423.269,1,288.703,460.596,1.1393,0.3417833333333333
75375,2016-10-11 17:00:00-05,0.2643666666666666,84.77,0.0,5.32,200.653,1,957.6439999999999,222.299,1.8123,0.33385
75385,2016-10-11 18:00:00-05,0.26575,85.22,0.06,3.68,8.109910000000001,1,989.5239999999999,21.981,2.01135,0.3185166666666666
75395,2016-10-11 19:00:00-05,0.22245,86.85,0.06,3.42,-3.3972300000000004,1,1001.54,-2.71695,2.31165,0.3310333333333333
75405,2016-10-11 20:00:00-05,0.2281,88.23,0.07,4.41,-3.26277,1,735.3589999999999,-2.7179599999999997,2.2550166666666667,0.31595
75415,2016-10-11 21:00:00-05,0.21285,88.63,0.07,5.58,-2.76519,1,579.6,-2.91677,2.57205,0.3137333333333333
75425,2016-10-11 22:00:00-05,0.20926666666666666,88.52,0.07,6.21,-3.24166,1,339.17,-2.71897,2.55025,0.3732333333333333
75435,2016-10-11 23:00:00-05,0.2309333333333333,86.33,0.06,5.47,-2.86251,1,105.83200000000001,-2.71949,2.2453833333333333,0.3191333333333333
75445,2016-10-12 00:00:00-05,0.7332166666666665,81.75,0.06,4.63,-2.94188,1,-2.7163,-2.7198900000000004,2.036166666666667,0.3156666666666666
75455,2016-10-12 01:00:00-05,1.6689666666666667,77.13,0.0,2.91,-2.77785,1,-2.7168900000000002,-2.7198900000000004,1.9617,0.32555
75465,2016-10-12 02:00:00-05,0.7846333333333331,73.91,0.01,3.55,-2.72127,1,-2.7173599999999998,-2.7203,1.2849166666666667,0.3279
75475,2016-10-12 03:00:00-05,0.4374833333333333,72.0,0.08,2.61,-2.72138,1,-2.71782,-2.6806799999999997,1.035,0.3204
75485,2016-10-12 04:00:00-05,0.4227833333333333,71.13,0.1,3.08,-3.19794,1,-2.7179,-2.72045,0.9235166666666664,0.31945
75495,2016-10-12 05:00:00-05,0.3957,69.65,0.1,2.16,-2.7217599999999997,1,-2.71828,-3.3499800000000004,0.8951,0.3288666666666666
75505,2016-10-12 06:00:00-05,0.2931666666666666,70.09,0.07,3.54,-3.4021800000000004,1,-2.71861,-3.24797,0.6547666666666666,0.31595
75515,2016-10-12 07:00:00-05,0.3421833333333333,68.86,0.06,4.35,41.4555,1,-2.71875,72.0788,0.6110833333333332,0.31935
75525,2016-10-12 08:00:00-05,0.80365,67.83,0.0,2.49,210.924,1,-2.71875,285.362,0.5431166666666666,0.3321166666666666
75535,2016-10-12 09:00:00-05,0.6249333333333332,66.37,0.04,2.86,290.069,1,-2.71875,531.514,0.44806666666666656,0.32205
75545,2016-10-12 10:00:00-05,0.9199166666666666,66.04,0.1,2.19,510.31,1,-2.7187799999999998,238.437,0.6762166666666666,0.3283833333333333
75555,2016-10-12 11:00:00-05,1.0861166666666668,65.62,0.07,2.64,828.3889999999999,1,-2.7187900000000003,577.6669999999999,0.8925166666666666,0.3515
75565,2016-10-12 12:00:00-05,1.5617166666666669,65.37,0.07,2.67,564.409,1,100.71799999999999,1026.15,0.53265,0.3395833333333333
75575,2016-10-12 13:00:00-05,2.0972666666666666,65.43,0.1,2.81,898.548,1,321.842,321.814,0.6236833333333331,0.4440833333333333
75585,2016-10-12 14:00:00-05,3.2659833333333332,69.26,0.07,3.54,153.879,1,608.9730000000001,219.106,0.68725,0.9797
75595,2016-10-12 15:00:00-05,2.61785,74.95,0.06,5.75,703.117,1,860.5189999999999,391.108,0.98705,3.4832
75605,2016-10-12 16:00:00-05,5.047183333333333,79.58,0.15,6.75,83.8527,1,907.414,517.544,1.4869666666666668,3.4436166666666668
75615,2016-10-12 17:00:00-05,1.8737666666666668,82.23,0.1,10.49,211.57,1,984.98,210.283,1.5560333333333332,2.89655
75625,2016-10-12 18:00:00-05,2.008716666666667,85.61,0.13,7.17,7.47047,1,254.023,16.8755,2.060233333333333,3.369483333333333
75635,2016-10-12 19:00:00-05,1.4964333333333333,87.8,0.24,8.16,-2.71755,1,883.232,-2.7175599999999998,2.34535,2.15945
75645,2016-10-12 20:00:00-05,3.893833333333333,89.12,0.08,8.07,-2.71826,1,767.933,-2.71831,2.389816666666667,2.451016666666667
75655,2016-10-12 21:00:00-05,2.7289,89.57,0.08,8.46,-2.7189099999999997,1,541.961,-2.7189400000000004,2.4400666666666666,1.685633333333333
75665,2016-10-12 22:00:00-05,1.273,89.76,0.12,7.76,-2.71905,1,313.48400000000004,-2.719,2.4499,1.3087333333333333
75675,2016-10-12 23:00:00-05,0.9185166666666666,88.06,0.07,7.14,-2.71943,1,91.5088,-2.71943,2.5872,1.1692833333333332
75685,2016-10-13 00:00:00-05,0.6743333333333332,83.92,0.07,2.99,-2.71982,1,-2.716,-2.71979,1.8455,1.1504
75695,2016-10-13 01:00:00-05,0.6942,79.24,0.06,2.95,-2.7198900000000004,1,-2.7168200000000002,-2.7198900000000004,2.134916666666667,0.9536
76025,2016-10-14 10:00:00-05,0.3074333333333333,69.41,0.24,2.83,735.875,1,-2.71727,-2.7198900000000004,3.7345166666666665,0.8966666666666666
76035,2016-10-14 11:00:00-05,0.252,69.29,0.24,1.24,845.2710000000001,1,-2.7178,-2.39127,1.0107833333333331,0.7813666666666667
76045,2016-10-14 12:00:00-05,0.5774,69.76,0.24,2.98,917.9960000000001,1,-2.71785,-2.7203,0.7981833333333331,0.74635
76055,2016-10-14 13:00:00-05,1.48745,69.8,0.24,4.3,917.309,1,-2.71821,-2.72039,0.592,0.8612333333333331
76065,2016-10-14 14:00:00-05,2.089916666666667,70.72,0.24,4.49,900.288,1,-2.71828,-3.27026,0.77105,0.65225
76075,2016-10-14 15:00:00-05,2.27725,71.22,0.24,6.01,765.878,1,-2.7187099999999997,68.663,0.56395,0.6363333333333332
76085,2016-10-14 16:00:00-05,1.9990166666666669,69.2,0.31,8.72,434.102,1,-2.71875,285.85200000000003,0.54745,0.8984
76095,2016-10-14 17:00:00-05,1.9434333333333331,73.44,0.31,6.02,55.2697,1,-2.71875,571.172,0.5295166666666666,0.8051333333333331
76105,2016-10-14 18:00:00-05,2.2701333333333333,79.39,0.18,3.28,4.1386400000000005,1,-2.71877,730.314,1.3889,0.9927166666666664
76115,2016-10-14 19:00:00-05,1.9534333333333331,82.41,0.02,3.85,-2.71805,1,-2.8378400000000004,411.29400000000004,2.9447,1.3108333333333333
76125,2016-10-14 20:00:00-05,1.65615,84.52,0.07,0.66,-2.71877,1,102.26,958.7710000000001,1.4383333333333332,1.33895
76135,2016-10-14 21:00:00-05,1.20155,85.56,0.07,2.22,-2.92298,1,330.171,965.538,0.6049,1.4691
76145,2016-10-14 22:00:00-05,1.0673666666666668,85.6,0.07,3.56,-2.71964,1,127.985,137.066,0.67045,1.8802
76155,2016-10-14 23:00:00-05,0.5833833333333333,84.46,0.07,2.45,-2.7198900000000004,1,668.842,171.352,0.8495833333333331,1.6225333333333332
76165,2016-10-15 00:00:00-05,0.7346666666666665,80.81,0.07,2.72,-2.72024,0,957.3489999999999,448.265,1.2214333333333331,1.8503666666666667
76175,2016-10-15 01:00:00-05,0.57265,80.56,0.01,4.1,-2.72059,0,991.823,236.322,1.41275,2.237233333333333
76185,2016-10-15 02:00:00-05,0.5167833333333332,79.68,0.05,4.64,-2.7208099999999997,0,1076.14,16.7451,1.8968666666666667,1.6993666666666667
76195,2016-10-15 03:00:00-05,0.37721666666666653,78.88,0.14,4.79,-2.7208099999999997,0,932.362,-2.71751,2.4484833333333333,1.49815
76205,2016-10-15 04:00:00-05,0.4196666666666666,78.11,0.06,5.67,-2.72091,0,746.57,-2.7181900000000003,2.91535,1.3415166666666667
76215,2016-10-15 05:00:00-05,0.3805833333333333,78.35,0.23,5.95,-2.72125,0,555.533,-2.71889,2.657566666666667,1.1317666666666668
76225,2016-10-15 06:00:00-05,0.3769333333333333,78.19,0.34,5.45,-3.40122,0,311.856,-2.71897,2.545783333333333,0.8847166666666666
76235,2016-10-15 07:00:00-05,0.4107,76.69,0.2,5.81,57.9385,0,34.8417,-2.71939,2.1054666666666666,0.8874833333333331
76245,2016-10-15 08:00:00-05,0.4107833333333333,75.79,0.06,5.4,264.922,0,-2.716,-2.71961,1.8731833333333332,0.5802166666666666
76255,2016-10-15 09:00:00-05,0.7087,75.79,0.06,5.93,552.871,0,-2.7168,-2.4649,2.4637333333333333,0.7293333333333332
76265,2016-10-15 10:00:00-05,0.9785,74.55,0.19,2.58,671.61,0,-2.71733,-2.60656,1.8580333333333332,0.5319833333333333
76275,2016-10-15 11:00:00-05,1.19095,74.14,0.28,4.09,824.215,0,-2.71781,-2.7198900000000004,1.8204,0.50865
76285,2016-10-15 12:00:00-05,2.856266666666667,73.8,0.85,4.49,905.14,0,-2.7179,-2.7203,0.8879833333333331,0.35705
76295,2016-10-15 13:00:00-05,1.5376666666666667,74.15,0.25,4.11,867.409,0,-2.71828,-2.72038,0.83575,0.5116166666666666
76305,2016-10-15 14:00:00-05,1.9037,75.52,0.19,5.61,197.793,0,-2.7183599999999997,-3.4006,0.6422333333333332,0.3722833333333333
76315,2016-10-15 15:00:00-05,1.50965,79.07,0.31,5.88,298.032,0,-2.71874,68.5385,0.9281166666666664,0.5012166666666666
76325,2016-10-15 16:00:00-05,1.9942,80.61,0.31,8.03,420.332,0,-2.71875,281.422,0.6573333333333332,0.3855833333333333
76335,2016-10-15 17:00:00-05,1.82765,82.77,0.31,9.71,199.87400000000002,0,-2.71875,502.06699999999995,0.6288166666666666,0.79015
76345,2016-10-15 18:00:00-05,1.7463166666666667,85.77,0.48,8.68,4.8964,0,-2.71919,813.695,1.00655,1.0062166666666663
76355,2016-10-15 19:00:00-05,1.1207333333333331,87.72,0.31,11.41,-3.21615,0,-4.75861,932.0010000000001,1.7795833333333333,1.2682666666666669
76365,2016-10-15 20:00:00-05,1.21595,88.61,0.31,11.31,-3.17158,0,94.4578,894.63,2.618716666666667,1.4197333333333333
76375,2016-10-15 21:00:00-05,1.3566166666666668,88.9,0.31,10.49,-3.12115,0,317.888,916.2230000000001,0.7651833333333331,1.3138166666666669
76385,2016-10-15 22:00:00-05,1.0949,89.12,0.26,10.62,-3.0594900000000003,0,187.641,388.31800000000004,0.73795,1.37725
76395,2016-10-15 23:00:00-05,0.98795,87.72,0.08,8.36,-2.7198900000000004,0,543.115,667.8860000000001,1.3492166666666667,1.4253833333333332
76405,2016-10-16 00:00:00-05,0.76695,84.12,0.09,3.97,-2.7198900000000004,0,905.827,497.39599999999996,1.4117166666666667,1.44995
76415,2016-10-16 01:00:00-05,0.6793166666666666,81.3,0.11,5.56,-2.7202,0,1052.98,31.704,1.58585,1.3250166666666667
76425,2016-10-16 02:00:00-05,0.6229166666666666,80.19,0.12,7.18,-2.72055,0,1030.22,0.685678,1.6891,1.23225
76435,2016-10-16 03:00:00-05,0.4971666666666666,78.75,0.1,7.28,-2.7208099999999997,0,908.5939999999999,-2.26132,1.9399833333333332,0.8506333333333331
76445,2016-10-16 04:00:00-05,0.4637333333333332,77.93,0.0,8.03,-2.7208099999999997,0,233.602,-2.37994,1.7504,0.3603
76455,2016-10-16 05:00:00-05,0.4892666666666666,76.58,0.0,6.54,-2.72118,0,121.64200000000001,-2.5669,1.9253,0.3646
76465,2016-10-16 06:00:00-05,0.7273,76.28,0.33,5.13,-2.7212400000000003,0,58.0646,-2.70856,2.9663833333333334,0.2444833333333333
76475,2016-10-16 07:00:00-05,0.5518166666666666,75.25,0.12,7.11,55.8894,0,90.365,-2.57838,2.544383333333333,0.21698333333333328
76485,2016-10-16 08:00:00-05,1.1284333333333332,75.7,0.1,6.94,265.18,0,-2.71691,-2.72027,1.8022166666666668,0.2421833333333333
76495,2016-10-16 09:00:00-05,0.9719666666666664,76.32,0.2,8.99,483.105,0,-2.71733,-2.72052,2.2160333333333333,0.21158333333333326
76505,2016-10-16 10:00:00-05,3.354366666666667,74.69,0.27,7.7,758.432,0,-2.71782,-2.7208099999999997,1.4052166666666668,0.20368333333333327
76515,2016-10-16 11:00:00-05,1.5048666666666668,74.71,0.22,8.79,789.512,0,-2.7181599999999997,-2.3807099999999997,1.0400333333333331,0.21968333333333329
76525,2016-10-16 12:00:00-05,1.5912166666666667,74.73,0.9,6.31,847.189,0,-2.71828,-2.4203900000000003,0.9563666666666664,0.2014
76535,2016-10-16 13:00:00-05,1.5102833333333332,74.87,0.31,7.09,867.865,0,-2.71873,-2.59652,0.6055166666666666,0.20038333333333327
76545,2016-10-16 14:00:00-05,2.101516666666667,76.32,0.26,10.48,216.225,0,-2.71875,-2.72173,0.7925,0.2384833333333333
76555,2016-10-16 15:00:00-05,1.8502166666666668,81.44,0.26,12.75,684.548,0,-2.80937,59.1587,0.5904,0.21456666666666666
76565,2016-10-16 16:00:00-05,2.30025,82.37,0.27,10.28,304.8,0,-2.7188,229.00400000000002,0.6091166666666666,0.20491666666666666
76575,2016-10-16 17:00:00-05,1.8243333333333331,86.97,0.11,10.59,211.11599999999999,0,-2.7191799999999997,458.63599999999997,0.5599333333333332,0.46095
76585,2016-10-16 18:00:00-05,1.9446333333333332,89.56,0.11,9.8,3.06156,0,-2.7193,344.876,0.7721833333333331,0.40431666666666655
76595,2016-10-16 19:00:00-05,1.4995166666666668,91.18,0.07,10.69,-3.39684,0,-5.05912,625.195,1.0418833333333333,0.3504833333333333
76605,2016-10-16 20:00:00-05,1.37395,92.52,0.07,11.17,-3.4432199999999997,0,74.5346,927.058,0.6486833333333332,0.2404333333333333
76615,2016-10-16 21:00:00-05,1.05805,92.27,0.11,12.44,-3.39874,0,313.564,727.237,0.5955166666666666,0.2355333333333333
76625,2016-10-16 22:00:00-05,0.8709,91.46,0.1,9.64,-3.02012,0,538.534,681.705,1.14555,0.23085
76635,2016-10-16 23:00:00-05,0.5312833333333332,89.9,0.16,10.22,-2.7198900000000004,0,235.06099999999998,372.162,1.7777666666666667,0.65735
76645,2016-10-17 00:00:00-05,0.6548,86.07,0.06,5.66,-2.7198900000000004,1,1011.74,266.594,1.2992,0.7956666666666666
76655,2016-10-17 01:00:00-05,0.6262,81.96,0.1,6.11,-2.7201400000000002,1,510.43,211.24599999999998,2.039133333333333,0.9344
76665,2016-10-17 02:00:00-05,0.7123666666666666,80.19,0.11,6.01,-2.743,1,858.6139999999999,11.2065,3.021516666666667,1.1041333333333332
76675,2016-10-17 03:00:00-05,0.40421666666666656,79.52,0.06,5.94,-2.72055,1,271.337,-2.7189400000000004,3.20305,1.03325
76685,2016-10-17 04:00:00-05,0.5094666666666666,76.99,0.06,6.05,-2.7604900000000003,1,240.014,-2.71971,2.8626666666666667,1.0701333333333332
76695,2016-10-17 05:00:00-05,0.7054333333333332,76.47,0.1,7.08,-3.10059,1,184.25799999999998,-2.71992,2.7582,0.6835
76705,2016-10-17 06:00:00-05,0.8893333333333331,75.34,0.04,6.33,-3.41804,1,115.613,-2.87357,2.68135,0.41751666666666654
76715,2016-10-17 07:00:00-05,0.5478333333333332,74.61,0.2,5.93,59.1663,1,51.6212,-2.7208099999999997,2.38095,0.2143
76725,2016-10-17 08:00:00-05,0.6486666666666666,74.41,0.23,6.57,285.546,1,-2.71717,-2.90801,2.3832,0.2139
76735,2016-10-17 09:00:00-05,0.5458833333333332,75.77,0.23,5.83,505.038,1,-2.71749,-2.72126,2.0273166666666667,0.22621666666666665
76745,2016-10-17 10:00:00-05,0.5234,77.16,0.23,6.71,721.735,1,-2.7178299999999997,-2.72131,1.2112333333333332,0.21461666666666665
76755,2016-10-17 11:00:00-05,1.1248333333333331,75.53,0.31,7.1,889.0060000000001,1,-2.71798,-2.72173,0.9942,0.21428333333333327
76765,2016-10-17 12:00:00-05,1.1766,75.67,0.47,6.82,863.961,1,-2.71828,-2.72173,0.77085,0.23025
76775,2016-10-17 13:00:00-05,1.4541166666666667,75.55,0.31,4.2,858.4830000000001,1,-2.7183,-2.72173,0.7346666666666665,0.21321666666666664
76785,2016-10-17 14:00:00-05,1.5157833333333333,77.94,0.16,9.85,764.148,1,-2.68475,-3.24345,0.5561333333333331,0.2071
76795,2016-10-17 15:00:00-05,1.8419333333333332,81.11,0.26,12.92,486.264,1,-2.69042,59.5666,0.5473166666666666,0.2607833333333333
76805,2016-10-17 16:00:00-05,2.317766666666667,83.31,0.25,14.45,301.06,1,-2.71875,274.051,0.5541,0.3128166666666666
76815,2016-10-17 17:00:00-05,2.4241,87.65,0.15,14.55,169.352,1,-2.71875,480.695,0.5952333333333332,0.21523333333333328
76825,2016-10-17 18:00:00-05,2.4476,89.64,0.23,10.62,2.9763599999999997,1,-2.71875,690.12,0.737,0.2381
76835,2016-10-17 19:00:00-05,2.818083333333333,91.74,0.14,12.0,-3.3908300000000002,1,-3.3984300000000003,334.04,0.80525,0.2310166666666666
76845,2016-10-17 20:00:00-05,3.20905,93.64,0.16,12.55,-2.75757,1,93.2416,304.77,0.59425,0.2343166666666666
76855,2016-10-17 21:00:00-05,2.066533333333333,93.48,0.23,11.65,-2.87154,1,318.815,1010.62,0.5754333333333332,0.2587333333333333
76865,2016-10-17 22:00:00-05,3.3583,91.22,0.18,11.81,-2.71904,1,560.3919999999999,779.2260000000001,0.6446666666666666,0.22435
76875,2016-10-17 23:00:00-05,0.8588833333333331,89.64,0.06,9.32,-2.7195,1,731.9110000000001,778.9010000000001,0.8407,0.22381666666666666
76885,2016-10-18 00:00:00-05,0.6284166666666666,87.05,0.06,5.77,-2.71956,1,869.8789999999999,182.165,1.4011333333333331,0.2401166666666666
76895,2016-10-18 01:00:00-05,0.5808666666666666,81.86,0.06,4.57,-2.71956,1,949.547,51.6073,1.61615,0.21883333333333327
76905,2016-10-18 02:00:00-05,0.41181666666666655,80.89,0.06,6.53,-2.71956,1,965.3910000000001,10.115,2.1418833333333334,0.21151666666666666
76915,2016-10-18 03:00:00-05,0.43996666666666656,79.55,0.06,8.65,-2.71956,1,906.0089999999999,-2.71919,2.262566666666667,0.2717166666666666
76925,2016-10-18 04:00:00-05,0.5568,77.45,0.0,8.73,-2.99764,1,518.956,-2.71988,2.527016666666667,0.2487333333333333
76935,2016-10-18 05:00:00-05,0.6733333333333332,76.05,0.07,8.79,-2.7657,1,639.268,-2.74905,2.4888166666666667,0.21178333333333327
76945,2016-10-18 06:00:00-05,0.84945,76.05,0.31,8.76,-3.4006,1,303.442,-2.86259,2.4765333333333333,0.22715
76955,2016-10-18 07:00:00-05,0.4431,76.21,0.06,11.37,53.3823,1,95.7301,-2.73828,2.448633333333333,0.20803333333333326
76965,2016-10-18 08:00:00-05,0.5311166666666666,76.56,0.1,11.31,262.849,1,-2.71522,-2.88048,1.8925333333333332,0.20675
76975,2016-10-18 09:00:00-05,0.5128666666666666,76.11,0.26,10.3,476.955,1,-2.7161,-2.89751,1.4351666666666667,0.22423333333333328
76985,2016-10-18 10:00:00-05,0.37605,76.64,0.31,8.66,665.698,1,-2.71656,-2.88634,1.1195833333333332,0.20213333333333328
76995,2016-10-18 11:00:00-05,1.1741,76.2,0.19,8.21,343.94300000000004,1,-2.71691,-2.73964,1.2357166666666668,0.20316666666666666
77005,2016-10-18 12:00:00-05,1.1447166666666668,75.39,0.38,8.46,858.2710000000001,1,-2.7174099999999997,-2.7227099999999997,0.5620166666666666,0.2433333333333333
77015,2016-10-18 13:00:00-05,1.71625,75.34,0.19,8.78,844.295,1,-2.71782,-2.72267,0.7359166666666666,0.21461666666666665
77025,2016-10-18 14:00:00-05,1.5437833333333333,77.32,0.24,12.1,788.1460000000001,1,-2.7178299999999997,-3.18246,0.65935,0.20613333333333328
77035,2016-10-18 15:00:00-05,1.6178,80.46,0.31,14.86,590.423,1,-2.7178299999999997,64.3958,0.7981333333333331,0.3433666666666666
77045,2016-10-18 16:00:00-05,1.7756666666666667,82.66,0.23,12.93,390.88,1,-2.71826,281.04400000000004,0.5835166666666666,0.2447833333333333
77055,2016-10-18 17:00:00-05,2.01055,86.95,0.3,11.86,171.53599999999997,1,-2.71828,501.61300000000006,0.57105,0.20495
77065,2016-10-18 18:00:00-05,2.08575,91.61,0.38,12.1,1.80542,1,-2.71866,687.793,0.5352,0.22356666666666666
77075,2016-10-18 19:00:00-05,2.0021,90.47,0.21,11.58,-3.14791,1,-2.9849200000000002,812.711,0.52395,0.2337833333333333
77085,2016-10-18 20:00:00-05,1.8485333333333331,89.54,0.25,11.09,-2.71818,1,86.6647,883.2410000000001,0.5314333333333332,0.2325333333333333
77095,2016-10-18 21:00:00-05,1.0608666666666668,91.07,0.17,11.32,-2.71867,1,308.164,873.252,0.6949166666666666,0.2402833333333333
77105,2016-10-18 22:00:00-05,0.5982166666666666,91.98,0.06,9.8,-2.7699599999999998,1,432.471,785.227,0.8011,0.2376833333333333
77115,2016-10-18 23:00:00-05,0.42646666666666655,90.16,0.02,6.97,-2.7193,1,729.57,633.372,1.71385,0.22228333333333328
77125,2016-10-19 00:00:00-05,0.5533666666666666,85.92,0.01,4.6,-2.71956,1,539.937,431.32099999999997,1.481666666666667,0.2262833333333333
77135,2016-10-19 01:00:00-05,0.6050666666666666,82.76,0.07,3.75,-2.71956,1,975.988,207.674,2.010133333333333,0.21945
77145,2016-10-19 02:00:00-05,0.4534166666666666,81.79,0.18,6.08,-2.71956,1,935.698,10.9497,1.94625,0.2562666666666666
77155,2016-10-19 03:00:00-05,0.5591,80.36,0.08,7.37,-2.71998,1,913.25,-3.3986400000000003,2.23305,0.2480166666666666
77165,2016-10-19 04:00:00-05,0.42425,78.74,0.1,7.99,-3.1000400000000004,1,772.6569999999999,-3.1392900000000004,2.23925,0.21308333333333326
77175,2016-10-19 05:00:00-05,0.7532166666666666,77.57,0.18,7.4,-2.38042,1,386.51599999999996,-2.8965099999999997,2.5749833333333334,0.20645
77185,2016-10-19 06:00:00-05,0.9443333333333332,77.26,0.51,6.61,-3.4006,1,294.908,-3.07286,2.8913333333333333,0.20666666666666664
77195,2016-10-19 07:00:00-05,0.7188833333333332,77.36,0.07,7.32,49.8627,1,65.0547,-3.24906,2.135416666666667,0.22175
77205,2016-10-19 08:00:00-05,0.4939166666666666,77.08,0.31,8.19,263.09,1,-3.02026,-2.72178,2.1497333333333333,0.21231666666666665
77215,2016-10-19 09:00:00-05,0.3535666666666666,77.14,0.31,7.08,509.256,1,-2.71575,-2.7225,2.101183333333333,0.21498333333333328
77225,2016-10-19 10:00:00-05,0.8725,77.03,0.31,6.58,172.81799999999998,1,-2.71643,-2.72265,1.60705,0.2318166666666666
77235,2016-10-19 11:00:00-05,1.18275,76.8,0.28,6.15,358.024,1,-2.7169,-2.72269,1.150383333333333,0.21508333333333327
77245,2016-10-19 12:00:00-05,1.7076166666666668,76.62,0.54,4.01,977.997,1,-2.71743,-2.72275,1.511283333333333,0.21256666666666665
77255,2016-10-19 13:00:00-05,1.9754333333333332,76.45,0.29,5.0,741.3530000000001,1,-2.71782,-2.72296,1.363816666666667,0.21556666666666666
77265,2016-10-19 14:00:00-05,1.5964666666666667,80.39,0.28,7.51,193.47299999999998,1,-2.7178299999999997,-3.27338,0.9211833333333332,0.3188
77275,2016-10-19 15:00:00-05,1.7879,83.28,0.31,9.86,637.904,1,-2.71807,65.3302,0.7392333333333331,0.2636833333333333
77285,2016-10-19 16:00:00-05,1.7485833333333332,88.97,0.29,10.15,75.9797,1,-2.71828,279.745,0.7600333333333331,0.22135
77295,2016-10-19 17:00:00-05,1.4069333333333331,90.48,0.29,9.95,42.6012,1,-2.71849,499.80800000000005,0.8719,0.20043333333333327
77305,2016-10-19 18:00:00-05,1.5703833333333332,93.8,0.29,8.31,1.3245799999999999,1,-2.71874,684.33,0.7034666666666666,0.20835
77315,2016-10-19 19:00:00-05,1.4085166666666669,94.14,0.08,8.81,-2.73466,1,-3.3984300000000003,812.799,0.81425,0.2376666666666666
77325,2016-10-19 20:00:00-05,2.671316666666667,89.44,0.14,7.4,-3.0524299999999998,1,96.6513,871.467,1.0400333333333331,0.23625
77335,2016-10-19 21:00:00-05,2.792666666666667,91.7,0.12,6.57,-2.8490900000000003,1,312.031,861.9580000000001,2.04635,0.2377
77345,2016-10-19 22:00:00-05,2.681316666666667,91.8,0.23,6.06,-2.9064400000000004,1,542.012,776.548,3.39725,0.2594833333333333
77355,2016-10-19 23:00:00-05,1.727933333333333,89.93,0.05,5.99,-2.71956,1,729.8739999999999,625.748,1.6919666666666668,0.224
77365,2016-10-20 00:00:00-05,1.5628333333333333,87.01,0.03,4.92,-2.71996,1,868.307,423.269,2.79825,0.22296666666666665
77375,2016-10-20 01:00:00-05,1.1337166666666667,83.52,0.11,3.97,-2.7259700000000002,1,937.16,200.653,2.2664666666666666,0.2643666666666666
77385,2016-10-20 02:00:00-05,0.9738,83.33,0.1,6.36,-2.72048,1,935.967,8.109910000000001,2.9595,0.26575
77395,2016-10-20 03:00:00-05,0.8318833333333331,81.45,0.11,6.7,-2.72048,1,370.51199999999994,-3.3972300000000004,2.977466666666667,0.22245
77405,2016-10-20 04:00:00-05,0.7598333333333331,79.56,0.01,5.65,-2.72048,1,433.79699999999997,-3.26277,3.0296333333333334,0.2281
77415,2016-10-20 05:00:00-05,0.5734333333333332,79.12,0.03,5.8,-3.23668,1,520.188,-2.76519,2.9498,0.21285
77425,2016-10-20 06:00:00-05,0.9099666666666666,76.87,0.1,4.36,-3.4011699999999996,1,321.10900000000004,-3.24166,2.89835,0.20926666666666666
77435,2016-10-20 07:00:00-05,1.0623166666666668,76.22,0.23,2.98,47.452,1,90.697,-2.86251,2.722833333333333,0.2309333333333333
77445,2016-10-20 08:00:00-05,0.8353333333333332,76.31,0.26,1.59,148.605,1,-3.08793,-2.94188,3.3231333333333333,0.7332166666666665
77455,2016-10-20 09:00:00-05,0.6012333333333332,74.94,0.13,2.27,480.666,1,-2.7157,-2.77785,3.42995,1.6689666666666667
77465,2016-10-20 10:00:00-05,0.35915,73.71,0.02,1.42,768.5239999999999,1,-2.71643,-2.72127,2.083216666666667,0.7846333333333331
77475,2016-10-20 11:00:00-05,0.3645666666666666,73.28,0.29,2.89,849.345,1,-2.7169,-2.72138,1.80905,0.4374833333333333
77485,2016-10-20 12:00:00-05,0.41501666666666653,73.91,0.29,5.17,291.204,1,-2.71734,-3.19794,1.1006,0.4227833333333333
77495,2016-10-20 13:00:00-05,0.38881666666666653,73.95,0.25,5.6,875.3389999999999,1,-2.71781,-2.7217599999999997,0.7311,0.3957
77505,2016-10-20 14:00:00-05,0.5857333333333332,77.11,0.19,9.7,914.5880000000001,1,-2.7178299999999997,-3.4021800000000004,0.84995,0.2931666666666666
77515,2016-10-20 15:00:00-05,1.0722333333333331,80.34,0.31,13.67,246.28099999999998,1,-2.7178299999999997,41.4555,0.9636,0.3421833333333333
77525,2016-10-20 16:00:00-05,1.1991166666666668,80.93,0.31,16.7,463.55,1,-2.7180400000000002,210.924,0.9098833333333332,0.80365
77535,2016-10-20 17:00:00-05,1.9543333333333333,79.62,0.31,18.14,34.4127,1,-2.71828,290.069,0.85665,0.6249333333333332
77545,2016-10-20 18:00:00-05,1.49305,81.11,0.52,13.97,-0.14158800000000002,1,-2.71828,510.31,0.9988333333333332,0.9199166666666666
77555,2016-10-20 19:00:00-05,2.721916666666667,82.88,0.2,17.9,-1.0203,1,-3.3978699999999997,828.3889999999999,1.0137166666666664,1.0861166666666668
77565,2016-10-20 20:00:00-05,0.7093666666666666,83.77,0.24,21.66,-1.02035,1,93.0277,564.409,0.96045,1.5617166666666669
77575,2016-10-20 21:00:00-05,0.4463833333333333,84.5,0.08,19.3,-2.38082,1,319.844,898.548,1.0568,2.0972666666666666
77585,2016-10-20 22:00:00-05,0.4613,86.61,0.09,18.54,-2.38082,1,543.385,153.879,1.0585,3.2659833333333332
77595,2016-10-20 23:00:00-05,0.2744833333333333,79.28,0.16,18.19,-2.38082,1,730.2460000000001,703.117,1.4636333333333331,2.61785
77605,2016-10-21 00:00:00-05,0.275,74.74,0.07,9.67,-2.7099599999999997,1,863.327,83.8527,1.7686666666666668,5.047183333333333
77615,2016-10-21 01:00:00-05,0.3076166666666666,71.73,0.06,9.2,-2.3302,1,923.612,211.57,1.7824166666666668,1.8737666666666668
77625,2016-10-21 02:00:00-05,0.29035,69.11,0.06,7.71,-1.52515,1,924.9,7.47047,2.357416666666667,2.008716666666667
77635,2016-10-21 03:00:00-05,0.3594,66.98,0.06,8.96,-2.38125,1,974.414,-2.71755,2.8147333333333333,1.4964333333333333
77645,2016-10-21 04:00:00-05,0.3645666666666666,65.96,0.06,10.49,-2.64797,1,673.967,-2.71826,3.1435,3.893833333333333
77655,2016-10-21 05:00:00-05,0.4787166666666666,64.55,0.06,8.66,-1.8432099999999998,1,197.92,-2.7189099999999997,3.1196,2.7289
77665,2016-10-21 06:00:00-05,0.3189,62.44,0.06,6.39,-2.38203,1,316.313,-2.71905,2.937066666666667,1.273
77675,2016-10-21 07:00:00-05,0.5750666666666666,60.25,0.0,5.39,2.38179,1,70.5199,-2.71943,2.8920833333333333,0.9185166666666666
77685,2016-10-21 08:00:00-05,0.19841666666666666,58.56,0.04,7.81,198.368,1,-2.71533,-2.71982,3.565,0.6743333333333332
77695,2016-10-21 09:00:00-05,0.186,57.09,0.04,7.03,147.951,1,-2.71637,-2.7198900000000004,3.292133333333333,0.6942
77705,2016-10-21 10:00:00-05,0.2287,56.65,0.04,6.81,395.556,1,-2.7169,735.875,2.343633333333333,0.3074333333333333
77715,2016-10-21 11:00:00-05,0.22065,54.91,0.04,6.48,787.2560000000001,1,-2.71735,845.2710000000001,1.3353166666666667,0.252
77725,2016-10-21 12:00:00-05,0.2117,54.38,0.1,4.55,845.887,1,-2.71779,917.9960000000001,1.1916,0.5774
77735,2016-10-21 13:00:00-05,0.2279833333333333,53.84,0.06,6.95,830.8530000000001,1,-2.7178299999999997,917.309,1.549,1.48745
77745,2016-10-21 14:00:00-05,0.22665,59.19,0.06,7.55,760.837,1,-2.71787,900.288,0.8119333333333331,2.089916666666667
77755,2016-10-21 15:00:00-05,0.72465,63.92,0.06,9.57,606.137,1,-2.71826,765.878,0.8798666666666666,2.27725
77765,2016-10-21 16:00:00-05,1.251866666666667,67.42,0.06,11.27,398.986,1,-2.71828,434.102,0.9196333333333332,1.9990166666666669
77775,2016-10-21 17:00:00-05,1.7619333333333331,73.34,0.06,9.14,167.945,1,-2.71865,55.2697,0.8361833333333331,1.9434333333333331
77785,2016-10-21 18:00:00-05,0.8803833333333331,76.15,0.06,7.18,0.515579,1,-2.71875,4.1386400000000005,0.9117333333333332,2.2701333333333333
77795,2016-10-21 19:00:00-05,0.4994666666666666,74.93,0.0,7.14,-3.40075,1,-3.3984300000000003,-2.71805,1.0537666666666667,1.9534333333333331
77805,2016-10-21 20:00:00-05,3.3772333333333333,79.27,0.06,6.08,-3.26569,1,92.6809,-2.71877,0.6391,1.65615
77815,2016-10-21 21:00:00-05,1.5489833333333332,80.37,0.06,5.77,-3.1646099999999997,1,312.644,-2.92298,0.81755,1.20155
77825,2016-10-21 22:00:00-05,0.8415,82.16,0.06,5.05,-2.9889799999999997,1,554.937,-2.71964,1.0438,1.0673666666666668
77835,2016-10-21 23:00:00-05,0.3434,79.22,0.06,3.59,-2.7231400000000003,1,442.505,-2.7198900000000004,1.4097166666666667,0.5833833333333333
77845,2016-10-22 00:00:00-05,0.3753,67.37,0.0,1.69,-3.10336,0,913.347,-2.72024,1.62155,0.7346666666666665
77855,2016-10-22 01:00:00-05,0.4926166666666666,62.06,0.04,1.63,-2.7237299999999998,0,1009.05,-2.72059,2.1662,0.57265
77865,2016-10-22 02:00:00-05,0.4221666666666665,59.65,0.04,2.24,-3.05901,0,970.721,-2.7208099999999997,2.1416166666666667,0.5167833333333332
77875,2016-10-22 03:00:00-05,0.3511333333333333,56.97,0.04,1.61,-2.72416,0,303.311,-2.7208099999999997,2.357966666666667,0.37721666666666653
77885,2016-10-22 04:00:00-05,0.3249333333333333,54.51,0.04,1.48,-2.73591,0,648.202,-2.72091,2.736733333333333,0.4196666666666666
77895,2016-10-22 05:00:00-05,0.4725333333333332,53.0,0.04,1.06,-2.78726,0,516.289,-2.72125,2.64455,0.3805833333333333
77905,2016-10-22 06:00:00-05,0.4671,53.21,0.04,1.44,-3.54261,0,285.063,-3.40122,3.0625166666666668,0.3769333333333333
77915,2016-10-22 07:00:00-05,0.3893,51.36,0.04,1.56,58.1294,0,64.941,57.9385,2.787316666666667,0.4107
77925,2016-10-22 08:00:00-05,0.39961666666666656,49.85,0.04,2.94,264.684,0,-3.3946699999999996,264.922,2.887083333333333,0.4107833333333333
77935,2016-10-22 09:00:00-05,0.3685166666666666,49.39,0.0,3.45,501.30199999999996,0,-3.3222199999999997,552.871,2.37865,0.7087
77945,2016-10-22 10:00:00-05,0.27555,49.05,0.0,2.3,702.566,0,-3.3343800000000003,671.61,1.6537666666666668,0.9785
77955,2016-10-22 11:00:00-05,0.3080333333333333,48.42,0.0,1.37,804.865,0,-3.19912,824.215,1.5063833333333332,1.19095
77965,2016-10-22 12:00:00-05,0.3108666666666666,47.81,0.0,0.96,872.8439999999999,0,-3.12601,905.14,1.0039166666666663,2.856266666666667
77975,2016-10-22 13:00:00-05,0.3765333333333333,47.12,0.0,1.48,808.235,0,-2.71862,867.409,0.7537666666666666,1.5376666666666667
77985,2016-10-22 14:00:00-05,0.4160833333333333,55.31,0.0,2.55,676.4760000000001,0,-2.71875,197.793,0.8171,1.9037
77995,2016-10-22 15:00:00-05,0.2872166666666666,62.81,0.0,5.75,473.20599999999996,0,-2.71875,298.032,0.8177166666666666,1.50965
78005,2016-10-22 16:00:00-05,0.4105833333333333,68.25,0.06,8.29,224.895,0,-2.71875,420.332,0.6353166666666666,1.9942
78015,2016-10-22 17:00:00-05,0.7153666666666666,72.25,0.06,6.4,95.1353,0,-2.71875,199.87400000000002,0.8046,1.82765
78025,2016-10-22 18:00:00-05,0.7051666666666666,74.99,0.06,6.56,-1.07061,0,-2.71909,4.8964,0.8450333333333331,1.7463166666666667
78035,2016-10-22 19:00:00-05,1.2541666666666669,76.47,0.06,5.73,-2.75378,0,-3.399,-3.21615,0.90975,1.1207333333333331
78045,2016-10-22 20:00:00-05,0.94895,78.14,0.06,6.1,-2.72052,0,81.7449,-3.17158,0.6666666666666666,1.21595
78055,2016-10-22 21:00:00-05,0.6083666666666666,77.88,0.06,6.76,-2.72102,0,302.555,-3.12115,0.5583166666666666,1.3566166666666668
78065,2016-10-22 22:00:00-05,0.5509833333333332,78.81,0.06,7.04,-2.85747,0,533.354,-3.0594900000000003,0.79985,1.0949
78075,2016-10-22 23:00:00-05,0.3708833333333333,77.62,0.06,6.18,-2.7214,0,815.186,-2.7198900000000004,1.0919333333333332,0.98795
78085,2016-10-23 00:00:00-05,0.29425,70.56,0.06,3.5,-2.50601,0,918.2869999999999,-2.7198900000000004,1.35395,0.76695
78095,2016-10-23 01:00:00-05,0.2939833333333333,65.44,0.06,3.38,-2.7214400000000003,0,287.759,-2.7202,1.6359666666666668,0.6793166666666666
78105,2016-10-23 02:00:00-05,0.3205333333333333,62.44,0.06,4.89,-2.72151,0,955.0980000000001,-2.72055,2.18655,0.6229166666666666
78115,2016-10-23 03:00:00-05,0.294,60.63,0.0,5.4,-2.72188,0,940.502,-2.7208099999999997,2.3287166666666668,0.4971666666666666
78125,2016-10-23 04:00:00-05,0.28575,59.83,0.0,5.3,-2.7903700000000002,0,593.6669999999999,-2.7208099999999997,2.5856166666666667,0.4637333333333332
78135,2016-10-23 05:00:00-05,0.3028166666666666,59.23,0.06,6.49,-2.7224,0,522.9169999999999,-2.72118,2.82365,0.4892666666666666
78145,2016-10-23 06:00:00-05,0.2862333333333333,59.52,0.06,5.96,-3.38058,0,292.433,-2.7212400000000003,2.735,0.7273
78155,2016-10-23 07:00:00-05,0.3103833333333333,56.51,0.11,5.34,42.7839,0,66.0273,55.8894,3.45205,0.5518166666666666
78165,2016-10-23 08:00:00-05,0.6609833333333331,55.57,0.1,4.49,261.73,0,-3.37825,265.18,2.875433333333333,1.1284333333333332
78175,2016-10-23 09:00:00-05,0.4358,54.75,0.07,5.95,472.059,0,-2.94895,483.105,1.8412,0.9719666666666664
78185,2016-10-23 10:00:00-05,1.148383333333333,54.25,0.06,2.14,209.31400000000002,0,-2.71758,758.432,1.539383333333333,3.354366666666667
78195,2016-10-23 11:00:00-05,0.49815,53.68,0.1,2.75,359.231,0,-2.7178299999999997,789.512,0.92225,1.5048666666666668
78205,2016-10-23 12:00:00-05,0.48215,54.57,0.01,4.27,361.452,0,-2.69518,847.189,0.65655,1.5912166666666667
78215,2016-10-23 13:00:00-05,0.87195,54.22,0.01,2.31,309.09,0,-2.59326,867.865,0.8886166666666666,1.5102833333333332
78225,2016-10-23 14:00:00-05,0.48255,58.46,0.0,4.77,249.572,0,-2.71805,216.225,0.8446666666666666,2.101516666666667
78235,2016-10-23 15:00:00-05,0.4264,63.0,0.0,5.78,331.43199999999996,0,-2.50883,684.548,0.6152833333333332,1.8502166666666668
78245,2016-10-23 16:00:00-05,0.47375,67.73,0.01,6.47,214.106,0,-2.57186,304.8,0.5776666666666666,2.30025
78255,2016-10-23 17:00:00-05,2.457,73.63,0.01,10.39,75.5073,0,-1.0198200000000002,211.11599999999999,0.5603666666666666,1.8243333333333331
78265,2016-10-23 18:00:00-05,2.679666666666667,79.18,0.0,10.31,-1.01948,0,-1.1955200000000001,3.06156,0.6421333333333332,1.9446333333333332
78275,2016-10-23 19:00:00-05,1.5657,80.66,0.0,10.2,-2.71902,0,-1.6997900000000001,-3.39684,0.8448333333333331,1.4995166666666668
78285,2016-10-23 20:00:00-05,0.9703333333333332,81.67,0.0,7.79,-2.7195400000000003,0,65.4152,-3.4432199999999997,0.6905666666666666,1.37395
78295,2016-10-23 21:00:00-05,0.9001166666666666,83.1,0.0,9.9,-2.5952,0,336.43199999999996,-3.39874,0.4769333333333332,1.05805
78305,2016-10-23 22:00:00-05,0.5509166666666666,83.39,0.01,9.97,-2.43138,0,486.289,-3.02012,0.8147333333333331,0.8709
78315,2016-10-23 23:00:00-05,0.4408166666666665,81.36,0.0,7.32,-2.72048,0,725.018,-2.7198900000000004,0.9231833333333332,0.5312833333333332
78325,2016-10-24 00:00:00-05,0.3086333333333333,79.11,0.0,4.64,-2.72064,1,244.567,-2.7198900000000004,2.0532833333333333,0.6548
78335,2016-10-24 01:00:00-05,0.2906333333333333,77.3,0.02,4.68,-2.38082,1,980.045,-2.7201400000000002,2.029866666666667,0.6262
78345,2016-10-24 02:00:00-05,0.2906666666666666,76.35,0.06,5.83,-2.38082,1,954.5,-2.743,2.1359166666666667,0.7123666666666666
78355,2016-10-24 03:00:00-05,0.3055,75.64,0.0,6.68,-2.38092,1,253.785,-2.72055,2.5121333333333333,0.40421666666666656
78365,2016-10-24 04:00:00-05,0.29525,74.25,0.08,5.34,-2.39794,1,224.243,-2.7604900000000003,2.7224666666666666,0.5094666666666666
78375,2016-10-24 05:00:00-05,0.5838166666666667,73.09,0.05,5.8,-2.65326,1,511.168,-3.10059,2.7156333333333333,0.7054333333333332
78385,2016-10-24 06:00:00-05,0.7700833333333331,71.87,0.14,7.56,-3.2259900000000004,1,270.265,-3.41804,2.60565,0.8893333333333331
78395,2016-10-24 07:00:00-05,0.3083,70.87,0.09,3.76,23.9651,1,37.2456,59.1663,2.5860833333333333,0.5478333333333332
78405,2016-10-24 08:00:00-05,0.2335666666666666,70.26,0.25,4.27,106.45100000000001,1,-2.71636,285.546,2.19905,0.6486666666666666
78415,2016-10-24 09:00:00-05,0.2560666666666666,69.6,0.09,5.19,510.031,1,-2.7168799999999997,505.038,1.5872,0.5458833333333332
78425,2016-10-24 10:00:00-05,0.2456833333333333,69.07,0.11,4.81,467.898,1,-2.71731,721.735,1.2114,0.5234
78435,2016-10-24 11:00:00-05,0.2558333333333333,68.97,0.04,1.19,349.098,1,-2.71779,889.0060000000001,0.93595,1.1248333333333331
78445,2016-10-24 12:00:00-05,0.4251,68.27,0.11,2.77,914.0010000000001,1,-2.7178299999999997,863.961,0.9027333333333332,1.1766
78455,2016-10-24 13:00:00-05,0.7402333333333331,68.48,0.28,3.49,835.048,1,-2.7181599999999997,858.4830000000001,0.8275,1.4541166666666667
78465,2016-10-24 14:00:00-05,1.1263333333333332,70.54,0.14,3.41,804.828,1,-2.71828,764.148,0.6824166666666666,1.5157833333333333
78475,2016-10-24 15:00:00-05,1.56605,73.32,0.28,4.61,189.007,1,-2.71873,486.264,0.9302166666666664,1.8419333333333332
78485,2016-10-24 16:00:00-05,1.3680666666666668,76.25,0.31,5.7,361.231,1,-2.5941400000000003,301.06,0.6666666666666666,2.317766666666667
78495,2016-10-24 17:00:00-05,1.4859,79.06,0.25,6.81,144.269,1,-2.71875,169.352,0.5863666666666666,2.4241
78505,2016-10-24 18:00:00-05,1.3263333333333331,84.01,0.48,5.35,-0.33974099999999996,1,-2.7189,2.9763599999999997,0.83205,2.4476
78515,2016-10-24 19:00:00-05,1.7352833333333333,84.48,0.25,3.68,-2.7187,1,-3.1551099999999996,-3.3908300000000002,0.88125,2.818083333333333
78525,2016-10-24 20:00:00-05,1.5019333333333331,85.75,0.24,6.27,-2.7195099999999996,1,83.7676,-2.75757,0.8036833333333331,3.20905
78535,2016-10-24 21:00:00-05,1.5799,83.8,0.13,6.63,-2.71984,1,309.149,-2.87154,0.6997166666666667,2.066533333333333
78545,2016-10-24 22:00:00-05,0.6380666666666666,82.76,0.28,6.56,-2.7204099999999998,1,541.447,-2.71904,0.6989666666666666,3.3583
78555,2016-10-24 23:00:00-05,0.6193166666666666,81.44,0.14,6.01,-2.72048,1,739.692,-2.7195,0.6823666666666666,0.8588833333333331
78565,2016-10-25 00:00:00-05,0.4416,77.91,0.1,4.56,-2.72087,1,888.562,-2.71956,0.8435,0.6284166666666666
78575,2016-10-25 01:00:00-05,0.3923,74.23,0.12,3.9,-2.72099,1,1021.44,-2.71956,1.3191333333333333,0.5808666666666666
78585,2016-10-25 02:00:00-05,0.4143333333333333,73.63,0.1,3.56,-2.78943,1,1025.18,-2.71956,1.1619,0.41181666666666655
78595,2016-10-25 03:00:00-05,0.4744833333333332,71.6,0.21,5.26,-2.7214,1,878.829,-2.71956,1.51505,0.43996666666666656
78605,2016-10-25 04:00:00-05,0.3773833333333333,71.11,0.21,5.32,-2.72146,1,241.358,-2.99764,1.5331333333333332,0.5568
78615,2016-10-25 05:00:00-05,0.3330666666666666,68.92,0.04,4.95,-2.72192,1,499.89099999999996,-2.7657,2.134183333333333,0.6733333333333332
78625,2016-10-25 06:00:00-05,0.7506166666666666,68.15,0.04,5.18,-3.40257,1,257.42,-3.4006,2.8205,0.84945
78635,2016-10-25 07:00:00-05,0.2391333333333333,65.85,0.01,4.84,40.9287,1,37.5358,53.3823,2.14465,0.4431
78645,2016-10-25 08:00:00-05,0.19991666666666666,64.73,0.16,2.79,242.18400000000003,1,-2.71591,262.849,1.7613166666666669,0.5311166666666666
78655,2016-10-25 09:00:00-05,0.21466666666666664,64.42,0.17,2.69,460.522,1,-2.71655,476.955,1.74745,0.5128666666666666
78665,2016-10-25 10:00:00-05,0.21671666666666664,64.2,0.24,3.59,678.195,1,-2.71698,665.698,1.2407,0.37605
78675,2016-10-25 11:00:00-05,0.2165,65.22,0.17,3.0,951.7539999999999,1,-2.7174400000000003,343.94300000000004,0.83685,1.1741
78685,2016-10-25 12:00:00-05,0.22288333333333327,65.29,0.15,2.5,287.936,1,-2.71782,858.2710000000001,0.7711833333333331,1.1447166666666668
78695,2016-10-25 13:00:00-05,0.60005,65.35,0.09,2.42,844.3,1,-2.7178299999999997,844.295,0.8718,1.71625
78705,2016-10-25 14:00:00-05,1.0042833333333332,66.47,0.16,4.77,279.019,1,-2.71821,788.1460000000001,0.8116,1.5437833333333333
78715,2016-10-25 15:00:00-05,1.1714,69.06,0.27,4.07,314.185,1,-2.6447,590.423,0.62115,1.6178
78725,2016-10-25 16:00:00-05,1.10805,73.12,0.05,4.09,416.991,1,-2.61672,390.88,0.61225,1.7756666666666667
78735,2016-10-25 17:00:00-05,1.1362333333333332,77.78,0.17,7.25,25.3026,1,-2.71875,171.53599999999997,0.6152333333333332,2.01055
78745,2016-10-25 18:00:00-05,1.5286833333333332,79.95,0.29,6.38,-1.7274900000000002,1,-2.71875,1.80542,0.9267,2.08575
78755,2016-10-25 19:00:00-05,1.3986666666666667,81.36,0.27,6.94,-2.7191,1,-2.7357400000000003,-3.14791,0.6758,2.0021
78765,2016-10-25 20:00:00-05,1.6065166666666668,82.41,0.31,7.04,-2.71955,1,105.09,-2.71818,0.6361833333333332,1.8485333333333331
78775,2016-10-25 21:00:00-05,1.6272833333333332,82.72,0.26,6.19,-2.7198900000000004,1,90.5361,-2.71867,0.8978333333333332,1.0608666666666668
78785,2016-10-25 22:00:00-05,1.22605,81.86,0.24,5.22,-2.80537,1,564.4540000000001,-2.7699599999999998,0.95335,0.5982166666666666
78795,2016-10-25 23:00:00-05,0.5043333333333332,79.96,0.03,5.69,-2.72048,1,799.8810000000001,-2.7193,0.8403833333333331,0.42646666666666655
78805,2016-10-26 00:00:00-05,0.3932833333333333,76.44,0.18,2.9,-2.72091,1,651.95,-2.71956,1.4258833333333332,0.5533666666666666
78815,2016-10-26 01:00:00-05,0.3097666666666666,74.23,0.19,3.32,-2.72094,1,978.711,-2.71956,1.46215,0.6050666666666666
78825,2016-10-26 02:00:00-05,0.2771333333333333,73.17,0.1,4.51,-2.38104,1,229.63299999999998,-2.71956,1.8814666666666668,0.4534166666666666
78835,2016-10-26 03:00:00-05,0.26615,72.14,0.01,4.39,-2.3865,1,854.677,-2.71998,1.8593166666666667,0.5591
78845,2016-10-26 04:00:00-05,0.4135333333333333,70.4,0.01,3.8,-2.72094,1,734.2080000000001,-3.1000400000000004,2.5635833333333333,0.42425
78855,2016-10-26 05:00:00-05,0.5576833333333332,69.35,0.1,3.32,-2.38118,1,492.411,-2.38042,2.698033333333333,0.7532166666666666
78865,2016-10-26 06:00:00-05,0.5642833333333332,68.42,0.06,3.73,-3.2540400000000003,1,270.277,-3.4006,2.010183333333333,0.9443333333333332
78875,2016-10-26 07:00:00-05,0.43691666666666656,65.49,0.06,3.82,37.1446,1,21.0076,49.8627,1.56305,0.7188833333333332
78885,2016-10-26 08:00:00-05,0.29535,64.57,0.06,2.35,243.481,1,-2.73867,263.09,1.1623333333333332,0.4939166666666666
78895,2016-10-26 09:00:00-05,0.2795833333333333,63.41,0.06,2.23,452.17800000000005,1,-2.71677,509.256,1.1205333333333332,0.3535666666666666
78905,2016-10-26 10:00:00-05,0.28325,62.8,0.18,5.44,709.0010000000001,1,-2.71723,172.81799999999998,1.1312666666666669,0.8725
78915,2016-10-26 11:00:00-05,0.47745,62.38,0.2,5.19,446.131,1,-2.7175599999999998,358.024,1.0282,1.18275
78925,2016-10-26 12:00:00-05,0.6829833333333332,63.01,0.21,2.45,192.18099999999998,1,-2.3781,977.997,0.72105,1.7076166666666668
78935,2016-10-26 13:00:00-05,1.5362,62.23,0.17,5.47,862.453,1,-2.7178299999999997,741.3530000000001,0.81465,1.9754333333333332
78945,2016-10-26 14:00:00-05,2.23625,66.21,0.13,4.92,288.824,1,-2.71786,193.47299999999998,0.6033666666666666,1.5964666666666667
78955,2016-10-26 15:00:00-05,1.9860833333333332,72.42,0.25,7.61,114.65700000000001,1,-2.71787,637.904,0.4170833333333333,1.7879
78965,2016-10-26 16:00:00-05,1.7949833333333332,76.25,0.11,6.47,85.0477,1,-2.7181900000000003,75.9797,0.6148166666666666,1.7485833333333332
78975,2016-10-26 17:00:00-05,1.7579833333333332,79.56,0.31,8.49,143.903,1,-2.71828,42.6012,0.44406666666666655,1.4069333333333331
78985,2016-10-26 18:00:00-05,2.1157833333333333,82.7,0.31,7.17,-0.8493780000000001,1,-2.71835,1.3245799999999999,0.5816833333333332,1.5703833333333332
78995,2016-10-26 19:00:00-05,1.7904666666666669,83.94,0.31,6.13,-2.7867599999999997,1,-2.9790799999999997,-2.73466,0.4262166666666666,1.4085166666666669
79005,2016-10-26 20:00:00-05,1.4655,84.1,0.19,4.94,-2.7195099999999996,1,33.2184,-3.0524299999999998,0.5757666666666666,2.671316666666667
79015,2016-10-26 21:00:00-05,0.7825833333333331,84.81,0.18,6.8,-2.71969,1,253.583,-2.8490900000000003,1.0101666666666664,2.792666666666667
79025,2016-10-26 22:00:00-05,0.70145,84.32,0.22,6.16,-2.72033,1,417.584,-2.9064400000000004,0.88595,2.681316666666667
79035,2016-10-26 23:00:00-05,0.6475,82.59,0.09,4.6,-2.72048,1,833.882,-2.71956,0.6842333333333332,1.727933333333333
79045,2016-10-27 00:00:00-05,0.3202333333333333,77.91,0.06,4.47,-2.72076,1,295.12,-2.71996,1.30415,1.5628333333333333
79055,2016-10-27 01:00:00-05,0.4639166666666666,73.9,0.05,4.1,-2.72094,1,981.5369999999999,-2.7259700000000002,1.09425,1.1337166666666667
79065,2016-10-27 02:00:00-05,0.5921,71.88,0.11,3.13,-2.7210799999999997,1,454.764,-2.72048,1.2381833333333332,0.9738
79075,2016-10-27 03:00:00-05,0.36348333333333327,70.96,0.06,4.3,-2.7214,1,782.3739999999999,-2.72048,2.100966666666667,0.8318833333333331
79085,2016-10-27 04:00:00-05,0.35875,69.52,0.01,2.51,-2.7214099999999997,1,306.525,-2.72048,3.86445,0.7598333333333331
79095,2016-10-27 05:00:00-05,0.4733333333333332,69.22,0.04,3.5,-3.01657,1,548.403,-3.23668,1.4867833333333331,0.5734333333333332
79105,2016-10-27 06:00:00-05,0.7155833333333332,68.52,0.04,4.54,-3.4023199999999996,1,243.981,-3.4011699999999996,1.75865,0.9099666666666666
79115,2016-10-27 07:00:00-05,0.23475,66.29,0.05,3.65,39.2234,1,10.4194,47.452,1.5123666666666669,1.0623166666666668
79125,2016-10-27 08:00:00-05,0.19915,65.68,0.11,3.56,242.416,1,-2.71633,148.605,1.2697666666666667,0.8353333333333332
79135,2016-10-27 09:00:00-05,0.19953333333333328,64.93,0.09,3.61,455.866,1,-2.71687,480.666,1.2246,0.6012333333333332
79145,2016-10-27 10:00:00-05,0.21338333333333329,64.21,0.03,2.35,640.058,1,-2.71703,768.5239999999999,0.9873833333333332,0.35915
79155,2016-10-27 11:00:00-05,0.5051333333333332,63.74,0.03,1.42,701.4989999999999,1,-2.38902,849.345,0.8957,0.3645666666666666
79165,2016-10-27 12:00:00-05,1.2375166666666668,64.55,0.06,2.1,887.7589999999999,1,-2.5082400000000002,291.204,0.6979,0.41501666666666653
79175,2016-10-27 13:00:00-05,1.45565,63.37,0.07,1.76,847.7919999999999,1,-2.71786,875.3389999999999,0.6668333333333332,0.38881666666666653
79185,2016-10-27 14:00:00-05,1.263,68.17,0.09,2.64,718.628,1,-2.7178299999999997,914.5880000000001,0.52725,0.5857333333333332
79195,2016-10-27 15:00:00-05,2.0858833333333333,73.34,0.07,4.46,573.368,1,-2.37839,246.28099999999998,0.5242333333333332,1.0722333333333331
79205,2016-10-27 16:00:00-05,3.2756,77.27,0.08,5.35,371.19300000000004,1,-2.37856,463.55,0.5148,1.1991166666666668
79215,2016-10-27 17:00:00-05,2.5040666666666667,80.38,0.08,4.85,146.019,1,-2.4979400000000003,34.4127,0.51955,1.9543333333333333
79225,2016-10-27 18:00:00-05,1.5702833333333333,82.68,0.39,3.5,-1.22304,1,-2.44201,-0.14158800000000002,1.0444833333333332,1.49305
79235,2016-10-27 19:00:00-05,1.8093833333333331,83.76,0.11,4.1,-3.21188,1,-2.7196599999999997,-1.0203,0.9069833333333333,2.721916666666667
79245,2016-10-27 20:00:00-05,1.65085,85.43,0.21,5.2,-3.26951,1,7.41675,-1.02035,0.5594,0.7093666666666666
79255,2016-10-27 21:00:00-05,1.1995166666666668,84.87,0.11,5.48,-3.10587,1,41.0669,-2.38082,0.5342666666666666,0.4463833333333333
79265,2016-10-27 22:00:00-05,0.5643,83.79,0.23,7.08,-2.72091,1,254.23,-2.38082,0.61135,0.4613
79275,2016-10-27 23:00:00-05,0.54875,82.34,0.09,7.25,-3.4014,1,537.35,-2.38082,0.5472833333333332,0.2744833333333333
79285,2016-10-28 00:00:00-05,0.3832333333333333,78.69,0.06,4.27,-3.40175,1,524.706,-2.7099599999999997,0.5737333333333332,0.275
79295,2016-10-28 01:00:00-05,0.3185833333333333,75.33,0.0,4.58,-2.72764,1,399.965,-2.3302,0.7343333333333332,0.3076166666666666
79305,2016-10-28 02:00:00-05,0.28335,72.63,0.0,2.46,-2.9321599999999997,1,450.94599999999997,-1.52515,0.5797833333333332,0.29035
79315,2016-10-28 03:00:00-05,0.2571166666666666,70.34,0.04,3.42,-3.22715,1,143.386,-2.38125,0.5608333333333332,0.3594
79325,2016-10-28 04:00:00-05,0.2518,68.07,0.04,5.31,-2.92124,1,151.88,-2.64797,0.99525,0.3645666666666666
79335,2016-10-28 05:00:00-05,0.5843333333333331,66.49,0.04,4.37,-2.7459,1,108.74799999999999,-1.8432099999999998,0.44826666666666654,0.4787166666666666
79345,2016-10-28 06:00:00-05,0.7574333333333331,66.79,0.04,2.04,-2.72324,1,66.076,-2.38203,0.4673666666666666,0.3189
79355,2016-10-28 07:00:00-05,0.2411333333333333,63.72,0.0,2.99,31.7027,1,6.09581,2.38179,2.7323833333333334,0.5750666666666666
79365,2016-10-28 08:00:00-05,0.20781666666666665,63.1,0.04,1.69,197.179,1,-2.3795,198.368,0.92305,0.19841666666666666
79375,2016-10-28 09:00:00-05,0.19863333333333327,61.92,0.0,0.75,439.082,1,-2.37984,147.951,0.98205,0.186
79385,2016-10-28 10:00:00-05,0.20366666666666666,60.35,0.0,1.86,335.36,1,-2.7198900000000004,395.556,1.0999,0.2287
79395,2016-10-28 11:00:00-05,0.3024166666666666,60.34,0.0,3.13,557.047,1,-2.3799,787.2560000000001,0.4199833333333333,0.22065
79405,2016-10-28 12:00:00-05,0.6128333333333332,59.11,0.1,2.94,778.587,1,-2.3799,845.887,0.2809833333333333,0.2117
79415,2016-10-28 13:00:00-05,1.0532833333333331,58.83,0.06,3.37,299.95,1,-2.72031,830.8530000000001,0.3586166666666666,0.2279833333333333
79425,2016-10-28 14:00:00-05,1.22695,64.67,0.06,3.36,310.08799999999997,1,-2.5392799999999998,760.837,0.3166666666666666,0.22665
79435,2016-10-28 15:00:00-05,1.4120333333333333,70.95,0.06,1.29,581.206,1,-1.7005099999999997,606.137,0.2595666666666666,0.72465
79445,2016-10-28 16:00:00-05,1.5308,74.94,0.06,6.01,372.05300000000005,1,-1.81387,398.986,0.4804833333333332,1.251866666666667
79455,2016-10-28 17:00:00-05,1.7110833333333333,78.56,0.14,7.26,140.90200000000002,1,-1.7006299999999999,167.945,0.3172,1.7619333333333331
79465,2016-10-28 18:00:00-05,1.5266833333333332,80.16,0.38,5.48,-1.51173,1,-1.97292,0.515579,0.3277166666666666,0.8803833333333331
79475,2016-10-28 19:00:00-05,0.78925,82.38,0.29,6.09,-2.71865,1,-2.38111,-3.40075,0.49195,0.4994666666666666
79485,2016-10-28 20:00:00-05,0.5933833333333332,82.19,0.28,5.61,-2.7195,1,26.9802,-3.26569,0.2559833333333333,3.3772333333333333
79495,2016-10-28 21:00:00-05,0.5698666666666666,83.71,0.21,6.22,-2.73692,1,59.5227,-3.1646099999999997,0.2396,1.5489833333333332
79505,2016-10-28 22:00:00-05,0.9628166666666664,83.44,0.2,3.99,-2.72047,1,108.469,-2.9889799999999997,0.19103333333333328,0.8415
79515,2016-10-28 23:00:00-05,0.4921166666666666,81.96,0.17,3.13,-2.82271,1,144.53,-2.7231400000000003,0.2557833333333333,0.3434
79525,2016-10-29 00:00:00-05,0.39065,77.02,0.22,2.55,-2.72094,0,222.812,-3.10336,0.2903166666666666,0.3753
79535,2016-10-29 01:00:00-05,0.2493333333333333,73.45,0.1,2.71,-3.24864,0,331.945,-2.7237299999999998,0.2720333333333333,0.4926166666666666
79545,2016-10-29 02:00:00-05,0.2664833333333333,71.77,0.12,3.54,-2.87448,0,268.106,-3.05901,0.5935,0.4221666666666665
79555,2016-10-29 03:00:00-05,0.2444,70.12,0.14,5.83,-3.0956099999999998,0,152.8,-2.72416,0.7636166666666666,0.3511333333333333
79565,2016-10-29 04:00:00-05,0.2460833333333333,70.55,0.14,5.95,-2.75053,0,191.03799999999998,-2.73591,0.7855666666666666,0.3249333333333333
79575,2016-10-29 05:00:00-05,0.2697666666666666,68.92,0.1,4.99,-2.72232,0,214.82,-2.78726,0.6959833333333332,0.4725333333333332
79585,2016-10-29 06:00:00-05,0.2994166666666666,68.07,0.13,3.57,-3.4029,0,295.991,-3.54261,1.2466833333333331,0.4671
79595,2016-10-29 07:00:00-05,0.2448166666666666,65.43,0.03,3.93,31.4371,0,14.6585,58.1294,1.8158333333333332,0.3893
79605,2016-10-29 08:00:00-05,3.25545,64.35,0.11,2.67,226.31099999999998,0,-2.22724,264.684,2.3537166666666667,0.39961666666666656
79615,2016-10-29 09:00:00-05,0.8506333333333331,63.64,0.09,2.75,431.381,0,-2.1823099999999998,501.30199999999996,1.4766833333333331,0.3685166666666666
79625,2016-10-29 10:00:00-05,0.2986333333333333,63.69,0.04,2.22,607.452,0,-1.8025400000000003,702.566,1.0363833333333332,0.27555
79635,2016-10-29 11:00:00-05,0.34105,64.3,0.0,2.29,527.23,0,-2.05761,804.865,0.6137166666666666,0.3080333333333333
79645,2016-10-29 12:00:00-05,0.7822333333333331,65.11,0.49,3.55,272.806,0,-2.53404,872.8439999999999,0.43321666666666653,0.3108666666666666
79655,2016-10-29 13:00:00-05,0.7463166666666666,65.45,0.12,3.27,849.7689999999999,0,-2.3813,808.235,0.4256666666666665,0.3765333333333333
79665,2016-10-29 14:00:00-05,1.5457,67.14,0.18,4.05,195.921,0,-2.38151,676.4760000000001,0.2948166666666666,0.4160833333333333
79675,2016-10-29 15:00:00-05,1.9960666666666669,68.55,0.19,5.03,587.398,0,-2.18306,473.20599999999996,0.27835,0.2872166666666666
79685,2016-10-29 16:00:00-05,1.66895,72.67,0.27,6.71,103.55799999999999,0,-2.38151,224.895,0.57895,0.4105833333333333
79695,2016-10-29 17:00:00-05,2.3331,76.99,0.07,7.59,129.83100000000002,0,-2.38151,95.1353,0.2851833333333333,0.7153666666666666
79705,2016-10-29 18:00:00-05,1.59745,80.33,0.08,7.61,-1.6982400000000002,0,-2.12635,-1.07061,0.3596333333333333,0.7051666666666666
79715,2016-10-29 19:00:00-05,0.7097333333333332,82.64,0.08,7.55,-3.086,0,-2.3813400000000002,-2.75378,0.5901666666666666,1.2541666666666669
79725,2016-10-29 20:00:00-05,0.7201333333333332,84.09,0.1,7.42,-2.8997900000000003,0,17.6599,-2.72052,0.2472833333333333,0.94895
79735,2016-10-29 21:00:00-05,0.9840333333333332,84.58,0.11,7.71,-2.71909,0,61.1379,-2.72102,0.22503333333333328,0.6083666666666666
79745,2016-10-29 22:00:00-05,0.6981666666666666,83.91,0.07,6.31,-2.71948,0,92.2907,-2.85747,0.22325,0.5509833333333332
79755,2016-10-29 23:00:00-05,2.347,81.68,0.06,5.63,-2.77053,0,127.50399999999999,-2.7214,0.2489333333333333,0.3708833333333333
79765,2016-10-30 00:00:00-05,0.39721666666666655,76.95,0.07,5.25,-3.39426,0,243.39,-2.50601,0.5115666666666666,0.29425
79775,2016-10-30 01:00:00-05,0.3878333333333333,73.26,0.11,5.92,-2.72039,0,340.214,-2.7214400000000003,1.0545666666666669,0.2939833333333333
79785,2016-10-30 02:00:00-05,0.2695333333333333,71.57,0.12,3.76,-3.01516,0,283.744,-2.72151,1.4679666666666669,0.3205333333333333
79795,2016-10-30 03:00:00-05,0.28665,69.43,0.1,5.11,-2.8515099999999998,0,474.209,-2.72188,1.5989666666666669,0.294
79805,2016-10-30 04:00:00-05,0.2604833333333333,68.44,0.06,4.03,-3.1181799999999997,0,300.978,-2.7903700000000002,1.9145666666666667,0.28575
79815,2016-10-30 05:00:00-05,0.6614833333333332,68.51,0.0,5.4,-2.72135,0,515.4830000000001,-2.7224,1.8177333333333332,0.3028166666666666
79825,2016-10-30 06:00:00-05,0.42811666666666653,68.04,0.0,2.84,-3.40176,0,311.72700000000003,-3.38058,1.9469,0.2862333333333333
79835,2016-10-30 07:00:00-05,0.3975166666666666,66.95,0.04,4.39,17.4966,0,25.0793,42.7839,1.9728,0.3103833333333333
79845,2016-10-30 08:00:00-05,0.4974333333333332,66.55,0.01,3.63,232.53799999999998,0,-2.71835,261.73,1.1034666666666668,0.6609833333333331
79855,2016-10-30 09:00:00-05,0.5341,66.43,0.1,2.52,446.056,0,-2.50372,472.059,1.5600166666666668,0.4358
79865,2016-10-30 10:00:00-05,0.6879833333333332,65.32,0.08,2.65,620.116,0,-2.71952,209.31400000000002,1.1641,1.148383333333333
79875,2016-10-30 11:00:00-05,1.0056666666666665,64.56,0.12,1.44,811.2439999999999,0,-2.7198900000000004,359.231,0.6395166666666666,0.49815
79885,2016-10-30 12:00:00-05,1.4929,64.31,0.17,1.14,719.444,0,-2.72023,361.452,0.5683166666666666,0.48215
79895,2016-10-30 13:00:00-05,1.6546666666666667,64.0,0.05,2.43,273.075,0,-2.3293,309.09,0.4140666666666665,0.87195
79905,2016-10-30 14:00:00-05,1.885133333333333,67.09,0.04,3.69,290.631,0,-2.3803099999999997,249.572,0.4128833333333333,0.48255
79915,2016-10-30 15:00:00-05,2.3237,71.34,0.04,3.68,307.159,0,-2.38021,331.43199999999996,0.2450833333333333,0.4264
79925,2016-10-30 16:00:00-05,2.504033333333333,74.36,0.23,4.9,169.886,0,-2.53333,214.106,0.49065,0.47375
79935,2016-10-30 17:00:00-05,2.237883333333333,79.4,0.21,5.61,67.4251,0,-2.3803099999999997,75.5073,0.3401166666666666,2.457
79945,2016-10-30 18:00:00-05,2.2697,82.4,0.07,6.53,-1.69259,0,-2.72059,-1.01948,0.42545,2.679666666666667
79955,2016-10-30 19:00:00-05,1.28185,83.69,0.12,5.64,-2.71788,0,-3.2196,-2.71902,0.5617166666666666,1.5657
79965,2016-10-30 20:00:00-05,1.39145,85.24,0.11,5.3,-2.71854,0,45.9132,-2.7195400000000003,0.3312333333333333,0.9703333333333332
79975,2016-10-30 21:00:00-05,1.1366166666666668,85.62,0.11,5.75,-2.71883,0,97.363,-2.5952,0.3035333333333333,0.9001166666666666
79985,2016-10-30 22:00:00-05,0.8551,85.52,0.08,6.41,-2.7194700000000003,0,475.161,-2.43138,0.2829,0.5509166666666666
79995,2016-10-30 23:00:00-05,0.4717666666666666,83.01,0.06,5.58,-2.71958,0,706.7310000000001,-2.72048,0.2335666666666666,0.4408166666666665
80005,2016-10-31 00:00:00-05,0.41205,78.09,0.06,3.33,-2.71992,1,698.066,-2.72064,0.2474333333333333,0.3086333333333333
80015,2016-10-31 01:00:00-05,0.39711666666666656,74.32,0.04,2.7,-2.76572,1,971.195,-2.38082,1.1128833333333332,0.2906333333333333
80025,2016-10-31 02:00:00-05,0.27315,70.99,0.0,3.92,-2.78841,1,278.907,-2.38082,2.6523166666666667,0.2906666666666666
80035,2016-10-31 03:00:00-05,0.2910666666666666,68.41,0.0,2.03,-2.82249,1,447.298,-2.38092,1.8282,0.3055
80045,2016-10-31 04:00:00-05,0.26475,66.22,0.0,2.01,-2.8852,1,251.92,-2.39794,2.1207166666666666,0.29525
80055,2016-10-31 05:00:00-05,0.4885166666666666,66.16,0.0,0.84,-2.72129,1,452.94,-2.65326,2.1548833333333333,0.5838166666666667
80065,2016-10-31 06:00:00-05,0.5166,64.7,0.0,0.73,-3.40165,1,227.955,-3.2259900000000004,2.372583333333333,0.7700833333333331
80075,2016-10-31 07:00:00-05,0.24215,63.11,0.0,1.96,20.5573,1,32.0093,23.9651,2.0530166666666667,0.3083
80085,2016-10-31 08:00:00-05,0.2534166666666666,61.76,0.01,2.59,200.642,1,-2.71793,106.45100000000001,0.9953333333333332,0.2335666666666666
80095,2016-10-31 09:00:00-05,0.2450333333333333,60.44,0.06,2.6,436.949,1,-2.71888,510.031,1.3737166666666667,0.2560666666666666
80105,2016-10-31 10:00:00-05,0.21673333333333328,61.6,0.0,3.45,533.722,1,-2.7250400000000004,467.898,0.7265,0.2456833333333333
80115,2016-10-31 11:00:00-05,0.3006,61.68,0.18,4.04,751.9680000000001,1,-2.72555,349.098,0.42661666666666653,0.2558333333333333
80125,2016-10-31 12:00:00-05,0.4984833333333332,61.47,0.42,1.04,787.7310000000001,1,-3.1282200000000002,914.0010000000001,0.5395333333333332,0.4251
80135,2016-10-31 13:00:00-05,0.8575333333333331,62.44,0.0,3.28,768.551,1,-2.72072,835.048,0.3982333333333333,0.7402333333333331
80145,2016-10-31 14:00:00-05,1.4089666666666667,64.33,0.18,3.2,681.668,1,-2.7208099999999997,804.828,0.2645666666666666,1.1263333333333332
80155,2016-10-31 15:00:00-05,1.207466666666667,67.95,0.25,3.96,530.565,1,-2.72126,189.007,0.2629,1.56605
80165,2016-10-31 16:00:00-05,2.2325,73.08,0.07,7.39,334.082,1,-2.38136,361.231,0.2704666666666666,1.3680666666666668
80175,2016-10-31 17:00:00-05,1.9918333333333331,76.43,0.07,8.2,125.95200000000001,1,-2.58564,144.269,0.4003833333333333,1.4859
80185,2016-10-31 18:00:00-05,1.8966,79.03,0.07,8.46,-2.37633,1,-2.2284200000000003,-0.33974099999999996,0.6168166666666666,1.3263333333333331
80195,2016-10-31 19:00:00-05,1.12105,80.75,0.1,7.51,-2.71685,1,-2.38151,-2.7187,0.5667333333333332,1.7352833333333333
80205,2016-10-31 20:00:00-05,1.2835833333333333,82.22,0.21,8.03,-2.71766,1,102.331,-2.7195099999999996,0.2698,1.5019333333333331
80215,2016-10-31 21:00:00-05,1.25005,82.95,0.07,8.29,-2.71845,1,299.38,-2.71984,0.20713333333333328,1.5799
80225,2016-10-31 22:00:00-05,1.0528666666666668,82.21,0.02,7.03,-2.7185900000000003,1,355.659,-2.7204099999999998,0.19538333333333327,0.6380666666666666
80235,2016-10-31 23:00:00-05,0.42585,80.18,0.14,4.88,-2.71907,1,694.418,-2.72048,0.20431666666666665,0.6193166666666666
80245,2016-11-01 00:00:00-05,0.2590333333333333,76.89,0.1,5.56,-2.73081,1,874.115,-2.72087,0.2314666666666666,0.4416
80255,2016-11-01 01:00:00-05,0.4325833333333333,75.13,0.1,6.17,-2.71948,1,993.592,-2.72099,0.20475,0.3923
80265,2016-11-01 02:00:00-05,0.41025,74.27,0.16,6.2,-2.7197,1,950.222,-2.78943,0.5668666666666666,0.4143333333333333
80275,2016-11-01 03:00:00-05,0.2735666666666666,72.76,0.16,6.39,-2.7199400000000002,1,770.98,-2.7214,0.9891666666666664,0.4744833333333332
80285,2016-11-01 04:00:00-05,0.2988166666666666,72.16,0.06,5.78,-2.7199400000000002,1,671.955,-2.72146,1.3829333333333331,0.3773833333333333
80295,2016-11-01 05:00:00-05,0.52895,72.18,0.18,6.73,-2.65765,1,517.177,-2.72192,1.4147833333333333,0.3330666666666666
80305,2016-11-01 06:00:00-05,0.7802166666666666,71.91,0.58,4.47,-3.01462,1,278.45,-3.40257,1.6911166666666668,0.7506166666666666
80315,2016-11-01 07:00:00-05,0.38066666666666654,71.33,0.0,3.65,24.5361,1,25.8501,40.9287,1.1984,0.2391333333333333
80325,2016-11-01 08:00:00-05,0.5372833333333332,71.74,0.31,7.67,216.93900000000002,1,-2.71861,242.18400000000003,0.85395,0.19991666666666666
80335,2016-11-01 09:00:00-05,0.4377666666666665,71.96,0.31,6.27,317.37,1,-2.71968,460.522,2.2079,0.21466666666666664
80345,2016-11-01 10:00:00-05,0.6413,71.39,0.31,5.4,728.5419999999999,1,-2.72025,678.195,0.6450666666666666,0.21671666666666664
80355,2016-11-01 11:00:00-05,0.76115,71.22,0.31,5.03,360.024,1,-2.77182,951.7539999999999,0.4786666666666666,0.2165
80365,2016-11-01 12:00:00-05,0.7944666666666667,71.05,0.84,4.85,898.414,1,-2.72689,287.936,0.37926666666666653,0.22288333333333327
80375,2016-11-01 13:00:00-05,1.5630166666666667,71.57,0.31,5.36,797.931,1,-2.72146,844.3,0.2280833333333333,0.60005
80385,2016-11-01 14:00:00-05,1.5597833333333333,73.24,0.23,4.49,580.061,1,-2.72172,279.019,0.3516,1.0042833333333332
80395,2016-11-01 15:00:00-05,1.7221333333333333,75.34,0.31,7.79,582.457,1,-2.72173,314.185,0.3041333333333333,1.1714
80405,2016-11-01 16:00:00-05,2.1601833333333333,79.5,0.31,8.65,383.051,1,-2.72173,416.991,0.2379666666666666,1.10805
80415,2016-11-01 17:00:00-05,2.0297666666666667,82.72,0.3,11.12,147.24200000000002,1,-2.7218299999999997,25.3026,0.23415,1.1362333333333332
80425,2016-11-01 18:00:00-05,1.7311333333333332,85.31,0.31,7.3,-1.78795,1,-2.72234,-1.7274900000000002,0.2461333333333333,1.5286833333333332
80435,2016-11-01 19:00:00-05,1.09205,86.64,0.3,10.3,-2.71686,1,-2.92117,-2.7191,0.3297666666666666,1.3986666666666667
80445,2016-11-01 20:00:00-05,1.2190833333333333,87.74,0.31,10.17,-2.71772,1,113.194,-2.71955,0.46555,1.6065166666666668
80455,2016-11-01 21:00:00-05,0.9656166666666663,87.55,0.31,10.85,-2.71817,1,209.493,-2.7198900000000004,0.5369166666666666,1.6272833333333332
80465,2016-11-01 22:00:00-05,0.8786166666666666,87.16,0.17,9.36,-2.71855,1,575.302,-2.80537,0.6535166666666666,1.22605
80475,2016-11-01 23:00:00-05,0.6362333333333332,85.27,0.23,7.55,-2.71875,1,362.819,-2.72048,0.29885,0.5043333333333332
80485,2016-11-02 00:00:00-05,0.61685,81.33,0.33,7.96,-2.71875,1,825.207,-2.72091,0.2671666666666666,0.3932833333333333
80495,2016-11-02 01:00:00-05,0.6053166666666666,78.89,0.24,10.61,-2.71875,1,879.561,-2.72094,0.2229,0.3097666666666666
80505,2016-11-02 02:00:00-05,0.43066666666666653,74.67,0.28,8.96,-2.7191,1,918.154,-2.38104,0.3715333333333333,0.2771333333333333
80515,2016-11-02 03:00:00-05,0.5352166666666666,74.74,0.31,9.08,-2.7192,1,922.545,-2.3865,0.5439166666666666,0.26615
80525,2016-11-02 04:00:00-05,0.5304833333333332,74.21,0.31,5.41,-2.71936,1,735.186,-2.72094,0.4736166666666666,0.4135333333333333
80535,2016-11-02 05:00:00-05,0.779833333333333,74.01,0.24,7.6,-2.71965,1,481.16,-2.38118,1.5967,0.5576833333333332
80545,2016-11-02 06:00:00-05,1.1741166666666667,73.96,1.0,7.59,-3.28059,1,159.484,-3.2540400000000003,3.69105,0.5642833333333332
80555,2016-11-02 07:00:00-05,0.6128333333333332,74.1,0.31,6.5,14.2046,1,18.8285,37.1446,2.1078333333333332,0.43691666666666656
80565,2016-11-02 08:00:00-05,0.63885,73.43,0.31,7.0,207.735,1,-2.62807,243.481,1.85415,0.29535
80575,2016-11-02 09:00:00-05,0.4557166666666666,73.23,0.31,5.58,380.505,1,-2.37945,452.17800000000005,1.5693166666666667,0.2795833333333333
80585,2016-11-02 10:00:00-05,0.6006,73.2,0.31,4.98,379.77,1,-2.7198900000000004,709.0010000000001,1.4087666666666667,0.28325
80595,2016-11-02 11:00:00-05,0.4738,73.31,0.31,6.2,459.415,1,-2.7198900000000004,446.131,1.1991833333333333,0.47745
80605,2016-11-02 12:00:00-05,1.13205,72.96,1.0,5.79,489.964,1,-2.72036,192.18099999999998,1.06925,0.6829833333333332
80615,2016-11-02 13:00:00-05,1.2266666666666668,73.29,1.0,6.83,372.11800000000005,1,-2.72078,862.453,0.4637666666666666,1.5362
80625,2016-11-02 14:00:00-05,1.5787166666666668,73.73,1.0,7.17,765.8760000000001,1,-2.7208099999999997,288.824,0.3004,2.23625
80635,2016-11-02 15:00:00-05,1.73965,75.46,1.0,6.62,180.86,1,-2.7208099999999997,114.65700000000001,0.31085,1.9860833333333332
80645,2016-11-02 16:00:00-05,2.2084,78.41,1.0,7.47,348.80800000000005,1,-2.72099,85.0477,0.3333833333333333,1.7949833333333332
80655,2016-11-02 17:00:00-05,2.9424,79.73,0.31,8.46,103.229,1,-2.52845,143.903,0.3025333333333333,1.7579833333333332
80665,2016-11-02 18:00:00-05,2.061516666666667,82.53,0.64,8.62,-2.14474,1,-2.38108,-0.8493780000000001,0.3606166666666666,2.1157833333333333
80675,2016-11-02 19:00:00-05,1.1396833333333332,84.28,0.31,8.99,-2.71697,1,-2.72093,-2.7867599999999997,0.32705,1.7904666666666669
80685,2016-11-02 20:00:00-05,0.95325,85.6,0.31,9.07,-2.71779,1,10.3674,-2.7195099999999996,0.6897,1.4655
80695,2016-11-02 21:00:00-05,0.7405333333333332,85.2,0.29,8.53,-2.7181900000000003,1,60.2944,-2.71969,0.4137833333333333,0.7825833333333331
80705,2016-11-02 22:00:00-05,0.6676666666666666,85.7,0.29,9.05,-2.7187,1,120.31700000000001,-2.72033,0.4603333333333333,0.70145
80715,2016-11-02 23:00:00-05,0.6236,83.35,0.28,7.53,-2.62246,1,157.136,-2.72048,1.2894333333333332,0.6475
80725,2016-11-03 00:00:00-05,0.6197166666666666,81.66,0.4,6.4,-2.6111299999999997,1,341.149,-2.72076,0.46685,0.3202333333333333
80735,2016-11-03 01:00:00-05,0.6147333333333332,79.18,0.27,7.06,-2.71896,1,303.563,-2.72094,0.35685,0.4639166666666666
80745,2016-11-03 02:00:00-05,0.4525833333333333,78.2,0.22,7.14,-2.71958,1,377.176,-2.7210799999999997,0.7347,0.5921
80755,2016-11-03 03:00:00-05,0.5946166666666666,77.02,0.09,7.16,-2.7196599999999997,1,510.032,-2.7214,1.1097333333333332,0.36348333333333327
80765,2016-11-03 04:00:00-05,0.5080333333333332,75.66,0.19,4.97,-3.38285,1,493.445,-2.7214099999999997,1.3680666666666668,0.35875
80775,2016-11-03 05:00:00-05,0.8191666666666666,74.78,0.27,4.29,-2.72015,1,228.108,-3.01657,1.2245333333333333,0.4733333333333332
80785,2016-11-03 06:00:00-05,0.7625166666666666,74.88,0.67,4.88,-2.73737,1,112.04700000000001,-3.4023199999999996,0.3287,0.7155833333333332
80795,2016-11-03 07:00:00-05,0.5221833333333332,74.78,0.16,5.4,7.66736,1,10.1919,39.2234,0.3315666666666666,0.23475
80805,2016-11-03 08:00:00-05,0.33905,74.12,0.31,4.62,95.2647,1,-2.8769099999999996,242.416,0.3283166666666666,0.19915
80815,2016-11-03 09:00:00-05,0.3648833333333332,73.86,0.31,2.11,565.385,1,-2.71328,455.866,0.3109833333333333,0.19953333333333328
80825,2016-11-03 10:00:00-05,0.4986333333333332,73.58,0.31,2.93,395.849,1,-2.71919,640.058,0.3310166666666666,0.21338333333333329
80835,2016-11-03 11:00:00-05,0.39461666666666656,72.73,0.31,3.12,251.396,1,-2.71943,701.4989999999999,0.31175,0.5051333333333332
80845,2016-11-03 12:00:00-05,0.5465166666666667,72.7,0.58,3.26,815.5830000000001,1,-2.84452,887.7589999999999,0.31335,1.2375166666666668
80855,2016-11-03 13:00:00-05,0.3468333333333333,72.59,0.31,2.5,211.233,1,-2.7198900000000004,847.7919999999999,0.3237166666666666,1.45565
80865,2016-11-03 14:00:00-05,0.4823666666666666,73.37,0.31,4.63,285.058,1,-2.72027,718.628,0.36158333333333326,1.263
80875,2016-11-03 15:00:00-05,0.3658666666666666,75.3,0.31,5.95,574.643,1,-2.72071,573.368,0.3481666666666666,2.0858833333333333
80885,2016-11-03 16:00:00-05,0.6010666666666666,76.62,0.31,5.27,82.9377,1,-2.7208099999999997,371.19300000000004,0.3261166666666666,3.2756
80895,2016-11-03 17:00:00-05,0.6482833333333332,76.09,0.31,4.59,111.665,1,-2.72125,146.019,0.3206833333333333,2.5040666666666667
80905,2016-11-03 18:00:00-05,0.5559666666666666,74.8,0.68,7.11,-2.3776900000000003,1,-2.7214400000000003,-1.22304,0.3213833333333333,1.5702833333333333
80915,2016-11-03 19:00:00-05,0.6358,75.11,0.31,7.41,-2.71785,1,-3.4020900000000003,-3.21188,0.3247,1.8093833333333331
80925,2016-11-03 20:00:00-05,1.4158166666666667,74.37,0.31,7.03,-2.71825,1,75.8992,-3.26951,0.3309666666666666,1.65085
80935,2016-11-03 21:00:00-05,2.750116666666667,70.13,0.23,8.6,-2.71873,1,289.974,-3.10587,0.3188,1.1995166666666668
80945,2016-11-03 22:00:00-05,1.6424166666666669,69.29,0.31,9.58,-2.71875,1,515.461,-2.72091,0.3133666666666666,0.5643
80955,2016-11-03 23:00:00-05,0.4896833333333332,69.9,0.31,8.9,-2.71922,1,697.8539999999999,-3.4014,0.31925,0.54875
80965,2016-11-04 00:00:00-05,0.3193333333333333,68.25,0.27,3.86,-2.71963,1,852.416,-3.40175,0.3359166666666666,0.3832333333333333
80975,2016-11-04 01:00:00-05,0.41301666666666653,67.83,0.31,2.78,-2.7196599999999997,1,968.044,-2.72764,0.3425833333333333,0.3185833333333333
80985,2016-11-04 02:00:00-05,0.3198,68.29,0.09,3.98,-2.71978,1,1101.8,-2.9321599999999997,0.4954666666666666,0.28335
80995,2016-11-04 03:00:00-05,0.2576166666666666,68.26,0.31,6.3,-2.72012,1,915.81,-3.22715,0.40416666666666656,0.2571166666666666
81005,2016-11-04 04:00:00-05,0.2772333333333333,68.55,0.31,6.52,-2.85633,1,768.577,-2.92124,0.3379333333333333,0.2518
81015,2016-11-04 05:00:00-05,0.5014,68.63,0.31,5.67,-2.72058,1,162.97299999999998,-2.7459,0.3530333333333333,0.5843333333333331
81025,2016-11-04 06:00:00-05,0.4481833333333333,68.78,1.0,7.22,-3.4007300000000003,1,56.0425,-2.72324,0.3357166666666666,0.7574333333333331
81035,2016-11-04 07:00:00-05,0.22685,68.4,0.31,7.61,4.56264,1,13.9646,31.7027,0.3253,0.2411333333333333
81045,2016-11-04 08:00:00-05,0.20005,68.27,0.31,6.12,162.514,1,-2.7179599999999997,197.179,0.3459166666666666,0.20781666666666665
81055,2016-11-04 09:00:00-05,0.20293333333333327,68.18,0.31,6.61,406.577,1,-2.71873,439.082,0.3177833333333333,0.19863333333333327
81065,2016-11-04 10:00:00-05,0.2497333333333333,68.15,0.31,6.77,608.845,1,-2.71905,335.36,0.3191666666666666,0.20366666666666666
81075,2016-11-04 11:00:00-05,0.31105,67.57,0.31,8.03,582.155,1,-2.71961,557.047,0.3384166666666666,0.3024166666666666
81085,2016-11-04 12:00:00-05,0.2888333333333333,67.36,0.61,5.62,893.132,1,-2.7198900000000004,778.587,0.3596333333333333,0.6128333333333332
81095,2016-11-04 13:00:00-05,0.2851833333333333,67.94,0.31,4.52,786.118,1,-2.72097,299.95,0.3172,1.0532833333333331
81105,2016-11-04 14:00:00-05,0.2296,68.4,0.31,6.09,741.607,1,-3.22007,310.08799999999997,0.3088166666666666,1.22695
81115,2016-11-04 15:00:00-05,0.37896666666666656,69.39,0.31,5.84,129.886,1,70.573,581.206,0.3242666666666666,1.4120333333333333
81125,2016-11-04 16:00:00-05,0.5957,69.53,0.31,7.32,129.961,1,288.309,372.05300000000005,0.3054333333333333,1.5308
81135,2016-11-04 17:00:00-05,0.4890333333333332,70.58,0.31,5.48,34.4638,1,510.281,140.90200000000002,0.3120166666666666,1.7110833333333333
81145,2016-11-04 18:00:00-05,0.4618833333333332,71.12,1.0,5.55,-2.37805,1,692.263,-1.51173,0.3477833333333333,1.5266833333333332
81155,2016-11-04 19:00:00-05,0.738,71.41,1.0,6.26,-2.54835,1,825.679,-2.71865,0.4497,0.78925
81165,2016-11-04 20:00:00-05,0.6948666666666666,71.75,1.0,7.28,-2.5034799999999997,1,888.448,-2.7195,0.40466666666666656,0.5933833333333332
81175,2016-11-04 21:00:00-05,0.60305,71.54,1.0,5.28,-2.42423,1,879.711,-2.73692,0.3602333333333333,0.5698666666666666
81185,2016-11-04 22:00:00-05,0.39925,71.4,1.0,6.81,-2.7192,1,804.2560000000001,-2.72047,0.34075,0.9628166666666664
81195,2016-11-04 23:00:00-05,0.3220666666666666,71.09,1.0,5.77,-2.71955,1,642.056,-2.82271,0.33435,0.4921166666666666
81205,2016-11-05 00:00:00-05,0.3464333333333333,69.89,1.0,3.38,-2.6063400000000003,0,460.596,-2.72094,0.3417833333333333,0.39065
81215,2016-11-05 01:00:00-05,0.3197333333333333,69.9,1.0,5.65,-2.7196599999999997,0,222.299,-3.24864,0.33385,0.2493333333333333
81225,2016-11-05 02:00:00-05,0.3183833333333333,69.72,1.0,5.54,-2.71977,0,21.981,-2.87448,0.3185166666666666,0.2664833333333333
81235,2016-11-05 03:00:00-05,0.3364,69.53,0.31,5.41,-2.65212,0,-2.71695,-3.0956099999999998,0.3310333333333333,0.2444
81245,2016-11-05 04:00:00-05,0.31765,68.9,0.0,3.82,-2.60112,0,-2.7179599999999997,-2.75053,0.31595,0.2460833333333333
81255,2016-11-05 05:00:00-05,0.5569166666666666,68.16,0.31,2.24,-2.68047,0,-2.91677,-2.72232,0.3137333333333333,0.2697666666666666
81265,2016-11-05 06:00:00-05,0.3813166666666665,67.95,0.59,2.81,-3.32082,0,-2.71897,-3.4029,0.3732333333333333,0.2994166666666666
81275,2016-11-05 07:00:00-05,0.6163,68.27,0.31,3.05,19.0759,0,-2.71949,31.4371,0.3191333333333333,0.2448166666666666
81285,2016-11-05 08:00:00-05,0.8961833333333331,68.51,0.31,3.12,79.577,0,-2.7198900000000004,226.31099999999998,0.3156666666666666,3.25545
81295,2016-11-05 09:00:00-05,0.7362833333333332,68.44,0.31,2.65,195.50400000000002,0,-2.7198900000000004,431.381,0.32555,0.8506333333333331
81305,2016-11-05 10:00:00-05,0.3490833333333333,68.03,0.31,3.22,340.131,0,-2.7203,607.452,0.3279,0.2986333333333333
81315,2016-11-05 11:00:00-05,0.3012666666666666,67.7,0.31,4.44,757.908,0,-2.6806799999999997,527.23,0.3204,0.34105
81325,2016-11-05 12:00:00-05,0.3546166666666666,68.13,0.06,4.4,697.8919999999999,0,-2.72045,272.806,0.31945,0.7822333333333331
81335,2016-11-05 13:00:00-05,0.3197666666666666,68.11,0.06,4.7,366.45,0,-3.3499800000000004,849.7689999999999,0.3288666666666666,0.7463166666666666
81345,2016-11-05 14:00:00-05,0.2973833333333333,69.07,0.06,4.2,687.7139999999999,0,-3.24797,195.921,0.31595,1.5457
81355,2016-11-05 15:00:00-05,0.3378,69.49,0.06,6.31,608.721,0,72.0788,587.398,0.31935,1.9960666666666669
81365,2016-11-05 16:00:00-05,0.50595,69.53,0.06,5.79,103.955,0,285.362,103.55799999999999,0.3321166666666666,1.66895
81375,2016-11-05 17:00:00-05,1.3137666666666667,70.18,0.06,6.4,52.4009,0,531.514,129.83100000000002,0.32205,2.3331
81385,2016-11-05 18:00:00-05,1.029283333333333,70.37,1.0,4.46,-2.3780799999999997,0,238.437,-1.6982400000000002,0.3283833333333333,1.59745
81395,2016-11-05 19:00:00-05,0.7896166666666666,71.59,0.31,4.25,-2.37866,0,577.6669999999999,-3.086,0.3515,0.7097333333333332
81405,2016-11-05 20:00:00-05,0.2521333333333333,71.03,0.31,5.08,-2.6960900000000003,0,1026.15,-2.8997900000000003,0.3395833333333333,0.7201333333333332
81415,2016-11-05 21:00:00-05,0.2918666666666666,71.99,0.31,6.3,-2.38457,0,321.814,-2.71909,0.4440833333333333,0.9840333333333332
81425,2016-11-05 22:00:00-05,0.25265,70.93,0.31,6.61,-2.54901,0,219.106,-2.71948,0.9797,0.6981666666666666
81435,2016-11-05 23:00:00-05,0.2452333333333333,69.63,0.31,7.44,-2.58334,0,391.108,-2.77053,3.4832,2.347
81445,2016-11-06 00:00:00-05,0.2466,67.21,0.49,5.06,-2.7196599999999997,0,517.544,-3.39426,3.4436166666666668,0.39721666666666655
81455,2016-11-06 01:00:00-06,0.2324833333333333,66.11,0.31,6.66,-2.7196599999999997,0,210.283,-2.72039,2.89655,0.3878333333333333
81465,2016-11-06 02:00:00-06,0.2649166666666666,64.69,0.07,6.78,-2.7196599999999997,0,16.8755,-3.01516,3.369483333333333,0.2695333333333333
81475,2016-11-06 03:00:00-06,0.24145,63.89,0.07,6.9,-2.72011,0,-2.7175599999999998,-2.8515099999999998,2.15945,0.28665
81485,2016-11-06 04:00:00-06,0.2368,63.65,0.07,4.88,-2.7202599999999997,0,-2.71831,-3.1181799999999997,2.451016666666667,0.2604833333333333
81495,2016-11-06 05:00:00-06,0.2407,63.29,0.31,3.57,-2.72056,0,-2.7189400000000004,-2.72135,1.685633333333333,0.6614833333333332
81505,2016-11-06 06:00:00-06,0.2467,62.67,0.78,2.21,-3.4007300000000003,0,-2.719,-3.40176,1.3087333333333333,0.42811666666666653
81515,2016-11-06 07:00:00-06,0.2349333333333333,62.33,0.31,4.93,16.4992,0,-2.71943,17.4966,1.1692833333333332,0.3975166666666666
81525,2016-11-06 08:00:00-06,0.23735,62.22,0.31,4.74,257.517,0,-2.71979,232.53799999999998,1.1504,0.4974333333333332
81535,2016-11-06 09:00:00-06,0.2658,61.09,0.29,1.87,490.87,0,-2.7198900000000004,446.056,0.9536,0.5341
81545,2016-11-06 10:00:00-06,0.2325333333333333,60.78,0.29,4.85,318.027,0,-2.7198900000000004,620.116,0.8966666666666666,0.6879833333333332
81555,2016-11-06 11:00:00-06,0.22966666666666666,60.34,0.14,2.41,332.06800000000004,0,-2.39127,811.2439999999999,0.7813666666666667,1.0056666666666665
81565,2016-11-06 12:00:00-06,0.2391333333333333,59.8,0.0,1.23,291.64599999999996,0,-2.7203,719.444,0.74635,1.4929
81575,2016-11-06 13:00:00-06,0.2275833333333333,60.97,0.15,3.78,333.806,0,-2.72039,273.075,0.8612333333333331,1.6546666666666667
81585,2016-11-06 14:00:00-06,0.30955,63.44,0.3,4.08,390.88199999999995,0,-3.27026,290.631,0.65225,1.885133333333333
81595,2016-11-06 15:00:00-06,0.36815,65.3,0.31,3.25,161.982,0,68.663,307.159,0.6363333333333332,2.3237
81605,2016-11-06 16:00:00-06,0.6851833333333333,69.06,0.1,4.35,137.166,0,285.85200000000003,169.886,0.8984,2.504033333333333
81615,2016-11-06 17:00:00-06,0.5393333333333332,71.52,0.31,5.68,58.7545,0,571.172,67.4251,0.8051333333333331,2.237883333333333
81625,2016-11-06 18:00:00-06,1.0677166666666669,72.15,0.76,3.72,-1.9714,0,730.314,-1.69259,0.9927166666666664,2.2697
81635,2016-11-06 19:00:00-06,1.3164166666666668,72.57,0.76,1.71,-2.50965,0,411.29400000000004,-2.71788,1.3108333333333333,1.28185
81645,2016-11-06 20:00:00-06,0.5675333333333332,67.48,0.76,6.78,-2.71926,0,958.7710000000001,-2.71854,1.33895,1.39145
81655,2016-11-06 21:00:00-06,0.42361666666666653,65.36,0.76,4.6,-2.71961,0,965.538,-2.71883,1.4691,1.1366166666666668
81665,2016-11-06 22:00:00-06,0.2917666666666666,64.66,0.31,3.68,-2.71979,0,137.066,-2.7194700000000003,1.8802,0.8551
81675,2016-11-06 23:00:00-06,0.2656166666666666,63.76,0.31,4.54,-2.72018,0,171.352,-2.71958,1.6225333333333332,0.4717666666666666
81685,2016-11-07 00:00:00-06,0.2719166666666666,63.48,0.1,4.75,-2.38016,1,448.265,-2.71992,1.8503666666666667,0.41205
81695,2016-11-07 01:00:00-06,0.2664333333333333,63.75,0.31,4.85,-2.52756,1,236.322,-2.76572,2.237233333333333,0.39711666666666656
81705,2016-11-07 02:00:00-06,0.2668666666666666,63.54,0.31,4.78,-2.38053,1,16.7451,-2.78841,1.6993666666666667,0.27315
81715,2016-11-07 03:00:00-06,0.2885333333333333,63.44,0.31,2.11,-2.38056,1,-2.71751,-2.82249,1.49815,0.2910666666666666
81725,2016-11-07 04:00:00-06,0.2508166666666666,63.58,0.31,1.76,-2.72064,1,-2.7181900000000003,-2.8852,1.3415166666666667,0.26475
81735,2016-11-07 05:00:00-06,0.5648666666666666,63.41,0.31,1.24,-2.72064,1,-2.71889,-2.72129,1.1317666666666668,0.4885166666666666
81745,2016-11-07 06:00:00-06,0.7276166666666665,63.48,0.71,0.92,-2.7208900000000003,1,-2.71897,-3.40165,0.8847166666666666,0.5166
81755,2016-11-07 07:00:00-06,0.3390166666666666,62.88,0.3,0.6,5.74736,1,-2.71939,20.5573,0.8874833333333331,0.24215
81765,2016-11-07 08:00:00-06,0.2600833333333333,62.55,0.05,1.16,95.9254,1,-2.71961,200.642,0.5802166666666666,0.2534166666666666
81775,2016-11-07 09:00:00-06,0.20745,61.88,0.29,1.14,241.785,1,-2.4649,436.949,0.7293333333333332,0.2450333333333333
81785,2016-11-07 10:00:00-06,0.21013333333333328,62.17,0.24,0.5,662.7389999999999,1,-2.60656,533.722,0.5319833333333333,0.21673333333333328
81795,2016-11-07 11:00:00-06,0.1989,62.64,0.31,3.12,734.081,1,-2.7198900000000004,751.9680000000001,0.50865,0.3006
81805,2016-11-07 12:00:00-06,0.20968333333333328,62.67,1.0,3.24,810.041,1,-2.7203,787.7310000000001,0.35705,0.4984833333333332
81815,2016-11-07 13:00:00-06,0.19073333333333328,63.54,1.0,4.29,291.526,1,-2.72038,768.551,0.5116166666666666,0.8575333333333331
81825,2016-11-07 14:00:00-06,0.1884,64.01,1.0,4.77,363.972,1,-3.4006,681.668,0.3722833333333333,1.4089666666666667
81835,2016-11-07 15:00:00-06,0.21823333333333328,64.92,1.0,4.49,529.255,1,68.5385,530.565,0.5012166666666666,1.207466666666667
81845,2016-11-07 16:00:00-06,0.28825,66.24,1.0,4.94,319.531,1,281.422,334.082,0.3855833333333333,2.2325
81855,2016-11-07 17:00:00-06,0.3945833333333333,67.12,1.0,4.95,109.91799999999999,1,502.06699999999995,125.95200000000001,0.79015,1.9918333333333331
81865,2016-11-07 18:00:00-06,0.55505,67.73,1.0,3.47,-2.40211,1,813.695,-2.37633,1.0062166666666663,1.8966
81875,2016-11-07 19:00:00-06,0.5779333333333332,69.11,1.0,4.08,-2.71961,1,932.0010000000001,-2.71685,1.2682666666666669,1.12105
81885,2016-11-07 20:00:00-06,0.5405666666666666,69.9,1.0,4.18,-2.72001,1,894.63,-2.71766,1.4197333333333333,1.2835833333333333
81895,2016-11-07 21:00:00-06,0.4416333333333333,71.56,1.0,2.84,-2.7204099999999998,1,916.2230000000001,-2.71845,1.3138166666666669,1.25005
81905,2016-11-07 22:00:00-06,0.2474833333333333,71.33,0.31,5.95,-2.38041,1,388.31800000000004,-2.7185900000000003,1.37725,1.0528666666666668
81915,2016-11-07 23:00:00-06,0.2385833333333333,69.83,0.31,5.65,-2.38041,1,667.8860000000001,-2.71907,1.4253833333333332,0.42585
81925,2016-11-08 00:00:00-06,0.2436833333333333,68.06,0.9,4.1,-2.72047,1,497.39599999999996,-2.73081,1.44995,0.2590333333333333
81935,2016-11-08 01:00:00-06,0.2413,68.17,0.31,5.44,-2.72067,1,31.704,-2.71948,1.3250166666666667,0.4325833333333333
81945,2016-11-08 02:00:00-06,0.2216833333333333,67.92,0.31,4.58,-2.38081,1,0.685678,-2.7197,1.23225,0.41025
81955,2016-11-08 03:00:00-06,0.3638,67.56,0.31,4.49,-2.72093,1,-2.26132,-2.7199400000000002,0.8506333333333331,0.2735666666666666
81965,2016-11-08 04:00:00-06,0.4785166666666666,67.4,0.31,1.96,-2.72107,1,-2.37994,-2.7199400000000002,0.3603,0.2988166666666666
81975,2016-11-08 05:00:00-06,0.3387833333333333,67.2,0.31,3.34,-2.38118,1,-2.5669,-2.65765,0.3646,0.52895
81985,2016-11-08 06:00:00-06,0.56785,66.87,0.68,2.47,-2.7210099999999997,1,-2.70856,-3.01462,0.2444833333333333,0.7802166666666666
81995,2016-11-08 07:00:00-06,0.23026666666666665,66.21,0.68,3.73,-2.31313,1,-2.57838,24.5361,0.21698333333333328,0.38066666666666654
82005,2016-11-08 08:00:00-06,0.23051666666666665,65.13,0.68,1.59,2.42167,1,-2.72027,216.93900000000002,0.2421833333333333,0.5372833333333332
82015,2016-11-08 09:00:00-06,0.3382166666666666,64.33,0.31,2.02,22.352,1,-2.72052,317.37,0.21158333333333326,0.4377666666666665
82025,2016-11-08 10:00:00-06,0.44801666666666656,64.17,0.22,1.26,86.385,1,-2.7208099999999997,728.5419999999999,0.20368333333333327,0.6413
82035,2016-11-08 11:00:00-06,0.3008833333333333,63.77,0.31,6.15,193.687,1,-2.3807099999999997,360.024,0.21968333333333329,0.76115
82045,2016-11-08 12:00:00-06,0.3102833333333333,63.65,0.31,1.86,178.96599999999998,1,-2.4203900000000003,898.414,0.2014,0.7944666666666667
82055,2016-11-08 13:00:00-06,0.2803,63.39,0.08,2.27,101.706,1,-2.59652,797.931,0.20038333333333327,1.5630166666666667
82065,2016-11-08 14:00:00-06,0.2845333333333333,64.76,0.09,3.47,84.3462,1,-2.72173,580.061,0.2384833333333333,1.5597833333333333
82075,2016-11-08 15:00:00-06,0.3224833333333333,66.33,0.0,4.26,93.6853,1,59.1587,582.457,0.21456666666666666,1.7221333333333333
82085,2016-11-08 16:00:00-06,0.4941666666666666,66.66,0.0,3.72,124.67299999999999,1,229.00400000000002,383.051,0.20491666666666666,2.1601833333333333
82095,2016-11-08 17:00:00-06,1.11955,67.49,0.0,4.75,63.74,1,458.63599999999997,147.24200000000002,0.46095,2.0297666666666667
82105,2016-11-08 18:00:00-06,3.206516666666667,67.56,1.0,5.68,-2.3077,1,344.876,-1.78795,0.40431666666666655,1.7311333333333332
82115,2016-11-08 19:00:00-06,0.2934,68.0,1.0,8.69,-2.6652400000000003,1,625.195,-2.71686,0.3504833333333333,1.09205
82125,2016-11-08 20:00:00-06,0.2890666666666666,68.25,1.0,9.96,-2.69962,1,927.058,-2.71772,0.2404333333333333,1.2190833333333333
82135,2016-11-08 21:00:00-06,0.5493166666666666,68.07,1.0,8.68,-2.71097,1,727.237,-2.71817,0.2355333333333333,0.9656166666666663
82145,2016-11-08 22:00:00-06,0.70515,67.49,1.0,10.71,-2.5238099999999997,1,681.705,-2.71855,0.23085,0.8786166666666666
82155,2016-11-08 23:00:00-06,0.4292333333333333,66.53,0.31,10.65,-2.53518,1,372.162,-2.71875,0.65735,0.6362333333333332
82165,2016-11-09 00:00:00-06,0.3578166666666666,65.06,1.0,9.09,-2.38207,1,266.594,-2.71875,0.7956666666666666,0.61685
82175,2016-11-09 01:00:00-06,0.3315833333333333,64.55,1.0,8.93,-2.38204,1,211.24599999999998,-2.71875,0.9344,0.6053166666666666
82185,2016-11-09 02:00:00-06,0.31585,64.2,1.0,8.5,-2.38206,1,11.2065,-2.7191,1.1041333333333332,0.43066666666666653
82195,2016-11-09 03:00:00-06,0.3290333333333333,63.8,1.0,7.68,-2.3821,1,-2.7189400000000004,-2.7192,1.03325,0.5352166666666666
82205,2016-11-09 04:00:00-06,0.3104833333333333,63.51,1.0,8.74,-2.55225,1,-2.71971,-2.71936,1.0701333333333332,0.5304833333333332
82215,2016-11-09 05:00:00-06,0.57195,63.1,1.0,8.83,-2.38206,1,-2.71992,-2.71965,0.6835,0.779833333333333
82225,2016-11-09 06:00:00-06,0.9877666666666663,62.69,1.0,7.38,-2.38206,1,-2.87357,-3.28059,0.41751666666666654,1.1741166666666667
82235,2016-11-09 07:00:00-06,0.6387333333333332,62.43,1.0,9.88,2.81413,1,-2.7208099999999997,14.2046,0.2143,0.6128333333333332
82245,2016-11-09 08:00:00-06,0.6223833333333332,62.08,1.0,9.21,50.668,1,-2.90801,207.735,0.2139,0.63885
82255,2016-11-09 09:00:00-06,0.6771666666666666,62.09,1.0,8.39,112.149,1,-2.72126,380.505,0.22621666666666665,0.4557166666666666
82265,2016-11-09 10:00:00-06,0.6368333333333333,61.86,1.0,9.61,163.84900000000002,1,-2.72131,379.77,0.21461666666666665,0.6006
82275,2016-11-09 11:00:00-06,0.62155,62.2,1.0,8.9,144.91299999999998,1,-2.72173,459.415,0.21428333333333327,0.4738
82285,2016-11-09 12:00:00-06,0.6024666666666666,62.2,1.0,11.74,142.342,1,-2.72173,489.964,0.23025,1.13205
82295,2016-11-09 13:00:00-06,0.4073333333333333,61.59,1.0,8.68,52.4147,1,-2.72173,372.11800000000005,0.21321666666666664,1.2266666666666668
82305,2016-11-09 14:00:00-06,0.3367,62.2,1.0,10.34,50.9174,1,-3.24345,765.8760000000001,0.2071,1.5787166666666668
82315,2016-11-09 15:00:00-06,0.21101666666666666,62.4,1.0,9.59,222.015,1,59.5666,180.86,0.2607833333333333,1.73965
82325,2016-11-09 16:00:00-06,0.3982833333333333,63.06,1.0,9.45,96.3888,1,274.051,348.80800000000005,0.3128166666666666,2.2084
82335,2016-11-09 17:00:00-06,0.5524166666666666,63.23,1.0,10.21,40.8436,1,480.695,103.229,0.21523333333333328,2.9424
82345,2016-11-09 18:00:00-06,0.3786833333333333,62.67,1.0,6.84,-1.70193,1,690.12,-2.14474,0.2381,2.061516666666667
82355,2016-11-09 19:00:00-06,0.7165,63.33,1.0,8.94,-2.3828400000000003,1,334.04,-2.71697,0.2310166666666666,1.1396833333333332
82365,2016-11-09 20:00:00-06,1.1018666666666668,64.16,1.0,9.08,-2.51896,1,304.77,-2.71779,0.2343166666666666,0.95325
82375,2016-11-09 21:00:00-06,1.3036166666666669,63.99,1.0,8.85,-2.72355,1,1010.62,-2.7181900000000003,0.2587333333333333,0.7405333333333332
82385,2016-11-09 22:00:00-06,0.3614666666666666,63.35,1.0,9.56,-2.24146,1,779.2260000000001,-2.7187,0.22435,0.6676666666666666
82395,2016-11-09 23:00:00-06,0.3004833333333333,63.02,1.0,7.5,-2.38321,1,778.9010000000001,-2.62246,0.22381666666666666,0.6236
82405,2016-11-10 00:00:00-06,0.3015833333333333,63.21,0.9,7.6,-2.7236700000000003,1,182.165,-2.6111299999999997,0.2401166666666666,0.6197166666666666
82415,2016-11-10 01:00:00-06,0.3001666666666666,63.06,0.9,6.97,-2.7240599999999997,1,51.6073,-2.71896,0.21883333333333327,0.6147333333333332
82425,2016-11-10 02:00:00-06,0.2949333333333333,62.54,0.0,6.57,-2.7240900000000003,1,10.115,-2.71958,0.21151666666666666,0.4525833333333333
82435,2016-11-10 03:00:00-06,0.30155,62.62,0.1,7.77,-2.38358,1,-2.71919,-2.7196599999999997,0.2717166666666666,0.5946166666666666
82445,2016-11-10 04:00:00-06,0.2916833333333333,61.84,0.23,6.42,-1.7025599999999999,1,-2.71988,-3.38285,0.2487333333333333,0.5080333333333332
82455,2016-11-10 05:00:00-06,0.5724333333333332,60.17,0.11,6.12,-2.36655,1,-2.74905,-2.72015,0.21178333333333327,0.8191666666666666
82465,2016-11-10 06:00:00-06,0.8379166666666666,59.63,0.25,5.98,-2.38347,1,-2.86259,-2.73737,0.22715,0.7625166666666666
82475,2016-11-10 07:00:00-06,0.2985833333333333,59.16,0.24,6.47,1.4753,1,-2.73828,7.66736,0.20803333333333326,0.5221833333333332
82485,2016-11-10 08:00:00-06,0.2612,59.18,0.12,7.21,36.2027,1,-2.88048,95.2647,0.20675,0.33905
82495,2016-11-10 09:00:00-06,0.26735,58.57,0.12,7.43,166.43200000000002,1,-2.89751,565.385,0.22423333333333328,0.3648833333333332
82505,2016-11-10 10:00:00-06,0.3568666666666666,58.22,0.28,6.65,337.47900000000004,1,-2.88634,395.849,0.20213333333333328,0.4986333333333332
82515,2016-11-10 11:00:00-06,0.285,58.92,0.0,6.08,298.746,1,-2.73964,251.396,0.20316666666666666,0.39461666666666656
82525,2016-11-10 12:00:00-06,0.2500833333333333,58.84,0.85,6.02,411.98800000000006,1,-2.7227099999999997,815.5830000000001,0.2433333333333333,0.5465166666666667
82535,2016-11-10 13:00:00-06,0.2544333333333333,58.99,0.09,8.21,236.614,1,-2.72267,211.233,0.21461666666666665,0.3468333333333333
82545,2016-11-10 14:00:00-06,0.2461333333333333,59.27,0.13,6.39,215.30700000000002,1,-3.18246,285.058,0.20613333333333328,0.4823666666666666
82555,2016-11-10 15:00:00-06,0.2319833333333333,61.67,0.14,7.5,156.386,1,64.3958,574.643,0.3433666666666666,0.3658666666666666
82565,2016-11-10 16:00:00-06,0.3844833333333333,63.64,0.27,6.32,81.7028,1,281.04400000000004,82.9377,0.2447833333333333,0.6010666666666666
82575,2016-11-10 17:00:00-06,1.5372,65.49,0.0,7.17,13.8375,1,501.61300000000006,111.665,0.20495,0.6482833333333332
82585,2016-11-10 18:00:00-06,0.28085,67.37,0.01,4.62,-2.54077,1,687.793,-2.3776900000000003,0.22356666666666666,0.5559666666666666
82595,2016-11-10 19:00:00-06,0.2590333333333333,68.45,0.01,7.09,-2.3820200000000002,1,812.711,-2.71785,0.2337833333333333,0.6358
82605,2016-11-10 20:00:00-06,0.7707833333333332,69.0,0.06,8.08,-2.38234,1,883.2410000000001,-2.71825,0.2325333333333333,1.4158166666666667
82615,2016-11-10 21:00:00-06,0.3621666666666666,68.03,0.03,6.74,-2.38275,1,873.252,-2.71873,0.2402833333333333,2.750116666666667
82625,2016-11-10 22:00:00-06,0.2682166666666666,67.37,0.17,7.03,-2.3827700000000003,1,785.227,-2.71875,0.2376833333333333,1.6424166666666669
82635,2016-11-10 23:00:00-06,0.2789,66.72,0.31,4.9,-2.49057,1,633.372,-2.71922,0.22228333333333328,0.4896833333333332
82645,2016-11-11 00:00:00-06,0.2579833333333333,64.5,0.31,4.36,-2.38287,1,431.32099999999997,-2.71963,0.2262833333333333,0.3193333333333333
82655,2016-11-11 01:00:00-06,0.2602333333333333,61.62,0.31,4.87,-2.38282,1,207.674,-2.7196599999999997,0.21945,0.41301666666666653
82665,2016-11-11 02:00:00-06,0.3086833333333333,60.26,0.31,2.77,-2.38312,1,10.9497,-2.71978,0.2562666666666666,0.3198
82675,2016-11-11 03:00:00-06,0.2744166666666666,58.6,0.31,2.65,-2.3831700000000002,1,-3.3986400000000003,-2.72012,0.2480166666666666,0.2576166666666666
82685,2016-11-11 04:00:00-06,0.2727,56.97,0.31,4.25,-2.36618,1,-3.1392900000000004,-2.85633,0.21308333333333326,0.2772333333333333
82695,2016-11-11 05:00:00-06,0.6374333333333332,56.23,0.31,2.11,-2.38349,1,-2.8965099999999997,-2.72058,0.20645,0.5014
82705,2016-11-11 06:00:00-06,0.5002833333333332,55.93,0.31,3.85,-2.72388,1,-3.07286,-3.4007300000000003,0.20666666666666664,0.4481833333333333
82715,2016-11-11 07:00:00-06,0.2450666666666666,55.21,0.31,3.12,0.317797,1,-3.24906,4.56264,0.22175,0.22685
82725,2016-11-11 08:00:00-06,0.20016666666666666,54.98,0.31,0.73,44.1358,1,-2.72178,162.514,0.21231666666666665,0.20005
82735,2016-11-11 09:00:00-06,0.19095,54.83,0.31,4.2,200.699,1,-2.7225,406.577,0.21498333333333328,0.20293333333333327
82745,2016-11-11 10:00:00-06,0.20621666666666666,54.67,0.31,2.42,261.79900000000004,1,-2.72265,608.845,0.2318166666666666,0.2497333333333333
82755,2016-11-11 11:00:00-06,0.1912,54.84,0.31,3.86,771.449,1,-2.72269,582.155,0.21508333333333327,0.31105
82765,2016-11-11 12:00:00-06,0.20256666666666664,54.99,0.31,2.93,318.05400000000003,1,-2.72275,893.132,0.21256666666666665,0.2888333333333333
82775,2016-11-11 13:00:00-06,0.2507333333333333,55.13,0.31,2.88,416.149,1,-2.72296,786.118,0.21556666666666666,0.2851833333333333
82785,2016-11-11 14:00:00-06,0.3369166666666666,56.8,0.31,2.35,246.043,1,-3.27338,741.607,0.3188,0.2296
82795,2016-11-11 15:00:00-06,0.2831333333333333,61.07,0.31,4.52,218.06,1,65.3302,129.886,0.2636833333333333,0.37896666666666656
82805,2016-11-11 16:00:00-06,0.4461833333333333,62.79,0.31,4.72,149.636,1,279.745,129.961,0.22135,0.5957
82815,2016-11-11 17:00:00-06,0.4874,64.69,0.31,4.94,44.7073,1,499.80800000000005,34.4638,0.20043333333333327,0.4890333333333332
82825,2016-11-11 18:00:00-06,0.5710833333333332,66.26,0.31,5.08,-2.72133,1,684.33,-2.37805,0.20835,0.4618833333333332
82835,2016-11-11 19:00:00-06,0.8076166666666666,69.65,0.31,6.59,-2.6197,1,812.799,-2.54835,0.2376666666666666,0.738
82845,2016-11-11 20:00:00-06,0.69665,71.06,0.31,4.07,-2.72217,1,871.467,-2.5034799999999997,0.23625,0.6948666666666666
82855,2016-11-11 21:00:00-06,0.3963333333333333,72.74,0.31,5.65,-2.72225,1,861.9580000000001,-2.42423,0.2377,0.60305
82865,2016-11-11 22:00:00-06,0.3223166666666666,72.86,0.08,5.21,-2.6486400000000003,1,776.548,-2.7192,0.2594833333333333,0.39925
82875,2016-11-11 23:00:00-06,0.3054666666666666,70.4,0.09,2.44,-2.7172400000000003,1,625.748,-2.71955,0.224,0.3220666666666666
82885,2016-11-12 00:00:00-06,0.3088333333333333,66.01,0.1,2.49,-2.64942,0,423.269,-2.6063400000000003,0.22296666666666665,0.3464333333333333
82895,2016-11-12 01:00:00-06,0.28155,63.09,0.09,1.56,-2.56432,0,200.653,-2.7196599999999997,0.2643666666666666,0.3197333333333333
82905,2016-11-12 02:00:00-06,0.2811,61.6,0.07,2.34,-2.4055,0,8.109910000000001,-2.71977,0.26575,0.3183833333333333
82915,2016-11-12 03:00:00-06,0.2808833333333333,60.39,0.07,3.51,-2.38278,0,-3.3972300000000004,-2.65212,0.22245,0.3364
82925,2016-11-12 04:00:00-06,0.2784833333333333,59.37,0.04,2.42,-2.55304,0,-3.26277,-2.60112,0.2281,0.31765
82935,2016-11-12 05:00:00-06,0.29525,58.52,0.09,2.81,-2.38282,0,-2.76519,-2.68047,0.21285,0.5569166666666666
82945,2016-11-12 06:00:00-06,0.35925,58.56,0.09,2.47,-3.40405,0,-3.24166,-3.32082,0.20926666666666666,0.3813166666666665
82955,2016-11-12 07:00:00-06,0.4592333333333333,57.77,0.21,4.2,-0.748955,0,-2.86251,19.0759,0.2309333333333333,0.6163
82965,2016-11-12 08:00:00-06,0.76235,57.22,0.13,4.45,50.5372,0,-2.94188,79.577,0.7332166666666665,0.8961833333333331
82975,2016-11-12 09:00:00-06,1.2647666666666668,57.62,0.16,3.11,116.404,0,-2.77785,195.50400000000002,1.6689666666666667,0.7362833333333332
82985,2016-11-12 10:00:00-06,1.0581166666666668,57.18,0.06,5.65,229.907,0,-2.72127,340.131,0.7846333333333331,0.3490833333333333
82995,2016-11-12 11:00:00-06,0.42201666666666654,55.92,0.0,4.87,251.97099999999998,0,-2.72138,757.908,0.4374833333333333,0.3012666666666666
83005,2016-11-12 12:00:00-06,0.3524166666666666,56.03,0.06,5.69,428.86800000000005,0,-3.19794,697.8919999999999,0.4227833333333333,0.3546166666666666
83015,2016-11-12 13:00:00-06,0.838233333333333,55.5,0.06,5.16,255.86,0,-2.7217599999999997,366.45,0.3957,0.3197666666666666
83025,2016-11-12 14:00:00-06,0.5277166666666666,58.81,0.06,6.34,257.61400000000003,0,-3.4021800000000004,687.7139999999999,0.2931666666666666,0.2973833333333333
83035,2016-11-12 15:00:00-06,0.2638833333333333,62.14,0.07,7.78,220.303,0,41.4555,608.721,0.3421833333333333,0.3378
83045,2016-11-12 16:00:00-06,0.404,65.54,0.07,7.96,98.4328,0,210.924,103.955,0.80365,0.50595
83055,2016-11-12 17:00:00-06,0.4675833333333332,68.91,0.06,7.31,39.9356,0,290.069,52.4009,0.6249333333333332,1.3137666666666667
83065,2016-11-12 18:00:00-06,0.9349833333333332,71.78,0.06,6.13,-3.26669,0,510.31,-2.3780799999999997,0.9199166666666666,1.029283333333333
83075,2016-11-12 19:00:00-06,3.834383333333333,73.58,0.06,6.87,-3.08548,0,828.3889999999999,-2.37866,1.0861166666666668,0.7896166666666666
83085,2016-11-12 20:00:00-06,2.6979333333333333,74.35,0.17,6.85,-2.67767,0,564.409,-2.6960900000000003,1.5617166666666669,0.2521333333333333
83095,2016-11-12 21:00:00-06,0.4849166666666666,73.45,0.22,6.32,-2.3827700000000003,0,898.548,-2.38457,2.0972666666666666,0.2918666666666666
83105,2016-11-12 22:00:00-06,0.4591166666666666,72.49,0.18,6.16,-2.3827700000000003,0,153.879,-2.54901,3.2659833333333332,0.25265
83115,2016-11-12 23:00:00-06,0.5001166666666667,70.17,0.16,4.32,-2.3827700000000003,0,703.117,-2.58334,2.61785,0.2452333333333333
83125,2016-11-13 00:00:00-06,0.3674833333333333,67.49,0.01,3.01,-2.38283,0,83.8527,-2.7196599999999997,5.047183333333333,0.2466
83135,2016-11-13 01:00:00-06,0.31475,65.69,0.14,4.96,-2.15022,0,211.57,-2.7196599999999997,1.8737666666666668,0.2324833333333333
83145,2016-11-13 02:00:00-06,0.3159833333333333,63.59,0.09,4.95,-2.6892099999999997,0,7.47047,-2.7196599999999997,2.008716666666667,0.2649166666666666
83155,2016-11-13 03:00:00-06,0.2888333333333333,62.65,0.02,3.75,-2.38315,0,-2.71755,-2.72011,1.4964333333333333,0.24145
83165,2016-11-13 04:00:00-06,0.2917666666666666,61.28,0.07,5.53,-2.38318,0,-2.71826,-2.7202599999999997,3.893833333333333,0.2368
83175,2016-11-13 05:00:00-06,0.32915,60.77,0.07,6.78,-2.72375,0,-2.7189099999999997,-2.72056,2.7289,0.2407
83193,2016-11-13 06:00:00-06,0.3096833333333333,59.89,0.11,4.51,-2.72375,0,-2.71905,-3.4007300000000003,1.273,0.2467
83194,2016-11-13 06:00:00-06,0.3096833333333333,59.89,0.11,4.51,-2.72375,0,-2.71943,16.4992,0.9185166666666666,0.2349333333333333
83213,2016-11-13 07:00:00-06,0.5251833333333332,58.88,0.0,5.97,4.77203,0,-2.71982,257.517,0.6743333333333332,0.23735
83214,2016-11-13 07:00:00-06,0.5251833333333332,58.88,0.0,5.97,4.77203,0,-2.7198900000000004,490.87,0.6942,0.2658
83233,2016-11-13 08:00:00-06,0.6806166666666666,57.83,0.0,5.73,44.4746,0,735.875,318.027,0.3074333333333333,0.2325333333333333
83234,2016-11-13 08:00:00-06,0.6806166666666666,57.83,0.0,5.73,44.4746,0,845.2710000000001,332.06800000000004,0.252,0.22966666666666666
83253,2016-11-13 09:00:00-06,0.7215166666666665,57.34,0.01,4.16,102.306,0,917.9960000000001,291.64599999999996,0.5774,0.2391333333333333
83254,2016-11-13 09:00:00-06,0.7215166666666665,57.34,0.01,4.16,102.306,0,917.309,333.806,1.48745,0.2275833333333333
83273,2016-11-13 10:00:00-06,0.6918166666666666,56.0,0.02,3.77,131.735,0,900.288,390.88199999999995,2.089916666666667,0.30955
83274,2016-11-13 10:00:00-06,0.6918166666666666,56.0,0.02,3.77,131.735,0,765.878,161.982,2.27725,0.36815
83293,2016-11-13 11:00:00-06,1.035216666666667,56.38,0.18,4.73,157.762,0,434.102,137.166,1.9990166666666669,0.6851833333333333
83294,2016-11-13 11:00:00-06,1.035216666666667,56.38,0.18,4.73,157.762,0,55.2697,58.7545,1.9434333333333331,0.5393333333333332
83313,2016-11-13 12:00:00-06,2.665966666666667,55.61,0.03,2.83,173.795,0,4.1386400000000005,-1.9714,2.2701333333333333,1.0677166666666669
83314,2016-11-13 12:00:00-06,2.665966666666667,55.61,0.03,2.83,173.795,0,-2.71805,-2.50965,1.9534333333333331,1.3164166666666668
83333,2016-11-13 13:00:00-06,1.63725,53.92,0.01,4.54,91.7255,0,-2.71877,-2.71926,1.65615,0.5675333333333332
83334,2016-11-13 13:00:00-06,1.63725,53.92,0.01,4.54,91.7255,0,-2.92298,-2.71961,1.20155,0.42361666666666653
83353,2016-11-13 14:00:00-06,0.46425,56.38,0.01,3.43,77.0521,0,-2.71964,-2.71979,1.0673666666666668,0.2917666666666666
83354,2016-11-13 14:00:00-06,0.46425,56.38,0.01,3.43,77.0521,0,-2.7198900000000004,-2.72018,0.5833833333333333,0.2656166666666666
83373,2016-11-13 15:00:00-06,0.2743333333333333,60.35,0.02,3.86,72.2551,0,-2.72024,-2.38016,0.7346666666666665,0.2719166666666666
83374,2016-11-13 15:00:00-06,0.2743333333333333,60.35,0.02,3.86,72.2551,0,-2.72059,-2.52756,0.57265,0.2664333333333333
83393,2016-11-13 16:00:00-06,0.2915166666666666,63.81,0.04,2.91,51.3425,0,-2.7208099999999997,-2.38053,0.5167833333333332,0.2668666666666666
83394,2016-11-13 16:00:00-06,0.2915166666666666,63.81,0.04,2.91,51.3425,0,-2.7208099999999997,-2.38056,0.37721666666666653,0.2885333333333333
83413,2016-11-13 17:00:00-06,0.2692666666666666,66.73,0.01,3.28,21.9193,0,-2.72091,-2.72064,0.4196666666666666,0.2508166666666666
83414,2016-11-13 17:00:00-06,0.2692666666666666,66.73,0.01,3.28,21.9193,0,-2.72125,-2.72064,0.3805833333333333,0.5648666666666666
83433,2016-11-13 18:00:00-06,0.2362,69.06,0.21,1.37,-2.62149,0,-3.40122,-2.7208900000000003,0.3769333333333333,0.7276166666666665
83434,2016-11-13 18:00:00-06,0.2362,69.06,0.21,1.37,-2.62149,0,57.9385,5.74736,0.4107,0.3390166666666666
83453,2016-11-13 19:00:00-06,0.2373333333333333,71.4,0.01,3.63,-2.5192,0,264.922,95.9254,0.4107833333333333,0.2600833333333333
83454,2016-11-13 19:00:00-06,0.2373333333333333,71.4,0.01,3.63,-2.5192,0,552.871,241.785,0.7087,0.20745
83473,2016-11-13 20:00:00-06,0.5780833333333332,73.19,0.1,2.93,-2.5133400000000004,0,671.61,662.7389999999999,0.9785,0.21013333333333328
83474,2016-11-13 20:00:00-06,0.5780833333333332,73.19,0.1,2.93,-2.5133400000000004,0,824.215,734.081,1.19095,0.1989
83493,2016-11-13 21:00:00-06,0.5708666666666666,73.04,0.26,3.32,-2.38845,0,905.14,810.041,2.856266666666667,0.20968333333333328
83494,2016-11-13 21:00:00-06,0.5708666666666666,73.04,0.26,3.32,-2.38845,0,867.409,291.526,1.5376666666666667,0.19073333333333328
83513,2016-11-13 22:00:00-06,0.5931166666666666,72.95,0.26,3.95,-2.38282,0,197.793,363.972,1.9037,0.1884
83514,2016-11-13 22:00:00-06,0.5931166666666666,72.95,0.26,3.95,-2.38282,0,298.032,529.255,1.50965,0.21823333333333328
83533,2016-11-13 23:00:00-06,0.45905,71.65,0.21,3.72,-2.38279,0,420.332,319.531,1.9942,0.28825
83534,2016-11-13 23:00:00-06,0.45905,71.65,0.21,3.72,-2.38279,0,199.87400000000002,109.91799999999999,1.82765,0.3945833333333333
83553,2016-11-14 00:00:00-06,0.4080333333333333,67.22,0.12,3.08,-2.3828400000000003,1,4.8964,-2.40211,1.7463166666666667,0.55505
83554,2016-11-14 00:00:00-06,0.4080333333333333,67.22,0.12,3.08,-2.3828400000000003,1,-3.21615,-2.71961,1.1207333333333331,0.5779333333333332
83573,2016-11-14 01:00:00-06,0.35995,64.82,0.25,3.91,-2.30341,1,-3.17158,-2.72001,1.21595,0.5405666666666666
83574,2016-11-14 01:00:00-06,0.35995,64.82,0.25,3.91,-2.30341,1,-3.12115,-2.7204099999999998,1.3566166666666668,0.4416333333333333
83593,2016-11-14 02:00:00-06,0.3723333333333333,63.49,0.09,4.19,-2.53613,1,-3.0594900000000003,-2.38041,1.0949,0.2474833333333333
83594,2016-11-14 02:00:00-06,0.3723333333333333,63.49,0.09,4.19,-2.53613,1,-2.7198900000000004,-2.38041,0.98795,0.2385833333333333
83613,2016-11-14 03:00:00-06,0.3526166666666666,61.86,0.02,5.35,-2.38327,1,-2.7198900000000004,-2.72047,0.76695,0.2436833333333333
83614,2016-11-14 03:00:00-06,0.3526166666666666,61.86,0.02,5.35,-2.38327,1,-2.7202,-2.72067,0.6793166666666666,0.2413
83633,2016-11-14 04:00:00-06,0.3529833333333333,60.65,0.01,4.09,-2.38326,1,-2.72055,-2.38081,0.6229166666666666,0.2216833333333333
83634,2016-11-14 04:00:00-06,0.3529833333333333,60.65,0.01,4.09,-2.38326,1,-2.7208099999999997,-2.72093,0.4971666666666666,0.3638
83653,2016-11-14 05:00:00-06,0.6279333333333332,60.07,0.02,5.64,-2.38321,1,-2.7208099999999997,-2.72107,0.4637333333333332,0.4785166666666666
83654,2016-11-14 05:00:00-06,0.6279333333333332,60.07,0.02,5.64,-2.38321,1,-2.72118,-2.38118,0.4892666666666666,0.3387833333333333
83665,2016-11-14 06:00:00-06,0.87435,59.14,0.04,2.58,-2.7120900000000003,1,-2.7212400000000003,-2.7210099999999997,0.7273,0.56785
83675,2016-11-14 07:00:00-06,0.23955,58.64,0.05,4.21,1.0325799999999998,1,55.8894,-2.31313,0.5518166666666666,0.23026666666666665
83685,2016-11-14 08:00:00-06,0.21231666666666665,58.08,0.05,3.54,36.6271,1,265.18,2.42167,1.1284333333333332,0.23051666666666665
83695,2016-11-14 09:00:00-06,0.2525333333333333,57.39,0.07,4.76,129.116,1,483.105,22.352,0.9719666666666664,0.3382166666666666
83705,2016-11-14 10:00:00-06,0.239,57.01,0.11,4.48,294.857,1,758.432,86.385,3.354366666666667,0.44801666666666656
83715,2016-11-14 11:00:00-06,0.22165,57.34,0.0,5.3,377.73900000000003,1,789.512,193.687,1.5048666666666668,0.3008833333333333
83725,2016-11-14 12:00:00-06,0.21818333333333328,57.2,0.21,4.3,295.171,1,847.189,178.96599999999998,1.5912166666666667,0.3102833333333333
83735,2016-11-14 13:00:00-06,0.217,56.86,0.0,3.67,147.657,1,867.865,101.706,1.5102833333333332,0.2803
83745,2016-11-14 14:00:00-06,0.22361666666666666,58.15,0.0,5.16,336.31699999999995,1,216.225,84.3462,2.101516666666667,0.2845333333333333
83755,2016-11-14 15:00:00-06,0.22331666666666666,61.2,0.05,3.82,210.09599999999998,1,684.548,93.6853,1.8502166666666668,0.3224833333333333
83765,2016-11-14 16:00:00-06,0.5843666666666666,65.2,0.18,7.02,115.056,1,304.8,124.67299999999999,2.30025,0.4941666666666666
83775,2016-11-14 17:00:00-06,1.1885333333333332,72.07,0.06,8.66,45.0558,1,211.11599999999999,63.74,1.8243333333333331,1.11955
83785,2016-11-14 18:00:00-06,1.4091166666666668,74.87,0.07,8.26,-2.79504,1,3.06156,-2.3077,1.9446333333333332,3.206516666666667
83795,2016-11-14 19:00:00-06,1.24975,77.63,0.06,8.71,-2.8923400000000004,1,-3.39684,-2.6652400000000003,1.4995166666666668,0.2934
83805,2016-11-14 20:00:00-06,0.9168166666666666,78.91,0.0,8.54,-2.3820200000000002,1,-3.4432199999999997,-2.69962,1.37395,0.2890666666666666
83815,2016-11-14 21:00:00-06,0.93425,79.75,0.0,6.39,-2.38204,1,-3.39874,-2.71097,1.05805,0.5493166666666666
83825,2016-11-14 22:00:00-06,0.3711,79.59,0.0,6.58,-3.00054,1,-3.02012,-2.5238099999999997,0.8709,0.70515
83835,2016-11-14 23:00:00-06,0.3609,77.29,0.0,5.63,-2.72316,1,-2.7198900000000004,-2.53518,0.5312833333333332,0.4292333333333333
83845,2016-11-15 00:00:00-06,0.33985,71.66,0.06,2.43,-2.72319,1,-2.7198900000000004,-2.38207,0.6548,0.3578166666666666
83855,2016-11-15 01:00:00-06,0.3515,68.18,0.06,5.17,-2.72359,1,-2.7201400000000002,-2.38204,0.6262,0.3315833333333333
83865,2016-11-15 02:00:00-06,0.3584,66.37,0.0,3.38,-2.7353400000000003,1,-2.743,-2.38206,0.7123666666666666,0.31585
83875,2016-11-15 03:00:00-06,0.3365,64.5,0.0,2.89,-2.7240900000000003,1,-2.72055,-2.3821,0.40421666666666656,0.3290333333333333
83885,2016-11-15 04:00:00-06,0.2904333333333333,63.05,0.0,4.55,-2.7240900000000003,1,-2.7604900000000003,-2.55225,0.5094666666666666,0.3104833333333333
83895,2016-11-15 05:00:00-06,0.5286333333333332,62.91,0.0,3.24,-2.7240900000000003,1,-3.10059,-2.38206,0.7054333333333332,0.57195
83905,2016-11-15 06:00:00-06,0.5758333333333332,62.53,0.0,4.87,-2.99083,1,-3.41804,-2.38206,0.8893333333333331,0.9877666666666663
83915,2016-11-15 07:00:00-06,0.2258833333333333,60.94,0.0,4.38,9.0803,1,59.1663,2.81413,0.5478333333333332,0.6387333333333332
83925,2016-11-15 08:00:00-06,0.19478333333333328,59.42,0.0,3.86,190.976,1,285.546,50.668,0.6486666666666666,0.6223833333333332
83935,2016-11-15 09:00:00-06,0.1836,58.25,0.0,5.98,395.228,1,505.038,112.149,0.5458833333333332,0.6771666666666666
83945,2016-11-15 10:00:00-06,0.20425,57.25,0.0,4.89,572.201,1,721.735,163.84900000000002,0.5234,0.6368333333333333
83955,2016-11-15 11:00:00-06,0.2045,56.56,0.0,3.76,-7999.0,1,889.0060000000001,144.91299999999998,1.1248333333333331,0.62155
83965,2016-11-15 12:00:00-06,0.21996666666666664,57.01,0.0,5.54,-7999.0,1,863.961,142.342,1.1766,0.6024666666666666
83975,2016-11-15 13:00:00-06,0.2289,55.3,0.0,2.83,-7999.0,1,858.4830000000001,52.4147,1.4541166666666667,0.4073333333333333
83985,2016-11-15 14:00:00-06,0.5720166666666666,59.3,0.0,3.02,-7999.0,1,764.148,50.9174,1.5157833333333333,0.3367
83995,2016-11-15 15:00:00-06,1.0485166666666668,64.99,0.0,4.88,-7999.0,1,486.264,222.015,1.8419333333333332,0.21101666666666666
84005,2016-11-15 16:00:00-06,1.0894666666666668,71.11,0.0,5.1,-7999.0,1,301.06,96.3888,2.317766666666667,0.3982833333333333
84015,2016-11-15 17:00:00-06,0.9520166666666664,75.39,0.0,3.79,-7999.0,1,169.352,40.8436,2.4241,0.5524166666666666
84025,2016-11-15 18:00:00-06,0.4478,78.53,0.0,4.86,-7999.0,1,2.9763599999999997,-1.70193,2.4476,0.3786833333333333
84035,2016-11-15 19:00:00-06,0.4262833333333333,81.52,0.0,4.22,-7999.0,1,-3.3908300000000002,-2.3828400000000003,2.818083333333333,0.7165
84045,2016-11-15 20:00:00-06,0.5010833333333332,82.89,0.0,2.49,-7999.0,1,-2.75757,-2.51896,3.20905,1.1018666666666668
84055,2016-11-15 21:00:00-06,0.4903833333333332,83.56,0.0,0.62,-7999.0,1,-2.87154,-2.72355,2.066533333333333,1.3036166666666669
84065,2016-11-15 22:00:00-06,0.3718833333333333,83.58,0.0,2.17,-7999.0,1,-2.71904,-2.24146,3.3583,0.3614666666666666
84075,2016-11-15 23:00:00-06,0.2622333333333333,80.21,0.0,1.28,-7999.0,1,-2.7195,-2.38321,0.8588833333333331,0.3004833333333333
84085,2016-11-16 00:00:00-06,0.3043333333333333,72.34,0.0,1.71,-7999.0,1,-2.71956,-2.7236700000000003,0.6284166666666666,0.3015833333333333
84095,2016-11-16 01:00:00-06,0.2847333333333333,68.46,0.0,1.84,-7999.0,1,-2.71956,-2.7240599999999997,0.5808666666666666,0.3001666666666666
84105,2016-11-16 02:00:00-06,0.2524333333333333,65.08,0.0,1.62,-7999.0,1,-2.71956,-2.7240900000000003,0.41181666666666655,0.2949333333333333
84115,2016-11-16 03:00:00-06,0.23945,62.3,0.0,0.78,-7999.0,1,-2.71956,-2.38358,0.43996666666666656,0.30155
84125,2016-11-16 04:00:00-06,0.28405,60.64,0.0,1.9,-7999.0,1,-2.99764,-1.7025599999999999,0.5568,0.2916833333333333
84135,2016-11-16 05:00:00-06,0.57855,60.05,0.0,2.34,-7999.0,1,-2.7657,-2.36655,0.6733333333333332,0.5724333333333332
84145,2016-11-16 06:00:00-06,0.6641333333333332,61.09,0.0,2.47,-7999.0,1,-3.4006,-2.38347,0.84945,0.8379166666666666
84155,2016-11-16 07:00:00-06,0.38371666666666654,58.07,0.0,2.79,-7999.0,1,53.3823,1.4753,0.4431,0.2985833333333333
84165,2016-11-16 08:00:00-06,0.3006333333333333,57.14,0.0,2.85,-7999.0,1,262.849,36.2027,0.5311166666666666,0.2612
84175,2016-11-16 09:00:00-06,0.28385,55.62,0.0,3.34,-7999.0,1,476.955,166.43200000000002,0.5128666666666666,0.26735
84185,2016-11-16 10:00:00-06,0.37706666666666655,55.31,0.0,3.38,-7999.0,1,665.698,337.47900000000004,0.37605,0.3568666666666666
84195,2016-11-16 11:00:00-06,0.4826333333333332,54.58,0.0,4.8,-7999.0,1,343.94300000000004,298.746,1.1741,0.285
84205,2016-11-16 12:00:00-06,0.3657166666666666,57.61,0.0,3.26,-7999.0,1,858.2710000000001,411.98800000000006,1.1447166666666668,0.2500833333333333
84215,2016-11-16 13:00:00-06,0.3035833333333333,54.66,0.0,5.21,-7999.0,1,844.295,236.614,1.71625,0.2544333333333333
84225,2016-11-16 14:00:00-06,0.22418333333333326,59.62,0.0,6.66,-7999.0,1,788.1460000000001,215.30700000000002,1.5437833333333333,0.2461333333333333
84235,2016-11-16 15:00:00-06,0.5813666666666666,65.25,0.0,4.85,-7999.0,1,590.423,156.386,1.6178,0.2319833333333333
84245,2016-11-16 16:00:00-06,0.9221166666666666,72.49,0.0,5.87,-7999.0,1,390.88,81.7028,1.7756666666666667,0.3844833333333333
84255,2016-11-16 17:00:00-06,1.0024,78.84,0.0,8.04,-7999.0,1,171.53599999999997,13.8375,2.01055,1.5372
84265,2016-11-16 18:00:00-06,0.5261833333333332,82.48,0.0,7.87,-7999.0,1,1.80542,-2.54077,2.08575,0.28085
84275,2016-11-16 19:00:00-06,0.5425333333333332,84.67,0.0,10.86,-7999.0,1,-3.14791,-2.3820200000000002,2.0021,0.2590333333333333
84285,2016-11-16 20:00:00-06,1.0239333333333331,85.08,0.0,9.24,-7999.0,1,-2.71818,-2.38234,1.8485333333333331,0.7707833333333332
84295,2016-11-16 21:00:00-06,1.3232333333333333,84.55,0.0,9.76,-7999.0,1,-2.71867,-2.38275,1.0608666666666668,0.3621666666666666
84305,2016-11-16 22:00:00-06,0.34025,83.32,0.0,11.38,-7999.0,1,-2.7699599999999998,-2.3827700000000003,0.5982166666666666,0.2682166666666666
84315,2016-11-16 23:00:00-06,0.2409,79.84,0.0,6.6,-7999.0,1,-2.7193,-2.49057,0.42646666666666655,0.2789
84325,2016-11-17 00:00:00-06,0.2221,73.66,0.0,4.65,-7999.0,1,-2.71956,-2.38287,0.5533666666666666,0.2579833333333333
84335,2016-11-17 01:00:00-06,0.22315,70.31,0.0,4.66,-7999.0,1,-2.71956,-2.38282,0.6050666666666666,0.2602333333333333
84345,2016-11-17 02:00:00-06,0.2416666666666666,67.27,0.0,6.74,-7999.0,1,-2.71956,-2.38312,0.4534166666666666,0.3086833333333333
84355,2016-11-17 03:00:00-06,0.22671666666666665,66.51,0.0,7.45,-7999.0,1,-2.71998,-2.3831700000000002,0.5591,0.2744166666666666
84365,2016-11-17 04:00:00-06,0.22388333333333327,65.94,0.0,7.86,-7999.0,1,-3.1000400000000004,-2.36618,0.42425,0.2727
84375,2016-11-17 05:00:00-06,0.5144666666666666,63.91,0.0,7.0,-7999.0,1,-2.38042,-2.38349,0.7532166666666666,0.6374333333333332
84385,2016-11-17 06:00:00-06,0.5508666666666666,62.14,0.0,5.63,-7999.0,1,-3.4006,-2.72388,0.9443333333333332,0.5002833333333332
84395,2016-11-17 07:00:00-06,0.2614333333333333,60.46,0.08,5.51,-7999.0,1,49.8627,0.317797,0.7188833333333332,0.2450666666666666
84405,2016-11-17 08:00:00-06,0.3108666666666666,61.21,0.0,7.57,-7999.0,1,263.09,44.1358,0.4939166666666666,0.20016666666666666
84415,2016-11-17 09:00:00-06,0.36738333333333323,60.78,0.0,7.43,-7999.0,1,509.256,200.699,0.3535666666666666,0.19095
84425,2016-11-17 10:00:00-06,0.3278833333333333,61.03,0.2,7.21,-7999.0,1,172.81799999999998,261.79900000000004,0.8725,0.20621666666666666
84435,2016-11-17 11:00:00-06,0.3089666666666666,60.89,0.09,6.2,-7999.0,1,358.024,771.449,1.18275,0.1912
84445,2016-11-17 12:00:00-06,0.34485,61.34,0.49,7.9,-7999.0,1,977.997,318.05400000000003,1.7076166666666668,0.20256666666666664
84455,2016-11-17 13:00:00-06,0.4050666666666666,62.03,0.18,7.34,-7999.0,1,741.3530000000001,416.149,1.9754333333333332,0.2507333333333333
84465,2016-11-17 14:00:00-06,0.5080833333333332,63.7,0.31,6.24,-7999.0,1,193.47299999999998,246.043,1.5964666666666667,0.3369166666666666
84475,2016-11-17 15:00:00-06,0.2713833333333333,66.03,0.31,11.81,-7999.0,1,637.904,218.06,1.7879,0.2831333333333333
84485,2016-11-17 16:00:00-06,0.5205666666666666,70.11,0.31,11.23,-7999.0,1,75.9797,149.636,1.7485833333333332,0.4461833333333333
84495,2016-11-17 17:00:00-06,0.846283333333333,73.93,0.28,16.5,-7999.0,1,42.6012,44.7073,1.4069333333333331,0.4874
84505,2016-11-17 18:00:00-06,0.4054833333333333,76.71,0.29,11.48,-7999.0,1,1.3245799999999999,-2.72133,1.5703833333333332,0.5710833333333332
84515,2016-11-17 19:00:00-06,0.2750666666666666,79.33,0.28,15.14,-7999.0,1,-2.73466,-2.6197,1.4085166666666669,0.8076166666666666
84525,2016-11-17 20:00:00-06,0.8551166666666666,80.57,0.09,16.13,-7999.0,1,-3.0524299999999998,-2.72217,2.671316666666667,0.69665
84535,2016-11-17 21:00:00-06,0.3902833333333333,81.23,0.09,16.23,-7999.0,1,-2.8490900000000003,-2.72225,2.792666666666667,0.3963333333333333
84545,2016-11-17 22:00:00-06,0.2700666666666666,80.42,0.24,12.94,-7999.0,1,-2.9064400000000004,-2.6486400000000003,2.681316666666667,0.3223166666666666
84555,2016-11-17 23:00:00-06,0.2687666666666666,78.15,0.12,9.32,-7999.0,1,-2.71956,-2.7172400000000003,1.727933333333333,0.3054666666666666
84565,2016-11-18 00:00:00-06,0.2635,75.48,0.21,7.97,-7999.0,1,-2.71996,-2.64942,1.5628333333333333,0.3088333333333333
84575,2016-11-18 01:00:00-06,0.2564,74.42,0.03,9.9,-7999.0,1,-2.7259700000000002,-2.56432,1.1337166666666667,0.28155
84585,2016-11-18 02:00:00-06,0.2636666666666666,73.46,0.02,13.59,-7999.0,1,-2.72048,-2.4055,0.9738,0.2811
84595,2016-11-18 03:00:00-06,0.2526666666666666,72.55,0.12,13.91,-7999.0,1,-2.72048,-2.38278,0.8318833333333331,0.2808833333333333
84605,2016-11-18 04:00:00-06,0.2487,72.28,0.12,13.91,-7999.0,1,-2.72048,-2.55304,0.7598333333333331,0.2784833333333333
84615,2016-11-18 05:00:00-06,0.46085,72.09,0.25,12.85,-7999.0,1,-3.23668,-2.38282,0.5734333333333332,0.29525
84625,2016-11-18 06:00:00-06,0.6311666666666667,71.53,0.54,8.77,-7999.0,1,-3.4011699999999996,-3.40405,0.9099666666666666,0.35925
84635,2016-11-18 07:00:00-06,0.4844333333333332,71.57,0.31,7.59,-7999.0,1,47.452,-0.748955,1.0623166666666668,0.4592333333333333
84645,2016-11-18 08:00:00-06,0.41015,71.66,0.31,7.8,-7999.0,1,148.605,50.5372,0.8353333333333332,0.76235
84655,2016-11-18 09:00:00-06,0.3389666666666666,71.61,0.31,8.59,-7999.0,1,480.666,116.404,0.6012333333333332,1.2647666666666668
84665,2016-11-18 10:00:00-06,0.33855,70.78,0.31,7.64,-7999.0,1,768.5239999999999,229.907,0.35915,1.0581166666666668
84675,2016-11-18 11:00:00-06,0.3659333333333333,70.49,0.12,5.13,-7999.0,1,849.345,251.97099999999998,0.3645666666666666,0.42201666666666654
84685,2016-11-18 12:00:00-06,0.3183166666666666,69.51,0.31,2.8,-7999.0,1,291.204,428.86800000000005,0.41501666666666653,0.3524166666666666
84695,2016-11-18 13:00:00-06,0.21188333333333328,69.19,0.27,1.98,-7999.0,1,875.3389999999999,255.86,0.38881666666666653,0.838233333333333
84705,2016-11-18 14:00:00-06,0.3267333333333333,69.93,0.13,1.51,-7999.0,1,914.5880000000001,257.61400000000003,0.5857333333333332,0.5277166666666666
84715,2016-11-18 15:00:00-06,0.2821166666666666,71.82,0.31,3.51,-7999.0,1,246.28099999999998,220.303,1.0722333333333331,0.2638833333333333
84725,2016-11-18 16:00:00-06,0.22481666666666664,73.34,0.29,7.36,-7999.0,1,463.55,98.4328,1.1991166666666668,0.404
84735,2016-11-18 17:00:00-06,0.5723166666666666,73.07,0.26,7.46,-7999.0,1,34.4127,39.9356,1.9543333333333333,0.4675833333333332
84745,2016-11-18 18:00:00-06,0.6137333333333332,67.17,0.65,11.33,-7999.0,1,-0.14158800000000002,-3.26669,1.49305,0.9349833333333332
84755,2016-11-18 19:00:00-06,0.9818833333333332,66.73,0.27,13.33,-7999.0,1,-1.0203,-3.08548,2.721916666666667,3.834383333333333
84765,2016-11-18 20:00:00-06,1.0747166666666668,65.87,0.26,15.11,-7999.0,1,-1.02035,-2.67767,0.7093666666666666,2.6979333333333333
84775,2016-11-18 21:00:00-06,0.9218666666666666,65.41,0.0,15.94,-7999.0,1,-2.38082,-2.3827700000000003,0.4463833333333333,0.4849166666666666
84785,2016-11-18 22:00:00-06,0.5292666666666666,64.65,0.13,14.43,-7999.0,1,-2.38082,-2.3827700000000003,0.4613,0.4591166666666666
84795,2016-11-18 23:00:00-06,0.3431666666666666,62.94,0.06,13.53,-7999.0,1,-2.38082,-2.3827700000000003,0.2744833333333333,0.5001166666666667
84805,2016-11-19 00:00:00-06,0.25895,60.35,0.07,10.74,-7999.0,0,-2.7099599999999997,-2.38283,0.275,0.3674833333333333
84815,2016-11-19 01:00:00-06,0.2586833333333333,58.06,0.1,11.27,-7999.0,0,-2.3302,-2.15022,0.3076166666666666,0.31475
84825,2016-11-19 02:00:00-06,0.28995,56.29,0.1,10.96,-7999.0,0,-1.52515,-2.6892099999999997,0.29035,0.3159833333333333
84835,2016-11-19 03:00:00-06,0.2626666666666666,55.23,0.04,13.11,-7999.0,0,-2.38125,-2.38315,0.3594,0.2888333333333333
84845,2016-11-19 04:00:00-06,0.2483,53.81,0.0,13.44,-7999.0,0,-2.64797,-2.38318,0.3645666666666666,0.2917666666666666
84855,2016-11-19 05:00:00-06,0.2603166666666666,52.15,0.0,12.79,-7999.0,0,-1.8432099999999998,-2.72375,0.4787166666666666,0.32915
84865,2016-11-19 06:00:00-06,0.2609333333333333,50.57,0.0,9.34,-7999.0,0,-2.38203,-2.72375,0.3189,0.3096833333333333
84875,2016-11-19 07:00:00-06,0.6709666666666666,49.72,0.0,10.98,-7999.0,0,2.38179,-2.72375,0.5750666666666666,0.3096833333333333
84885,2016-11-19 08:00:00-06,0.4243833333333333,48.07,0.0,11.51,-7999.0,0,198.368,4.77203,0.19841666666666666,0.5251833333333332
84895,2016-11-19 09:00:00-06,0.46,47.16,0.0,10.24,-7999.0,0,147.951,4.77203,0.186,0.5251833333333332
84905,2016-11-19 10:00:00-06,3.29865,45.92,0.0,9.91,-7999.0,0,395.556,44.4746,0.2287,0.6806166666666666
84915,2016-11-19 11:00:00-06,0.3968333333333333,44.29,0.0,10.21,-7999.0,0,787.2560000000001,44.4746,0.22065,0.6806166666666666
84925,2016-11-19 12:00:00-06,0.52345,42.87,0.0,6.41,-7999.0,0,845.887,102.306,0.2117,0.7215166666666665
84935,2016-11-19 13:00:00-06,1.2713833333333333,42.29,0.06,8.34,-7999.0,0,830.8530000000001,102.306,0.2279833333333333,0.7215166666666665
84945,2016-11-19 14:00:00-06,0.2460666666666666,44.65,0.0,9.52,-7999.0,0,760.837,131.735,0.22665,0.6918166666666666
84955,2016-11-19 15:00:00-06,0.24405,48.5,0.0,12.47,-7999.0,0,606.137,131.735,0.72465,0.6918166666666666
84965,2016-11-19 16:00:00-06,0.2364,52.48,0.0,12.92,-7999.0,0,398.986,157.762,1.251866666666667,1.035216666666667
84975,2016-11-19 17:00:00-06,0.2412,55.23,0.0,14.16,-7999.0,0,167.945,157.762,1.7619333333333331,1.035216666666667
84985,2016-11-19 18:00:00-06,0.2295,57.54,0.0,9.81,-7999.0,0,0.515579,173.795,0.8803833333333331,2.665966666666667
84995,2016-11-19 19:00:00-06,0.21698333333333328,60.11,0.0,12.82,-7999.0,0,-3.40075,173.795,0.4994666666666666,2.665966666666667
85005,2016-11-19 20:00:00-06,0.21043333333333328,61.02,0.0,10.47,-7999.0,0,-3.26569,91.7255,3.3772333333333333,1.63725
85015,2016-11-19 21:00:00-06,0.3598666666666666,61.01,0.0,11.35,-7999.0,0,-3.1646099999999997,91.7255,1.5489833333333332,1.63725
85025,2016-11-19 22:00:00-06,0.4677666666666666,60.61,0.0,8.88,-7999.0,0,-2.9889799999999997,77.0521,0.8415,0.46425
85035,2016-11-19 23:00:00-06,0.4321833333333333,57.74,0.06,6.4,-7999.0,0,-2.7231400000000003,77.0521,0.3434,0.46425
85045,2016-11-20 00:00:00-06,0.2428166666666666,52.3,0.06,3.75,-7999.0,0,-3.10336,72.2551,0.3753,0.2743333333333333
85055,2016-11-20 01:00:00-06,0.21178333333333327,48.7,0.0,4.47,-7999.0,0,-2.7237299999999998,72.2551,0.4926166666666666,0.2743333333333333
85065,2016-11-20 02:00:00-06,0.20615,46.8,0.0,4.43,-7999.0,0,-3.05901,51.3425,0.4221666666666665,0.2915166666666666
85075,2016-11-20 03:00:00-06,0.22028333333333328,45.36,0.0,5.88,-7999.0,0,-2.72416,51.3425,0.3511333333333333,0.2915166666666666
85085,2016-11-20 04:00:00-06,0.21243333333333328,42.69,0.0,3.46,-7999.0,0,-2.73591,21.9193,0.3249333333333333,0.2692666666666666
85095,2016-11-20 05:00:00-06,0.2416666666666666,40.95,0.0,1.48,-7999.0,0,-2.78726,21.9193,0.4725333333333332,0.2692666666666666
85105,2016-11-20 06:00:00-06,0.44885,40.29,0.0,2.38,-7999.0,0,-3.54261,-2.62149,0.4671,0.2362
85115,2016-11-20 07:00:00-06,0.4824333333333332,39.09,0.0,2.13,-7999.0,0,58.1294,-2.62149,0.3893,0.2362
85125,2016-11-20 08:00:00-06,0.488,37.46,0.0,2.28,-7999.0,0,264.684,-2.5192,0.39961666666666656,0.2373333333333333
85135,2016-11-20 09:00:00-06,0.4074,37.13,0.0,2.33,-7999.0,0,501.30199999999996,-2.5192,0.3685166666666666,0.2373333333333333
85145,2016-11-20 10:00:00-06,0.33685,36.64,0.0,2.13,-7999.0,0,702.566,-2.5133400000000004,0.27555,0.5780833333333332
85155,2016-11-20 11:00:00-06,0.3384666666666666,36.02,0.0,1.25,-7999.0,0,804.865,-2.5133400000000004,0.3080333333333333,0.5780833333333332
85165,2016-11-20 12:00:00-06,0.2688666666666666,35.18,0.0,0.71,-7999.0,0,872.8439999999999,-2.38845,0.3108666666666666,0.5708666666666666
85175,2016-11-20 13:00:00-06,0.2328333333333333,34.74,0.0,2.14,-7999.0,0,808.235,-2.38845,0.3765333333333333,0.5708666666666666
85185,2016-11-20 14:00:00-06,0.2284333333333333,38.9,0.0,0.46,-7999.0,0,676.4760000000001,-2.38282,0.4160833333333333,0.5931166666666666
85195,2016-11-20 15:00:00-06,0.27135,47.43,0.0,3.6,-7999.0,0,473.20599999999996,-2.38282,0.2872166666666666,0.5931166666666666
85205,2016-11-20 16:00:00-06,0.21573333333333328,53.9,0.0,5.98,-7999.0,0,224.895,-2.38279,0.4105833333333333,0.45905
85215,2016-11-20 17:00:00-06,0.2616,57.32,0.0,7.08,-7999.0,0,95.1353,-2.38279,0.7153666666666666,0.45905
85225,2016-11-20 18:00:00-06,0.2513166666666666,60.5,0.0,6.72,-7999.0,0,-1.07061,-2.3828400000000003,0.7051666666666666,0.4080333333333333
85235,2016-11-20 19:00:00-06,0.20643333333333327,62.86,0.0,5.97,-7999.0,0,-2.75378,-2.3828400000000003,1.2541666666666669,0.4080333333333333
85245,2016-11-20 20:00:00-06,0.3390166666666666,64.52,0.0,6.54,-7999.0,0,-2.72052,-2.30341,0.94895,0.35995
85255,2016-11-20 21:00:00-06,0.36883333333333324,65.08,0.0,6.85,-7999.0,0,-2.72102,-2.30341,0.6083666666666666,0.35995
85265,2016-11-20 22:00:00-06,0.3425666666666666,65.26,0.0,6.85,-7999.0,0,-2.85747,-2.53613,0.5509833333333332,0.3723333333333333
85275,2016-11-20 23:00:00-06,0.2723666666666666,62.66,0.0,5.67,-7999.0,0,-2.7214,-2.53613,0.3708833333333333,0.3723333333333333
85285,2016-11-21 00:00:00-06,0.2421333333333333,57.51,0.0,3.44,-7999.0,1,-2.50601,-2.38327,0.29425,0.3526166666666666
85295,2016-11-21 01:00:00-06,0.2228,53.29,0.0,4.8,-7999.0,1,-2.7214400000000003,-2.38327,0.2939833333333333,0.3526166666666666
85305,2016-11-21 02:00:00-06,0.20898333333333327,49.79,0.0,4.4,-7999.0,1,-2.72151,-2.38326,0.3205333333333333,0.3529833333333333
85315,2016-11-21 03:00:00-06,0.2255833333333333,49.02,0.0,3.82,-7999.0,1,-2.72188,-2.38326,0.294,0.3529833333333333
85325,2016-11-21 04:00:00-06,0.4939333333333332,47.22,0.0,3.45,-7999.0,1,-2.7903700000000002,-2.38321,0.28575,0.6279333333333332
85335,2016-11-21 05:00:00-06,0.3546833333333333,46.82,0.0,4.26,-7999.0,1,-2.7224,-2.38321,0.3028166666666666,0.6279333333333332
85345,2016-11-21 06:00:00-06,0.75905,47.6,0.0,3.92,-7999.0,1,-3.38058,-2.7120900000000003,0.2862333333333333,0.87435
85355,2016-11-21 07:00:00-06,0.3267833333333333,45.12,0.0,4.87,-7999.0,1,42.7839,1.0325799999999998,0.3103833333333333,0.23955
85365,2016-11-21 08:00:00-06,0.3183,45.13,0.0,5.05,-7999.0,1,261.73,36.6271,0.6609833333333331,0.21231666666666665
85375,2016-11-21 09:00:00-06,0.9850166666666664,44.5,0.0,3.55,-7999.0,1,472.059,129.116,0.4358,0.2525333333333333
85385,2016-11-21 10:00:00-06,0.35405,44.64,0.0,2.54,-7999.0,1,209.31400000000002,294.857,1.148383333333333,0.239
85395,2016-11-21 11:00:00-06,0.21266666666666664,43.43,0.0,1.03,-7999.0,1,359.231,377.73900000000003,0.49815,0.22165
85405,2016-11-21 12:00:00-06,0.22455,43.98,0.0,7.36,-7999.0,1,361.452,295.171,0.48215,0.21818333333333328
85415,2016-11-21 13:00:00-06,0.22276666666666664,42.88,0.0,5.29,-7999.0,1,309.09,147.657,0.87195,0.217
85425,2016-11-21 14:00:00-06,0.2165,47.84,0.0,6.12,-7999.0,1,249.572,336.31699999999995,0.48255,0.22361666666666666
85435,2016-11-21 15:00:00-06,0.21928333333333327,54.46,0.0,5.74,-7999.0,1,331.43199999999996,210.09599999999998,0.4264,0.22331666666666666
85445,2016-11-21 16:00:00-06,0.9011833333333332,61.7,0.0,7.8,-7999.0,1,214.106,115.056,0.47375,0.5843666666666666
85455,2016-11-21 17:00:00-06,2.94965,67.15,0.0,11.82,-7999.0,1,75.5073,45.0558,2.457,1.1885333333333332
85465,2016-11-21 18:00:00-06,1.2474,70.54,0.0,10.99,-7999.0,1,-1.01948,-2.79504,2.679666666666667,1.4091166666666668
85475,2016-11-21 19:00:00-06,3.6537,73.58,0.0,12.26,-7999.0,1,-2.71902,-2.8923400000000004,1.5657,1.24975
85485,2016-11-21 20:00:00-06,0.5453833333333332,74.96,0.0,9.29,-7999.0,1,-2.7195400000000003,-2.3820200000000002,0.9703333333333332,0.9168166666666666
85495,2016-11-21 21:00:00-06,0.3857833333333333,75.77,0.0,11.51,-7999.0,1,-2.5952,-2.38204,0.9001166666666666,0.93425
85505,2016-11-21 22:00:00-06,0.29855,74.78,0.0,12.6,-7999.0,1,-2.43138,-3.00054,0.5509166666666666,0.3711
85515,2016-11-21 23:00:00-06,0.23415,72.43,0.0,9.16,-7999.0,1,-2.72048,-2.72316,0.4408166666666665,0.3609
85525,2016-11-22 00:00:00-06,0.2286,69.37,0.0,6.38,-7999.0,1,-2.72064,-2.72319,0.3086333333333333,0.33985
85535,2016-11-22 01:00:00-06,0.2325833333333333,66.96,0.0,7.72,-7999.0,1,-2.38082,-2.72359,0.2906333333333333,0.3515
85545,2016-11-22 02:00:00-06,0.21491666666666664,65.83,0.0,9.26,-7999.0,1,-2.38082,-2.7353400000000003,0.2906666666666666,0.3584
85555,2016-11-22 03:00:00-06,0.21405,64.39,0.0,8.91,-7999.0,1,-2.38092,-2.7240900000000003,0.3055,0.3365
85565,2016-11-22 04:00:00-06,0.23465,63.4,0.0,6.95,-7999.0,1,-2.39794,-2.7240900000000003,0.29525,0.2904333333333333
85575,2016-11-22 05:00:00-06,0.5529833333333332,62.3,0.0,5.54,-7999.0,1,-2.65326,-2.7240900000000003,0.5838166666666667,0.5286333333333332
85585,2016-11-22 06:00:00-06,0.7191333333333332,61.56,0.0,5.42,-7999.0,1,-3.2259900000000004,-2.99083,0.7700833333333331,0.5758333333333332
85595,2016-11-22 07:00:00-06,0.9302333333333332,61.08,0.0,5.67,-7999.0,1,23.9651,9.0803,0.3083,0.2258833333333333
85605,2016-11-22 08:00:00-06,0.9206,62.07,0.0,6.17,-7999.0,1,106.45100000000001,190.976,0.2335666666666666,0.19478333333333328
85615,2016-11-22 09:00:00-06,0.19841666666666666,62.43,0.0,4.54,-7999.0,1,510.031,395.228,0.2560666666666666,0.1836
85625,2016-11-22 10:00:00-06,0.20838333333333328,63.26,0.0,6.14,-7999.0,1,467.898,572.201,0.2456833333333333,0.20425
85635,2016-11-22 11:00:00-06,0.19636666666666666,64.23,0.0,6.47,-7999.0,1,349.098,-7999.0,0.2558333333333333,0.2045
85645,2016-11-22 12:00:00-06,0.19185,64.77,1.0,5.44,-7999.0,1,914.0010000000001,-7999.0,0.4251,0.21996666666666664
85655,2016-11-22 13:00:00-06,0.19856666666666664,65.41,1.0,9.69,-7999.0,1,835.048,-7999.0,0.7402333333333331,0.2289
85665,2016-11-22 14:00:00-06,0.29835,66.56,1.0,10.2,-7999.0,1,804.828,-7999.0,1.1263333333333332,0.5720166666666666
85675,2016-11-22 15:00:00-06,1.7855833333333333,68.97,1.0,11.42,-7999.0,1,189.007,-7999.0,1.56605,1.0485166666666668
85685,2016-11-22 16:00:00-06,0.75265,71.45,0.0,15.74,-7999.0,1,361.231,-7999.0,1.3680666666666668,1.0894666666666668
85695,2016-11-22 17:00:00-06,0.7849833333333331,72.31,0.0,15.59,-7999.0,1,144.269,-7999.0,1.4859,0.9520166666666664
85705,2016-11-22 18:00:00-06,0.25275,73.33,1.0,11.71,-7999.0,1,-0.33974099999999996,-7999.0,1.3263333333333331,0.4478
85715,2016-11-22 19:00:00-06,0.3554666666666666,74.82,1.0,11.17,-7999.0,1,-2.7187,-7999.0,1.7352833333333333,0.4262833333333333
85725,2016-11-22 20:00:00-06,0.2892166666666666,74.57,1.0,10.19,-7999.0,1,-2.7195099999999996,-7999.0,1.5019333333333331,0.5010833333333332
85735,2016-11-22 21:00:00-06,0.3835833333333333,74.57,1.0,10.48,-7999.0,1,-2.71984,-7999.0,1.5799,0.4903833333333332
85745,2016-11-22 22:00:00-06,0.4312833333333333,74.76,1.0,8.28,-7999.0,1,-2.7204099999999998,-7999.0,0.6380666666666666,0.3718833333333333
85755,2016-11-22 23:00:00-06,0.2731666666666666,71.67,0.0,7.21,-7999.0,1,-2.72048,-7999.0,0.6193166666666666,0.2622333333333333
85765,2016-11-23 00:00:00-06,0.2649666666666666,70.89,0.0,5.84,-7999.0,1,-2.72087,-7999.0,0.4416,0.3043333333333333
85775,2016-11-23 01:00:00-06,0.2695,70.45,0.0,5.56,-7999.0,1,-2.72099,-7999.0,0.3923,0.2847333333333333
85785,2016-11-23 02:00:00-06,0.2600666666666666,69.61,0.12,5.72,-7999.0,1,-2.78943,-7999.0,0.4143333333333333,0.2524333333333333
85795,2016-11-23 03:00:00-06,0.2554833333333333,69.8,0.31,5.28,-7999.0,1,-2.7214,-7999.0,0.4744833333333332,0.23945
85805,2016-11-23 04:00:00-06,0.2616166666666666,69.5,0.31,5.2,-7999.0,1,-2.72146,-7999.0,0.3773833333333333,0.28405
85815,2016-11-23 05:00:00-06,0.2644666666666666,70.17,0.31,7.86,-7999.0,1,-2.72192,-7999.0,0.3330666666666666,0.57855
85825,2016-11-23 06:00:00-06,0.6182666666666666,70.02,0.74,6.01,-7999.0,1,-3.40257,-7999.0,0.7506166666666666,0.6641333333333332
85835,2016-11-23 07:00:00-06,0.4915666666666666,69.5,0.21,5.05,-7999.0,1,40.9287,-7999.0,0.2391333333333333,0.38371666666666654
85845,2016-11-23 08:00:00-06,0.5438333333333332,68.6,0.31,4.32,-7999.0,1,242.18400000000003,-7999.0,0.19991666666666666,0.3006333333333333
85855,2016-11-23 09:00:00-06,0.6968666666666666,66.45,0.31,6.28,-7999.0,1,460.522,-7999.0,0.21466666666666664,0.28385
85865,2016-11-23 10:00:00-06,0.30735,63.3,0.1,5.61,-7999.0,1,678.195,-7999.0,0.21671666666666664,0.37706666666666655
85875,2016-11-23 11:00:00-06,0.3284166666666666,60.76,0.15,12.19,-7999.0,1,951.7539999999999,-7999.0,0.2165,0.4826333333333332
85885,2016-11-23 12:00:00-06,0.6476,54.95,0.31,6.89,-7999.0,1,287.936,-7999.0,0.22288333333333327,0.3657166666666666
85895,2016-11-23 13:00:00-06,0.2316,52.33,0.07,5.97,-7999.0,1,844.3,-7999.0,0.60005,0.3035833333333333
85905,2016-11-23 14:00:00-06,0.21653333333333327,53.9,0.07,6.45,-7999.0,1,279.019,-7999.0,1.0042833333333332,0.22418333333333326
85915,2016-11-23 15:00:00-06,0.20801666666666666,57.09,0.06,9.02,-7999.0,1,314.185,-7999.0,1.1714,0.5813666666666666
85925,2016-11-23 16:00:00-06,0.35565,59.86,0.06,10.31,-7999.0,1,416.991,-7999.0,1.10805,0.9221166666666666
85935,2016-11-23 17:00:00-06,0.2874333333333333,62.46,0.06,9.86,-7999.0,1,25.3026,-7999.0,1.1362333333333332,1.0024
85945,2016-11-23 18:00:00-06,0.19476666666666664,64.78,0.06,7.76,-7999.0,1,-1.7274900000000002,-7999.0,1.5286833333333332,0.5261833333333332
85955,2016-11-23 19:00:00-06,0.19835,67.56,0.0,7.52,-7999.0,1,-2.7191,-7999.0,1.3986666666666667,0.5425333333333332
85965,2016-11-23 20:00:00-06,0.3375666666666666,69.54,0.0,8.55,-7999.0,1,-2.71955,-7999.0,1.6065166666666668,1.0239333333333331
85975,2016-11-23 21:00:00-06,0.53365,70.66,0.0,6.77,-7999.0,1,-2.7198900000000004,-7999.0,1.6272833333333332,1.3232333333333333
85985,2016-11-23 22:00:00-06,0.2612166666666666,70.25,0.0,7.19,-7999.0,1,-2.80537,-7999.0,1.22605,0.34025
85995,2016-11-23 23:00:00-06,0.2719833333333333,67.83,0.0,3.54,-7999.0,1,-2.72048,-7999.0,0.5043333333333332,0.2409
86005,2016-11-24 00:00:00-06,0.24835,61.4,0.0,2.42,-7999.0,1,-2.72091,-7999.0,0.3932833333333333,0.2221
86015,2016-11-24 01:00:00-06,0.2469666666666666,57.52,0.0,3.72,-7999.0,1,-2.72094,-7999.0,0.3097666666666666,0.22315
86025,2016-11-24 02:00:00-06,0.2613166666666666,55.34,0.0,3.89,-7999.0,1,-2.38104,-7999.0,0.2771333333333333,0.2416666666666666
86035,2016-11-24 03:00:00-06,0.2506333333333333,53.78,0.0,2.98,-7999.0,1,-2.3865,-7999.0,0.26615,0.22671666666666665
86045,2016-11-24 04:00:00-06,0.3069666666666666,51.81,0.0,3.4,-7999.0,1,-2.72094,-7999.0,0.4135333333333333,0.22388333333333327
86055,2016-11-24 05:00:00-06,0.2921166666666666,50.39,0.0,1.62,-7999.0,1,-2.38118,-7999.0,0.5576833333333332,0.5144666666666666
86065,2016-11-24 06:00:00-06,0.3079666666666666,50.69,0.0,1.91,-7999.0,1,-3.2540400000000003,-7999.0,0.5642833333333332,0.5508666666666666
86075,2016-11-24 07:00:00-06,0.9880166666666664,49.88,0.0,3.28,-7999.0,1,37.1446,-7999.0,0.43691666666666656,0.2614333333333333
86085,2016-11-24 08:00:00-06,0.581,48.53,0.0,1.81,-7999.0,1,243.481,-7999.0,0.29535,0.3108666666666666
86095,2016-11-24 09:00:00-06,1.894,47.68,0.0,1.05,-7999.0,1,452.17800000000005,-7999.0,0.2795833333333333,0.36738333333333323
86105,2016-11-24 10:00:00-06,0.9395666666666664,46.71,0.0,2.73,-7999.0,1,709.0010000000001,-7999.0,0.28325,0.3278833333333333
86115,2016-11-24 11:00:00-06,1.1181333333333332,45.91,0.06,2.1,-7999.0,1,446.131,-7999.0,0.47745,0.3089666666666666
86125,2016-11-24 12:00:00-06,0.7093,46.03,0.06,2.23,-7999.0,1,192.18099999999998,-7999.0,0.6829833333333332,0.34485
86135,2016-11-24 13:00:00-06,0.8553,44.89,0.06,3.27,-7999.0,1,862.453,-7999.0,1.5362,0.4050666666666666
86145,2016-11-24 14:00:00-06,0.24155,49.55,0.06,5.0,-7999.0,1,288.824,-7999.0,2.23625,0.5080833333333332
86155,2016-11-24 15:00:00-06,0.3130666666666666,56.6,0.07,2.27,-7999.0,1,114.65700000000001,-7999.0,1.9860833333333332,0.2713833333333333
86165,2016-11-24 16:00:00-06,0.2587166666666666,61.48,0.06,5.07,-7999.0,1,85.0477,-7999.0,1.7949833333333332,0.5205666666666666
86175,2016-11-24 17:00:00-06,0.22388333333333327,66.35,0.06,5.88,-7999.0,1,143.903,-7999.0,1.7579833333333332,0.846283333333333
86185,2016-11-24 18:00:00-06,0.2315333333333333,68.45,0.07,5.56,-7999.0,1,-0.8493780000000001,-7999.0,2.1157833333333333,0.4054833333333333
86195,2016-11-24 19:00:00-06,0.7776666666666666,71.26,0.08,5.03,-7999.0,1,-2.7867599999999997,-7999.0,1.7904666666666669,0.2750666666666666
86205,2016-11-24 20:00:00-06,0.72975,73.86,0.06,5.37,-7999.0,1,-2.7195099999999996,-7999.0,1.4655,0.8551166666666666
86215,2016-11-24 21:00:00-06,0.8346,74.88,0.06,7.99,-7999.0,1,-2.71969,-7999.0,0.7825833333333331,0.3902833333333333
86225,2016-11-24 22:00:00-06,0.3633,73.99,0.06,7.74,-7999.0,1,-2.72033,-7999.0,0.70145,0.2700666666666666
86235,2016-11-24 23:00:00-06,0.2728833333333333,71.99,0.07,5.16,-7999.0,1,-2.72048,-7999.0,0.6475,0.2687666666666666
86245,2016-11-25 00:00:00-06,0.2595333333333333,67.73,0.0,2.72,-7999.0,1,-2.72076,-7999.0,0.3202333333333333,0.2635
86255,2016-11-25 01:00:00-06,0.25325,66.42,0.09,3.59,-7999.0,1,-2.72094,-7999.0,0.4639166666666666,0.2564
86265,2016-11-25 02:00:00-06,0.31065,65.52,0.2,4.23,-7999.0,1,-2.7210799999999997,-7999.0,0.5921,0.2636666666666666
86275,2016-11-25 03:00:00-06,0.27295,62.58,0.1,3.65,-7999.0,1,-2.7214,-7999.0,0.36348333333333327,0.2526666666666666
86285,2016-11-25 04:00:00-06,0.2503166666666666,60.77,0.09,4.13,-7999.0,1,-2.7214099999999997,-7999.0,0.35875,0.2487
86295,2016-11-25 05:00:00-06,0.5039166666666666,59.56,0.13,1.43,-7999.0,1,-3.01657,-7999.0,0.4733333333333332,0.46085
86305,2016-11-25 06:00:00-06,0.3725,59.7,0.47,0.92,-7999.0,1,-3.4023199999999996,-7999.0,0.7155833333333332,0.6311666666666667
86315,2016-11-25 07:00:00-06,0.3364,59.79,0.28,2.67,-7999.0,1,39.2234,-7999.0,0.23475,0.4844333333333332
86325,2016-11-25 08:00:00-06,0.41345,61.57,0.0,2.26,-7999.0,1,242.416,-7999.0,0.19915,0.41015
86335,2016-11-25 09:00:00-06,0.6828833333333332,62.37,0.0,1.28,-7999.0,1,455.866,-7999.0,0.19953333333333328,0.3389666666666666
86345,2016-11-25 10:00:00-06,1.2120833333333332,61.88,0.31,2.26,-7999.0,1,640.058,-7999.0,0.21338333333333329,0.33855
86355,2016-11-25 11:00:00-06,2.39545,60.85,0.31,1.5,-7999.0,1,701.4989999999999,-7999.0,0.5051333333333332,0.3659333333333333
86365,2016-11-25 12:00:00-06,0.3425833333333333,60.04,0.26,1.95,-7999.0,1,887.7589999999999,-7999.0,1.2375166666666668,0.3183166666666666
86375,2016-11-25 13:00:00-06,0.5537666666666666,59.12,0.11,1.76,-7999.0,1,847.7919999999999,-7999.0,1.45565,0.21188333333333328
86385,2016-11-25 14:00:00-06,0.5772,60.26,0.31,5.39,-7999.0,1,718.628,-7999.0,1.263,0.3267333333333333
86395,2016-11-25 15:00:00-06,0.23895,63.42,0.0,8.49,-7999.0,1,573.368,-7999.0,2.0858833333333333,0.2821166666666666
86405,2016-11-25 16:00:00-06,0.21621666666666664,63.18,0.31,9.35,-7999.0,1,371.19300000000004,-7999.0,3.2756,0.22481666666666664
86415,2016-11-25 17:00:00-06,0.2620333333333333,62.93,0.31,8.64,-7999.0,1,146.019,-7999.0,2.5040666666666667,0.5723166666666666
86425,2016-11-25 18:00:00-06,0.2764,61.96,1.0,7.83,-7999.0,1,-1.22304,-7999.0,1.5702833333333333,0.6137333333333332
86435,2016-11-25 19:00:00-06,0.4856333333333332,61.83,1.0,9.46,-7999.0,1,-3.21188,-7999.0,1.8093833333333331,0.9818833333333332
86445,2016-11-25 20:00:00-06,0.2959333333333333,62.22,1.0,7.85,-7999.0,1,-3.26951,-7999.0,1.65085,1.0747166666666668
86455,2016-11-25 21:00:00-06,0.35075,62.08,1.0,8.13,-7999.0,1,-3.10587,-7999.0,1.1995166666666668,0.9218666666666666
86465,2016-11-25 22:00:00-06,0.3417,61.31,0.31,6.79,-7999.0,1,-2.72091,-7999.0,0.5643,0.5292666666666666
86475,2016-11-25 23:00:00-06,0.2988,60.72,0.31,7.87,-7999.0,1,-3.4014,-7999.0,0.54875,0.3431666666666666
86485,2016-11-26 00:00:00-06,0.2887833333333333,59.03,1.0,8.06,-7999.0,0,-3.40175,-7999.0,0.3832333333333333,0.25895
86495,2016-11-26 01:00:00-06,0.2648833333333333,57.96,1.0,8.19,-7999.0,0,-2.72764,-7999.0,0.3185833333333333,0.2586833333333333
86505,2016-11-26 02:00:00-06,0.2844833333333333,57.18,1.0,5.92,-7999.0,0,-2.9321599999999997,-7999.0,0.28335,0.28995
86515,2016-11-26 03:00:00-06,0.2594833333333333,56.96,0.0,6.72,-7999.0,0,-3.22715,-7999.0,0.2571166666666666,0.2626666666666666
86525,2016-11-26 04:00:00-06,0.2397666666666666,56.36,0.04,6.1,-7999.0,0,-2.92124,-7999.0,0.2518,0.2483
86535,2016-11-26 05:00:00-06,0.23785,55.25,0.03,4.39,-7999.0,0,-2.7459,-7999.0,0.5843333333333331,0.2603166666666666
86545,2016-11-26 06:00:00-06,0.2813666666666666,55.62,0.27,3.91,-7999.0,0,-2.72324,-7999.0,0.7574333333333331,0.2609333333333333
86555,2016-11-26 07:00:00-06,0.4585,55.08,0.27,5.19,-7999.0,0,31.7027,-7999.0,0.2411333333333333,0.6709666666666666
86565,2016-11-26 08:00:00-06,0.4201333333333333,53.96,0.23,4.97,-7999.0,0,197.179,-7999.0,0.20781666666666665,0.4243833333333333
86575,2016-11-26 09:00:00-06,0.38501666666666656,54.1,0.29,3.55,-7999.0,0,439.082,-7999.0,0.19863333333333327,0.46
86585,2016-11-26 10:00:00-06,1.1110833333333332,54.37,0.17,4.96,-7999.0,0,335.36,-7999.0,0.20366666666666666,3.29865
86595,2016-11-26 11:00:00-06,0.7819333333333331,53.74,0.12,6.41,-7999.0,0,557.047,-7999.0,0.3024166666666666,0.3968333333333333
86605,2016-11-26 12:00:00-06,0.3468,54.26,0.68,4.62,-7999.0,0,778.587,-7999.0,0.6128333333333332,0.52345
86615,2016-11-26 13:00:00-06,0.2650833333333333,54.83,0.0,5.66,-7999.0,0,299.95,-7999.0,1.0532833333333331,1.2713833333333333
86625,2016-11-26 14:00:00-06,0.5983333333333332,55.45,0.14,5.62,-7999.0,0,310.08799999999997,-7999.0,1.22695,0.2460666666666666
86635,2016-11-26 15:00:00-06,0.5161166666666666,58.48,0.11,5.09,-7999.0,0,581.206,-7999.0,1.4120333333333333,0.24405
86645,2016-11-26 16:00:00-06,0.46485,61.52,0.13,5.28,-7999.0,0,372.05300000000005,-7999.0,1.5308,0.2364
86655,2016-11-26 17:00:00-06,0.5412333333333332,63.71,0.02,4.84,-7999.0,0,140.90200000000002,-7999.0,1.7110833333333333,0.2412
86665,2016-11-26 18:00:00-06,1.0731833333333332,65.65,0.24,3.57,-7999.0,0,-1.51173,-7999.0,1.5266833333333332,0.2295
86675,2016-11-26 19:00:00-06,0.9613666666666664,66.64,0.22,1.86,-7999.0,0,-2.71865,-7999.0,0.78925,0.21698333333333328
86685,2016-11-26 20:00:00-06,2.478966666666667,67.03,0.28,1.76,-7999.0,0,-2.7195,-7999.0,0.5933833333333332,0.21043333333333328
86695,2016-11-26 21:00:00-06,1.4197666666666668,67.52,0.14,2.87,-7999.0,0,-2.73692,-7999.0,0.5698666666666666,0.3598666666666666
86705,2016-11-26 22:00:00-06,0.2515666666666666,66.88,0.31,2.91,838.8580000000001,0,-2.72047,-7999.0,0.9628166666666664,0.4677666666666666
86715,2016-11-26 23:00:00-06,0.2825333333333333,66.41,0.31,2.89,-7999.0,0,-2.82271,-7999.0,0.4921166666666666,0.4321833333333333
86725,2016-11-27 00:00:00-06,0.30705,64.77,0.91,1.04,-7999.0,0,-2.72094,-7999.0,0.39065,0.2428166666666666
86735,2016-11-27 01:00:00-06,0.2595833333333333,63.94,0.91,2.38,-7999.0,0,-3.24864,-7999.0,0.2493333333333333,0.21178333333333327
86745,2016-11-27 02:00:00-06,0.2445,63.27,0.91,2.58,-7999.0,0,-2.87448,-7999.0,0.2664833333333333,0.20615
86755,2016-11-27 03:00:00-06,0.2442333333333333,62.8,0.31,2.91,-7999.0,0,-3.0956099999999998,-7999.0,0.2444,0.22028333333333328
86765,2016-11-27 04:00:00-06,0.24555,61.72,0.31,4.15,-7999.0,0,-2.75053,-7999.0,0.2460833333333333,0.21243333333333328
86775,2016-11-27 05:00:00-06,0.3003833333333333,60.98,0.17,4.18,-7999.0,0,-2.72232,-7999.0,0.2697666666666666,0.2416666666666666
86785,2016-11-27 06:00:00-06,0.34975,59.78,0.08,3.84,-7999.0,0,-3.4029,-7999.0,0.2994166666666666,0.44885
86795,2016-11-27 07:00:00-06,0.32675,59.02,0.28,4.64,-7999.0,0,31.4371,-7999.0,0.2448166666666666,0.4824333333333332
86805,2016-11-27 08:00:00-06,0.4684833333333332,59.46,0.0,4.6,-7999.0,0,226.31099999999998,-7999.0,3.25545,0.488
86815,2016-11-27 09:00:00-06,0.36223333333333324,59.29,0.0,5.36,-7999.0,0,431.381,-7999.0,0.8506333333333331,0.4074
86825,2016-11-27 10:00:00-06,0.42766666666666653,58.0,0.26,5.97,-7999.0,0,607.452,-7999.0,0.2986333333333333,0.33685
86835,2016-11-27 11:00:00-06,0.352,57.28,0.31,5.1,-7999.0,0,527.23,-7999.0,0.34105,0.3384666666666666
86845,2016-11-27 12:00:00-06,0.4634,56.97,0.53,3.65,-7999.0,0,272.806,-7999.0,0.7822333333333331,0.2688666666666666
86855,2016-11-27 13:00:00-06,0.29675,55.37,0.1,5.23,-7999.0,0,849.7689999999999,-7999.0,0.7463166666666666,0.2328333333333333
86865,2016-11-27 14:00:00-06,0.4770666666666666,56.58,0.26,6.25,-7999.0,0,195.921,-7999.0,1.5457,0.2284333333333333
86875,2016-11-27 15:00:00-06,0.5439166666666666,59.89,0.19,9.75,-7999.0,0,587.398,-7999.0,1.9960666666666669,0.27135
86885,2016-11-27 16:00:00-06,1.1045333333333331,63.58,0.15,11.59,-7999.0,0,103.55799999999999,-7999.0,1.66895,0.21573333333333328
86895,2016-11-27 17:00:00-06,0.7517166666666666,67.35,0.31,14.99,1153.08,0,129.83100000000002,-7999.0,2.3331,0.2616
86905,2016-11-27 18:00:00-06,1.4561333333333333,69.2,0.9,12.66,76.2743,0,-1.6982400000000002,-7999.0,1.59745,0.2513166666666666
86915,2016-11-27 19:00:00-06,1.2813666666666668,72.14,0.9,13.67,306.738,0,-3.086,-7999.0,0.7097333333333332,0.20643333333333327
86925,2016-11-27 20:00:00-06,2.529666666666667,72.66,0.9,15.68,1580.5,0,-2.8997900000000003,-7999.0,0.7201333333333332,0.3390166666666666
86935,2016-11-27 21:00:00-06,0.8336166666666666,74.19,0.31,17.2,2230.82,0,-2.71909,-7999.0,0.9840333333333332,0.36883333333333324
86945,2016-11-27 22:00:00-06,0.8763333333333331,73.66,0.31,12.29,-7999.0,0,-2.71948,-7999.0,0.6981666666666666,0.3425666666666666
86955,2016-11-27 23:00:00-06,0.30255,73.18,0.26,13.02,-350.399,0,-2.77053,-7999.0,2.347,0.2723666666666666
86965,2016-11-28 00:00:00-06,0.2277333333333333,71.79,0.62,10.09,953.076,1,-3.39426,-7999.0,0.39721666666666655,0.2421333333333333
86975,2016-11-28 01:00:00-06,0.2345833333333333,70.43,0.21,10.57,-7999.0,1,-2.72039,-7999.0,0.3878333333333333,0.2228
86985,2016-11-28 02:00:00-06,0.22781666666666664,70.0,0.14,10.04,-7999.0,1,-3.01516,-7999.0,0.2695333333333333,0.20898333333333327
86995,2016-11-28 03:00:00-06,0.22206666666666666,69.61,0.2,13.04,-7999.0,1,-2.8515099999999998,-7999.0,0.28665,0.2255833333333333
87005,2016-11-28 04:00:00-06,0.2296,69.79,0.31,11.88,-7999.0,1,-3.1181799999999997,-7999.0,0.2604833333333333,0.4939333333333332
87015,2016-11-28 05:00:00-06,0.4469333333333333,70.35,0.31,13.84,-7999.0,1,-2.72135,-7999.0,0.6614833333333332,0.3546833333333333
87025,2016-11-28 06:00:00-06,0.92625,70.36,0.9,11.53,-7999.0,1,-3.40176,-7999.0,0.42811666666666653,0.75905
87035,2016-11-28 07:00:00-06,0.6279,70.65,0.9,15.13,-7999.0,1,17.4966,-7999.0,0.3975166666666666,0.3267833333333333
87045,2016-11-28 08:00:00-06,0.2335333333333333,70.8,0.0,13.06,-120.43799999999999,1,232.53799999999998,-7999.0,0.4974333333333332,0.3183
87055,2016-11-28 09:00:00-06,0.2283833333333333,71.11,0.0,13.58,609.174,1,446.056,-7999.0,0.5341,0.9850166666666664
87065,2016-11-28 10:00:00-06,0.2423,71.3,0.0,15.61,-1937.97,1,620.116,-7999.0,0.6879833333333332,0.35405
87075,2016-11-28 11:00:00-06,0.3677166666666666,71.71,0.31,15.43,-7999.0,1,811.2439999999999,-7999.0,1.0056666666666665,0.21266666666666664
87085,2016-11-28 12:00:00-06,0.33015,71.35,0.9,11.25,-7999.0,1,719.444,-7999.0,1.4929,0.22455
87095,2016-11-28 13:00:00-06,0.3554666666666666,70.91,0.15,11.97,-118.79,1,273.075,-7999.0,1.6546666666666667,0.22276666666666664
87105,2016-11-28 14:00:00-06,0.2954666666666666,71.04,0.31,11.59,-7999.0,1,290.631,-7999.0,1.885133333333333,0.2165
87115,2016-11-28 15:00:00-06,0.3113,72.36,0.28,13.29,-7999.0,1,307.159,-7999.0,2.3237,0.21928333333333327
87125,2016-11-28 16:00:00-06,0.2872333333333333,73.68,0.03,13.99,-7999.0,1,169.886,-7999.0,2.504033333333333,0.9011833333333332
87135,2016-11-28 17:00:00-06,0.3106166666666666,75.07,0.07,17.05,-7999.0,1,67.4251,-7999.0,2.237883333333333,2.94965
87145,2016-11-28 18:00:00-06,2.2912,76.52,0.06,14.62,-7999.0,1,-1.69259,-7999.0,2.2697,1.2474
87155,2016-11-28 19:00:00-06,0.5764666666666666,77.32,0.06,13.9,-7999.0,1,-2.71788,-7999.0,1.28185,3.6537
87165,2016-11-28 20:00:00-06,0.4489833333333333,77.41,0.0,13.87,-7999.0,1,-2.71854,-7999.0,1.39145,0.5453833333333332
87175,2016-11-28 21:00:00-06,0.2639,76.96,0.0,11.45,191.898,1,-2.71883,-7999.0,1.1366166666666668,0.3857833333333333
87185,2016-11-28 22:00:00-06,0.2778166666666666,76.5,0.0,11.5,-1037.55,1,-2.7194700000000003,-7999.0,0.8551,0.29855
87195,2016-11-28 23:00:00-06,0.2809333333333333,73.53,0.06,8.67,-1501.12,1,-2.71958,-7999.0,0.4717666666666666,0.23415
87205,2016-11-29 00:00:00-06,0.2453833333333333,67.99,0.06,2.96,-1765.38,1,-2.71992,-7999.0,0.41205,0.2286
87215,2016-11-29 01:00:00-06,0.2524,61.37,0.1,3.33,-1556.71,1,-2.76572,-7999.0,0.39711666666666656,0.2325833333333333
87225,2016-11-29 02:00:00-06,0.40791666666666654,57.59,0.06,3.06,607.778,1,-2.78841,-7999.0,0.27315,0.21491666666666664
87235,2016-11-29 03:00:00-06,0.3197666666666666,54.66,0.06,2.05,-7999.0,1,-2.82249,-7999.0,0.2910666666666666,0.21405
87245,2016-11-29 04:00:00-06,0.2583833333333333,53.47,0.06,1.9,1173.86,1,-2.8852,-7999.0,0.26475,0.23465
87255,2016-11-29 05:00:00-06,0.5323833333333332,51.02,0.06,1.95,600.651,1,-2.72129,-7999.0,0.4885166666666666,0.5529833333333332
87265,2016-11-29 06:00:00-06,0.745,52.48,0.06,1.82,-7999.0,1,-3.40165,-7999.0,0.5166,0.7191333333333332
87275,2016-11-29 07:00:00-06,0.2537,49.56,0.06,2.46,838.54,1,20.5573,-7999.0,0.24215,0.9302333333333332
87285,2016-11-29 08:00:00-06,0.2315,49.7,0.06,2.36,-450.44199999999995,1,200.642,-7999.0,0.2534166666666666,0.9206
87295,2016-11-29 09:00:00-06,0.22731666666666664,50.17,0.06,2.1,386.267,1,436.949,-7999.0,0.2450333333333333,0.19841666666666666
87305,2016-11-29 10:00:00-06,0.2311,50.05,0.06,5.71,-508.13599999999997,1,533.722,-7999.0,0.21673333333333328,0.20838333333333328
87315,2016-11-29 11:00:00-06,0.3577166666666666,50.32,0.14,6.35,-1402.84,1,751.9680000000001,-7999.0,0.3006,0.19636666666666666
87325,2016-11-29 12:00:00-06,0.41475,53.17,0.75,4.0,384.858,1,787.7310000000001,-7999.0,0.4984833333333332,0.19185
87335,2016-11-29 13:00:00-06,0.3548833333333333,54.72,0.15,4.14,-7999.0,1,768.551,-7999.0,0.8575333333333331,0.19856666666666664
87345,2016-11-29 14:00:00-06,0.25055,55.87,0.22,3.87,-7999.0,1,681.668,-7999.0,1.4089666666666667,0.29835
87355,2016-11-29 15:00:00-06,0.23016666666666666,59.33,0.25,3.3,-7999.0,1,530.565,-7999.0,1.207466666666667,1.7855833333333333
87365,2016-11-29 16:00:00-06,0.2914,63.78,0.24,3.56,-7999.0,1,334.082,-7999.0,2.2325,0.75265
87375,2016-11-29 17:00:00-06,0.6328166666666666,70.31,0.27,6.38,-7999.0,1,125.95200000000001,-7999.0,1.9918333333333331,0.7849833333333331
87385,2016-11-29 18:00:00-06,0.4808833333333332,73.05,0.09,6.36,1372.93,1,-2.37633,-7999.0,1.8966,0.25275
87395,2016-11-29 19:00:00-06,0.6238833333333332,76.12,0.07,6.81,-7999.0,1,-2.71685,-7999.0,1.12105,0.3554666666666666
87405,2016-11-29 20:00:00-06,1.2492,76.86,0.07,4.71,-7999.0,1,-2.71766,-7999.0,1.2835833333333333,0.2892166666666666
87415,2016-11-29 21:00:00-06,0.9137333333333332,77.28,0.06,5.08,1008.91,1,-2.71845,-7999.0,1.25005,0.3835833333333333
87425,2016-11-29 22:00:00-06,1.17795,76.42,0.06,7.02,-7999.0,1,-2.7185900000000003,-7999.0,1.0528666666666668,0.4312833333333333
87435,2016-11-29 23:00:00-06,0.6337,72.72,0.06,5.96,-7999.0,1,-2.71907,-7999.0,0.42585,0.2731666666666666
87445,2016-11-30 00:00:00-06,0.5938833333333332,65.99,0.06,3.91,-7999.0,1,-2.73081,-7999.0,0.2590333333333333,0.2649666666666666
87455,2016-11-30 01:00:00-06,0.5416166666666666,61.94,0.06,4.6,-7999.0,1,-2.71948,-7999.0,0.4325833333333333,0.2695
87465,2016-11-30 02:00:00-06,0.5272166666666666,59.44,0.06,4.34,-7999.0,1,-2.7197,-7999.0,0.41025,0.2600666666666666
87475,2016-11-30 03:00:00-06,0.5080833333333332,59.43,0.06,5.16,1731.8,1,-2.7199400000000002,-7999.0,0.2735666666666666,0.2554833333333333
87485,2016-11-30 04:00:00-06,0.5289666666666666,56.49,0.06,6.84,-1539.6,1,-2.7199400000000002,-7999.0,0.2988166666666666,0.2616166666666666
87495,2016-11-30 05:00:00-06,0.7761,56.47,0.06,5.74,-770.9689999999999,1,-2.65765,-7999.0,0.52895,0.2644666666666666
87505,2016-11-30 06:00:00-06,0.8075,55.97,0.0,6.37,-7999.0,1,-3.01462,-7999.0,0.7802166666666666,0.6182666666666666
87515,2016-11-30 07:00:00-06,0.38895,55.21,0.0,5.59,1502.75,1,24.5361,-7999.0,0.38066666666666654,0.4915666666666666
87525,2016-11-30 08:00:00-06,0.3324,54.4,0.02,6.64,1836.76,1,216.93900000000002,-7999.0,0.5372833333333332,0.5438333333333332
87535,2016-11-30 09:00:00-06,0.2803,52.99,0.0,6.65,593.466,1,317.37,-7999.0,0.4377666666666665,0.6968666666666666
87545,2016-11-30 10:00:00-06,0.2759833333333333,52.62,0.02,6.92,-1501.35,1,728.5419999999999,-7999.0,0.6413,0.30735
87555,2016-11-30 11:00:00-06,0.2568833333333333,51.23,0.07,6.31,-7999.0,1,360.024,-7999.0,0.76115,0.3284166666666666
87565,2016-11-30 12:00:00-06,0.3022166666666666,51.15,0.07,5.28,-7999.0,1,898.414,-7999.0,0.7944666666666667,0.6476
87575,2016-11-30 13:00:00-06,0.4138333333333333,50.57,0.13,8.35,-933.0,1,797.931,-7999.0,1.5630166666666667,0.2316
87585,2016-11-30 14:00:00-06,0.5194,52.78,0.27,10.57,-694.405,1,580.061,-7999.0,1.5597833333333333,0.21653333333333327
87595,2016-11-30 15:00:00-06,0.4027833333333333,55.34,0.06,12.44,-7999.0,1,582.457,-7999.0,1.7221333333333333,0.20801666666666666
87605,2016-11-30 16:00:00-06,0.3974666666666665,58.07,0.06,12.9,-301.573,1,383.051,-7999.0,2.1601833333333333,0.35565
87615,2016-11-30 17:00:00-06,0.2147,60.42,0.0,12.63,1991.01,1,147.24200000000002,-7999.0,2.0297666666666667,0.2874333333333333
87625,2016-11-30 18:00:00-06,0.7423166666666666,62.21,0.0,9.26,-7999.0,1,-1.78795,-7999.0,1.7311333333333332,0.19476666666666664
87635,2016-11-30 19:00:00-06,1.0771333333333333,63.79,0.0,8.6,350.80800000000005,1,-2.71686,-7999.0,1.09205,0.19835
87645,2016-11-30 20:00:00-06,1.0232666666666668,64.7,0.0,9.47,343.144,1,-2.71772,-7999.0,1.2190833333333333,0.3375666666666666
87655,2016-11-30 21:00:00-06,0.9437833333333332,65.35,0.0,6.79,-1060.01,1,-2.71817,-7999.0,0.9656166666666663,0.53365
87665,2016-11-30 22:00:00-06,0.5500166666666666,64.3,0.0,7.35,-7999.0,1,-2.71855,-7999.0,0.8786166666666666,0.2612166666666666
87675,2016-11-30 23:00:00-06,0.5480166666666666,60.8,0.0,5.96,-7999.0,1,-2.71875,-7999.0,0.6362333333333332,0.2719833333333333
87685,2016-12-01 00:00:00-06,0.5446833333333332,55.56,0.0,2.1,-7999.0,1,-2.71875,-7999.0,0.61685,0.24835
87695,2016-12-01 01:00:00-06,0.5230333333333332,50.65,0.0,3.73,1406.84,1,-2.71875,-7999.0,0.6053166666666666,0.2469666666666666
87705,2016-12-01 02:00:00-06,0.50585,46.92,0.0,2.24,-7999.0,1,-2.7191,-7999.0,0.43066666666666653,0.2613166666666666
87715,2016-12-01 03:00:00-06,0.5085166666666666,45.35,0.0,2.34,914.7330000000001,1,-2.7192,-7999.0,0.5352166666666666,0.2506333333333333
87725,2016-12-01 04:00:00-06,0.5464333333333332,43.49,0.0,2.1,-7999.0,1,-2.71936,-7999.0,0.5304833333333332,0.3069666666666666
87735,2016-12-01 05:00:00-06,0.9130333333333333,42.69,0.0,2.74,1185.87,1,-2.71965,-7999.0,0.779833333333333,0.2921166666666666
87745,2016-12-01 06:00:00-06,0.9478666666666664,42.11,0.0,1.52,261.664,1,-3.28059,-7999.0,1.1741166666666667,0.3079666666666666
87755,2016-12-01 07:00:00-06,0.40741666666666654,40.67,0.0,2.71,-7999.0,1,14.2046,-7999.0,0.6128333333333332,0.9880166666666664
87765,2016-12-01 08:00:00-06,0.2748833333333333,39.7,0.0,0.88,-7999.0,1,207.735,-7999.0,0.63885,0.581
87775,2016-12-01 09:00:00-06,0.2073,38.85,0.0,0.89,1281.59,1,380.505,-7999.0,0.4557166666666666,1.894
87785,2016-12-01 10:00:00-06,0.19505,38.76,0.0,0.56,-7999.0,1,379.77,-7999.0,0.6006,0.9395666666666664
87795,2016-12-01 11:00:00-06,0.20181666666666664,38.51,0.0,1.78,-7999.0,1,459.415,-7999.0,0.4738,1.1181333333333332
87805,2016-12-01 12:00:00-06,0.21528333333333327,38.76,0.0,1.89,-7999.0,1,489.964,-7999.0,1.13205,0.7093
87815,2016-12-01 13:00:00-06,0.20591666666666664,37.42,0.06,3.65,-7999.0,1,372.11800000000005,-7999.0,1.2266666666666668,0.8553
87825,2016-12-01 14:00:00-06,0.21673333333333328,41.13,0.06,3.93,497.173,1,765.8760000000001,-7999.0,1.5787166666666668,0.24155
87835,2016-12-01 15:00:00-06,0.22506666666666664,50.3,0.06,4.86,1360.51,1,180.86,-7999.0,1.73965,0.3130666666666666
87845,2016-12-01 16:00:00-06,0.38315,56.2,0.06,6.26,409.73699999999997,1,348.80800000000005,-7999.0,2.2084,0.2587166666666666
87855,2016-12-01 17:00:00-06,0.5484833333333332,60.44,0.06,8.18,-461.332,1,103.229,-7999.0,2.9424,0.22388333333333327
87865,2016-12-01 18:00:00-06,0.51685,63.04,0.06,9.46,-951.086,1,-2.14474,-7999.0,2.061516666666667,0.2315333333333333
87875,2016-12-01 19:00:00-06,0.49285,65.05,0.08,8.33,-1267.31,1,-2.71697,-7999.0,1.1396833333333332,0.7776666666666666
87885,2016-12-01 20:00:00-06,0.8034333333333331,66.57,0.06,10.0,606.989,1,-2.71779,-7999.0,0.95325,0.72975
87895,2016-12-01 21:00:00-06,0.769683333333333,67.18,0.06,8.68,-41.0294,1,-2.7181900000000003,-7999.0,0.7405333333333332,0.8346
87905,2016-12-01 22:00:00-06,0.5246333333333332,66.22,0.06,8.81,-7999.0,1,-2.7187,-7999.0,0.6676666666666666,0.3633
87915,2016-12-01 23:00:00-06,0.49935,63.49,0.06,6.65,-7999.0,1,-2.62246,-7999.0,0.6236,0.2728833333333333
87925,2016-12-02 00:00:00-06,0.4834333333333332,59.48,0.0,5.53,-319.754,1,-2.6111299999999997,-7999.0,0.6197166666666666,0.2595333333333333
87935,2016-12-02 01:00:00-06,0.4966,56.54,0.1,4.5,1275.61,1,-2.71896,-7999.0,0.6147333333333332,0.25325
87945,2016-12-02 02:00:00-06,0.4655333333333332,55.24,0.06,4.33,199.63,1,-2.71958,-7999.0,0.4525833333333333,0.31065
87955,2016-12-02 03:00:00-06,0.5074833333333332,54.17,0.08,5.44,-839.803,1,-2.7196599999999997,-7999.0,0.5946166666666666,0.27295
87965,2016-12-02 04:00:00-06,0.53375,52.09,0.08,5.39,-7999.0,1,-3.38285,-7999.0,0.5080333333333332,0.2503166666666666
87975,2016-12-02 05:00:00-06,1.0554333333333332,50.76,0.09,3.91,-7999.0,1,-2.72015,-7999.0,0.8191666666666666,0.5039166666666666
87985,2016-12-02 06:00:00-06,1.2083166666666667,51.11,0.08,3.3,-7999.0,1,-2.73737,-7999.0,0.7625166666666666,0.3725
87995,2016-12-02 07:00:00-06,0.5924,49.91,0.09,3.7,-7999.0,1,7.66736,-7999.0,0.5221833333333332,0.3364
88005,2016-12-02 08:00:00-06,0.3047166666666666,50.05,0.05,2.48,-7999.0,1,95.2647,-7999.0,0.33905,0.41345
88015,2016-12-02 09:00:00-06,0.3544333333333333,50.44,0.0,4.59,-7999.0,1,565.385,-7999.0,0.3648833333333332,0.6828833333333332
88025,2016-12-02 10:00:00-06,0.3244833333333333,50.5,0.15,3.16,-7999.0,1,395.849,-7999.0,0.4986333333333332,1.2120833333333332
88035,2016-12-02 11:00:00-06,0.3065166666666666,50.46,0.27,3.51,897.6510000000001,1,251.396,-7999.0,0.39461666666666656,2.39545
88045,2016-12-02 12:00:00-06,0.37615,52.18,0.82,3.35,1441.75,1,815.5830000000001,-7999.0,0.5465166666666667,0.3425833333333333
88055,2016-12-02 13:00:00-06,0.4835,52.34,0.82,4.77,-7999.0,1,211.233,-7999.0,0.3468333333333333,0.5537666666666666
88065,2016-12-02 14:00:00-06,0.74255,53.79,0.31,5.82,-7999.0,1,285.058,-7999.0,0.4823666666666666,0.5772
88075,2016-12-02 15:00:00-06,0.44205,55.47,0.31,7.18,122.59299999999999,1,574.643,-7999.0,0.3658666666666666,0.23895
88085,2016-12-02 16:00:00-06,0.4978333333333332,58.71,0.16,9.91,88.0463,1,82.9377,-7999.0,0.6010666666666666,0.21621666666666664
88095,2016-12-02 17:00:00-06,0.7606666666666666,61.69,0.03,9.8,56.2528,1,111.665,-7999.0,0.6482833333333332,0.2620333333333333
88105,2016-12-02 18:00:00-06,1.77995,63.16,0.53,8.14,-1.18455,1,-2.3776900000000003,-7999.0,0.5559666666666666,0.2764
88115,2016-12-02 19:00:00-06,2.041533333333333,61.68,0.0,7.52,-1.53049,1,-2.71785,-7999.0,0.6358,0.4856333333333332
88125,2016-12-02 20:00:00-06,1.3075,60.47,0.0,7.47,-1.53641,1,-2.71825,-7999.0,1.4158166666666667,0.2959333333333333
88135,2016-12-02 21:00:00-06,0.7455,60.19,0.0,10.41,-1.7008299999999998,1,-2.71873,-7999.0,2.750116666666667,0.35075
88145,2016-12-02 22:00:00-06,0.59825,59.54,0.0,9.68,-1.63847,1,-2.71875,-7999.0,1.6424166666666669,0.3417
88155,2016-12-02 23:00:00-06,0.5470166666666666,58.64,0.0,8.37,-1.11123,1,-2.71922,-7999.0,0.4896833333333332,0.2988
88165,2016-12-03 00:00:00-06,0.57705,56.27,1.0,5.59,-1.58185,0,-2.71963,-7999.0,0.3193333333333333,0.2887833333333333
88175,2016-12-03 01:00:00-06,0.5742166666666666,54.41,1.0,10.37,-1.6612799999999999,0,-2.7196599999999997,-7999.0,0.41301666666666653,0.2648833333333333
88185,2016-12-03 02:00:00-06,0.5444166666666665,52.26,0.31,7.95,-1.6726299999999998,0,-2.71978,-7999.0,0.3198,0.2844833333333333
88195,2016-12-03 03:00:00-06,0.5907833333333332,51.99,0.31,10.5,-1.02065,0,-2.72012,-7999.0,0.2576166666666666,0.2594833333333333
88205,2016-12-03 04:00:00-06,0.6342166666666667,51.71,0.31,7.42,-1.49128,0,-2.85633,-7999.0,0.2772333333333333,0.2397666666666666
88215,2016-12-03 05:00:00-06,0.6482833333333332,50.94,0.31,7.31,-1.70112,0,-2.72058,-7999.0,0.5014,0.23785
88225,2016-12-03 06:00:00-06,0.6679166666666666,50.75,1.0,9.4,-1.7010299999999998,0,-3.4007300000000003,-7999.0,0.4481833333333333,0.2813666666666666
88235,2016-12-03 07:00:00-06,0.8813666666666666,50.48,1.0,9.42,0.5442739999999999,0,4.56264,-7999.0,0.22685,0.4585
88245,2016-12-03 08:00:00-06,0.9024166666666666,50.62,1.0,10.02,29.4178,0,162.514,-7999.0,0.20005,0.4201333333333333
88255,2016-12-03 09:00:00-06,0.7508,50.23,1.0,10.15,204.94400000000002,0,406.577,-7999.0,0.20293333333333327,0.38501666666666656
88265,2016-12-03 10:00:00-06,0.4816666666666666,49.63,1.0,12.91,149.125,0,608.845,-7999.0,0.2497333333333333,1.1110833333333332
88275,2016-12-03 11:00:00-06,0.5,49.27,1.0,13.07,370.67800000000005,0,582.155,-7999.0,0.31105,0.7819333333333331
88285,2016-12-03 12:00:00-06,0.6114,48.91,1.0,8.97,162.83,0,893.132,-7999.0,0.2888333333333333,0.3468
88295,2016-12-03 13:00:00-06,0.5200666666666666,48.88,1.0,9.49,183.425,0,786.118,-7999.0,0.2851833333333333,0.2650833333333333
88305,2016-12-03 14:00:00-06,0.3098333333333333,48.79,1.0,11.28,151.585,0,741.607,-7999.0,0.2296,0.5983333333333332
88315,2016-12-03 15:00:00-06,0.2965,49.43,1.0,8.02,41.0278,0,129.886,-7999.0,0.37896666666666656,0.5161166666666666
88325,2016-12-03 16:00:00-06,0.3141166666666666,49.76,1.0,9.25,50.3558,0,129.961,-7999.0,0.5957,0.46485
88335,2016-12-03 17:00:00-06,0.9192333333333332,50.0,1.0,10.75,1.17846,0,34.4638,-7999.0,0.4890333333333332,0.5412333333333332
88345,2016-12-03 18:00:00-06,1.20945,50.81,1.0,7.71,-3.15224,0,-2.37805,-7999.0,0.4618833333333332,1.0731833333333332
88355,2016-12-03 19:00:00-06,0.9322166666666664,50.8,1.0,7.81,-1.8377299999999999,0,-2.54835,-7999.0,0.738,0.9613666666666664
88365,2016-12-03 20:00:00-06,0.6366166666666666,50.92,0.31,10.06,-1.11199,0,-2.5034799999999997,-7999.0,0.6948666666666666,2.478966666666667
88375,2016-12-03 21:00:00-06,0.6151333333333332,51.29,0.31,8.88,-1.48689,0,-2.42423,-7999.0,0.60305,1.4197666666666668
88385,2016-12-03 22:00:00-06,0.6282166666666666,51.22,0.31,6.77,-1.20889,0,-2.7192,838.8580000000001,0.39925,0.2515666666666666
88395,2016-12-03 23:00:00-06,0.7594333333333331,50.82,0.31,4.89,-1.02177,0,-2.71955,-7999.0,0.3220666666666666,0.2825333333333333
88405,2016-12-04 00:00:00-06,0.6310833333333332,50.54,1.0,7.98,-1.02188,0,-2.6063400000000003,-7999.0,0.3464333333333333,0.30705
88415,2016-12-04 01:00:00-06,0.63875,50.46,1.0,4.33,-1.02181,0,-2.7196599999999997,-7999.0,0.3197333333333333,0.2595833333333333
88425,2016-12-04 02:00:00-06,0.6202166666666666,50.7,1.0,10.01,-1.02167,0,-2.71977,-7999.0,0.3183833333333333,0.2445
88435,2016-12-04 03:00:00-06,0.60375,50.19,1.0,9.29,-1.02154,0,-2.65212,-7999.0,0.3364,0.2442333333333333
88445,2016-12-04 04:00:00-06,0.6023333333333332,50.3,1.0,7.18,-1.7763400000000003,0,-2.60112,-7999.0,0.31765,0.24555
88455,2016-12-04 05:00:00-06,0.6732166666666666,50.38,1.0,6.17,-1.0217100000000001,0,-2.68047,-7999.0,0.5569166666666666,0.3003833333333333
88465,2016-12-04 06:00:00-06,0.6409666666666666,49.65,1.0,7.55,-1.70313,0,-3.32082,-7999.0,0.3813166666666665,0.34975
88475,2016-12-04 07:00:00-06,0.6141666666666666,49.88,1.0,6.94,-1.96428,0,19.0759,-7999.0,0.6163,0.32675
88485,2016-12-04 08:00:00-06,0.5313333333333332,50.04,1.0,7.85,9.46508,0,79.577,-7999.0,0.8961833333333331,0.4684833333333332
88495,2016-12-04 09:00:00-06,0.6356,49.97,1.0,9.1,39.7958,0,195.50400000000002,-7999.0,0.7362833333333332,0.36223333333333324
88505,2016-12-04 10:00:00-06,1.17385,50.23,1.0,9.77,42.9051,0,340.131,-7999.0,0.3490833333333333,0.42766666666666653
88515,2016-12-04 11:00:00-06,0.3981,50.28,1.0,8.2,42.1611,0,757.908,-7999.0,0.3012666666666666,0.352
88525,2016-12-04 12:00:00-06,0.3066833333333333,50.16,1.0,6.67,93.3974,0,697.8919999999999,-7999.0,0.3546166666666666,0.4634
88535,2016-12-04 13:00:00-06,0.38675,49.68,1.0,8.61,77.2111,0,366.45,-7999.0,0.3197666666666666,0.29675
88545,2016-12-04 14:00:00-06,0.48105,50.34,1.0,9.38,67.6057,0,687.7139999999999,-7999.0,0.2973833333333333,0.4770666666666666
88555,2016-12-04 15:00:00-06,0.8960666666666666,50.4,1.0,9.61,44.7565,0,608.721,-7999.0,0.3378,0.5439166666666666
88565,2016-12-04 16:00:00-06,3.141016666666667,50.28,1.0,8.44,5.04298,0,103.955,-7999.0,0.50595,1.1045333333333331
88575,2016-12-04 17:00:00-06,1.6635,50.07,0.31,8.88,1.03926,0,52.4009,1153.08,1.3137666666666667,0.7517166666666666
88585,2016-12-04 18:00:00-06,1.52965,50.69,0.58,10.45,-1.4368,0,-2.3780799999999997,76.2743,1.029283333333333,1.4561333333333333
88595,2016-12-04 19:00:00-06,1.55225,51.67,0.31,11.56,-1.52766,0,-2.37866,306.738,0.7896166666666666,1.2813666666666668
88605,2016-12-04 20:00:00-06,1.308633333333333,51.44,0.31,11.01,-1.62988,0,-2.6960900000000003,1580.5,0.2521333333333333,2.529666666666667
88615,2016-12-04 21:00:00-06,1.454783333333333,51.64,0.31,13.2,-1.53334,0,-2.38457,2230.82,0.2918666666666666,0.8336166666666666
88625,2016-12-04 22:00:00-06,1.0077166666666664,51.34,0.31,12.82,-1.04494,0,-2.54901,-7999.0,0.25265,0.8763333333333331
88635,2016-12-04 23:00:00-06,1.0876333333333332,50.8,0.31,10.96,-1.02224,0,-2.58334,-350.399,0.2452333333333333,0.30255
88645,2016-12-05 00:00:00-06,0.6596833333333332,50.44,1.0,8.29,-1.02229,1,-2.7196599999999997,953.076,0.2466,0.2277333333333333
88655,2016-12-05 01:00:00-06,0.64065,50.16,1.0,10.2,-1.02241,1,-2.7196599999999997,-7999.0,0.2324833333333333,0.2345833333333333
88665,2016-12-05 02:00:00-06,0.7390833333333331,49.29,1.0,6.95,-1.02253,1,-2.7196599999999997,-7999.0,0.2649166666666666,0.22781666666666664
88675,2016-12-05 03:00:00-06,0.6866333333333332,48.71,1.0,7.76,-1.02244,1,-2.72011,-7999.0,0.24145,0.22206666666666666
88685,2016-12-05 04:00:00-06,0.65395,48.55,1.0,6.89,-0.74976,1,-2.7202599999999997,-7999.0,0.2368,0.2296
88695,2016-12-05 05:00:00-06,0.9153666666666666,48.41,1.0,7.53,-0.675892,1,-2.72056,-7999.0,0.2407,0.4469333333333333
88705,2016-12-05 06:00:00-06,1.2283333333333333,48.18,1.0,7.55,-0.885935,1,-3.4007300000000003,-7999.0,0.2467,0.92625
88715,2016-12-05 07:00:00-06,0.36865,48.38,1.0,10.02,-0.749633,1,16.4992,-7999.0,0.2349333333333333,0.6279
88725,2016-12-05 08:00:00-06,0.3254666666666666,48.34,1.0,10.48,42.9279,1,257.517,-120.43799999999999,0.23735,0.2335333333333333
88735,2016-12-05 09:00:00-06,0.3752833333333333,48.19,0.31,9.17,101.348,1,490.87,609.174,0.2658,0.2283833333333333
88745,2016-12-05 10:00:00-06,0.3613666666666666,47.86,0.31,8.32,72.8394,1,318.027,-1937.97,0.2325333333333333,0.2423
88755,2016-12-05 11:00:00-06,0.3544833333333333,47.63,0.31,8.47,245.56,1,332.06800000000004,-7999.0,0.22966666666666666,0.3677166666666666
88765,2016-12-05 12:00:00-06,0.3805333333333333,47.58,1.0,6.94,332.668,1,291.64599999999996,-7999.0,0.2391333333333333,0.33015
88775,2016-12-05 13:00:00-06,0.2766666666666666,47.58,1.0,8.72,399.805,1,333.806,-118.79,0.2275833333333333,0.3554666666666666
88785,2016-12-05 14:00:00-06,0.40946666666666653,47.46,1.0,5.65,309.217,1,390.88199999999995,-7999.0,0.30955,0.2954666666666666
88795,2016-12-05 15:00:00-06,0.38835,47.89,1.0,4.26,494.772,1,161.982,-7999.0,0.36815,0.3113
88805,2016-12-05 16:00:00-06,0.33325,48.86,1.0,6.45,306.57,1,137.166,-7999.0,0.6851833333333333,0.2872333333333333
88815,2016-12-05 17:00:00-06,1.06255,49.62,1.0,6.85,101.103,1,58.7545,-7999.0,0.5393333333333332,0.3106166666666666
88825,2016-12-05 18:00:00-06,1.317516666666667,50.07,1.0,6.03,-2.0712200000000003,1,-1.9714,-7999.0,1.0677166666666669,2.2912
88835,2016-12-05 19:00:00-06,1.13285,50.22,1.0,5.05,-2.36712,1,-2.50965,-7999.0,1.3164166666666668,0.5764666666666666
88845,2016-12-05 20:00:00-06,1.0771,50.89,1.0,4.63,-2.07789,1,-2.71926,-7999.0,0.5675333333333332,0.4489833333333333
88855,2016-12-05 21:00:00-06,0.8193166666666666,51.44,1.0,1.59,-2.03851,1,-2.71961,191.898,0.42361666666666653,0.2639
88865,2016-12-05 22:00:00-06,0.6610333333333333,51.53,1.0,3.23,-2.2205,1,-2.71979,-1037.55,0.2917666666666666,0.2778166666666666
88875,2016-12-05 23:00:00-06,0.6419833333333332,50.98,1.0,3.27,-2.38519,1,-2.72018,-1501.12,0.2656166666666666,0.2809333333333333
88885,2016-12-06 00:00:00-06,0.6738833333333332,50.6,1.0,2.28,-2.25458,1,-2.38016,-1765.38,0.2719166666666666,0.2453833333333333
88895,2016-12-06 01:00:00-06,0.72515,51.0,1.0,3.74,-2.03335,1,-2.52756,-1556.71,0.2664333333333333,0.2524
88905,2016-12-06 02:00:00-06,0.6858333333333332,50.78,0.21,3.83,-2.04503,1,-2.38053,607.778,0.2668666666666666,0.40791666666666654
88915,2016-12-06 03:00:00-06,0.6802666666666666,49.72,0.26,3.73,-2.04514,1,-2.38056,-7999.0,0.2885333333333333,0.3197666666666666
88925,2016-12-06 04:00:00-06,0.6837333333333332,48.3,0.2,2.79,-2.04515,1,-2.72064,1173.86,0.2508166666666666,0.2583833333333333
88935,2016-12-06 05:00:00-06,0.9899166666666664,48.01,0.23,4.26,-2.04515,1,-2.72064,600.651,0.5648666666666666,0.5323833333333332
88945,2016-12-06 06:00:00-06,1.0026166666666665,47.04,0.07,3.27,-2.20989,1,-2.7208900000000003,-7999.0,0.7276166666666665,0.745
88955,2016-12-06 07:00:00-06,0.5493,46.01,0.07,4.92,0.2386,1,5.74736,838.54,0.3390166666666666,0.2537
88965,2016-12-06 08:00:00-06,0.3655666666666666,45.18,0.09,5.87,143.637,1,95.9254,-450.44199999999995,0.2600833333333333,0.2315
88975,2016-12-06 09:00:00-06,0.32,45.34,0.1,4.2,352.495,1,241.785,386.267,0.20745,0.22731666666666664
88985,2016-12-06 10:00:00-06,0.19331666666666664,45.79,0.0,6.18,528.937,1,662.7389999999999,-508.13599999999997,0.21013333333333328,0.2311
88995,2016-12-06 11:00:00-06,0.2035,46.08,0.0,7.54,655.25,1,734.081,-1402.84,0.1989,0.3577166666666666
89005,2016-12-06 12:00:00-06,0.3148,46.16,0.0,3.65,712.572,1,810.041,384.858,0.20968333333333328,0.41475
89015,2016-12-06 13:00:00-06,0.4618333333333332,46.85,0.0,4.06,707.7510000000001,1,291.526,-7999.0,0.19073333333333328,0.3548833333333333
89025,2016-12-06 14:00:00-06,0.39886666666666654,49.3,0.0,5.79,609.03,1,363.972,-7999.0,0.1884,0.25055
89035,2016-12-06 15:00:00-06,0.2867833333333333,53.89,0.06,10.27,417.43300000000005,1,529.255,-7999.0,0.21823333333333328,0.23016666666666666
89045,2016-12-06 16:00:00-06,0.3135833333333333,55.74,0.07,13.86,259.214,1,319.531,-7999.0,0.28825,0.2914
89055,2016-12-06 17:00:00-06,0.8865666666666666,56.19,0.07,11.73,143.817,1,109.91799999999999,-7999.0,0.3945833333333333,0.6328166666666666
89065,2016-12-06 18:00:00-06,0.9227,54.63,0.56,10.36,-2.64665,1,-2.40211,1372.93,0.55505,0.4808833333333332
89075,2016-12-06 19:00:00-06,1.92485,54.01,0.16,10.89,-2.55132,1,-2.71961,-7999.0,0.5779333333333332,0.6238833333333332
89085,2016-12-06 20:00:00-06,1.7718,53.51,0.31,10.73,-2.48965,1,-2.72001,-7999.0,0.5405666666666666,1.2492
89095,2016-12-06 21:00:00-06,1.355,53.83,0.31,8.78,-2.38246,1,-2.7204099999999998,1008.91,0.4416333333333333,0.9137333333333332
89105,2016-12-06 22:00:00-06,0.6578,53.26,0.31,8.09,-2.37724,1,-2.38041,-7999.0,0.2474833333333333,1.17795
89115,2016-12-06 23:00:00-06,0.3629,52.21,0.31,9.15,-2.29834,1,-2.38041,-7999.0,0.2385833333333333,0.6337
89125,2016-12-07 00:00:00-06,0.4347,51.1,1.0,7.55,-2.11117,1,-2.72047,-7999.0,0.2436833333333333,0.5938833333333332
89135,2016-12-07 01:00:00-06,0.5825166666666666,50.02,0.31,7.25,-1.0215299999999998,1,-2.72067,-7999.0,0.2413,0.5416166666666666
89145,2016-12-07 02:00:00-06,0.3825333333333333,48.35,0.11,5.81,-1.02169,1,-2.38081,-7999.0,0.2216833333333333,0.5272166666666666
89155,2016-12-07 03:00:00-06,0.43496666666666656,46.49,0.26,5.99,-1.02185,1,-2.72093,1731.8,0.3638,0.5080833333333332
89165,2016-12-07 04:00:00-06,0.5553666666666666,44.95,0.13,5.5,-1.02188,1,-2.72107,-1539.6,0.4785166666666666,0.5289666666666666
89175,2016-12-07 05:00:00-06,1.0074,44.36,0.23,2.92,-1.02188,1,-2.38118,-770.9689999999999,0.3387833333333333,0.7761
89185,2016-12-07 06:00:00-06,1.0753333333333333,43.69,0.27,1.25,-1.07865,1,-2.7210099999999997,-7999.0,0.56785,0.8075
89195,2016-12-07 07:00:00-06,0.52555,42.66,0.02,4.35,-0.33495,1,-2.31313,1502.75,0.23026666666666665,0.38895
89205,2016-12-07 08:00:00-06,0.3646166666666666,41.52,0.02,4.67,30.2249,1,2.42167,1836.76,0.23051666666666665,0.3324
89215,2016-12-07 09:00:00-06,0.37466666666666654,40.67,0.03,4.22,55.1985,1,22.352,593.466,0.3382166666666666,0.2803
89225,2016-12-07 10:00:00-06,0.40951666666666653,40.73,0.01,4.65,244.13,1,86.385,-1501.35,0.44801666666666656,0.2759833333333333
89235,2016-12-07 11:00:00-06,0.4752,39.56,0.0,1.25,173.205,1,193.687,-7999.0,0.3008833333333333,0.2568833333333333
89245,2016-12-07 12:00:00-06,0.4215833333333333,40.33,0.05,1.47,92.8545,1,178.96599999999998,-7999.0,0.3102833333333333,0.3022166666666666
89255,2016-12-07 13:00:00-06,0.3990166666666666,39.19,0.09,3.41,158.857,1,101.706,-933.0,0.2803,0.4138333333333333
89265,2016-12-07 14:00:00-06,0.2738333333333333,41.77,0.13,0.18,405.94599999999997,1,84.3462,-694.405,0.2845333333333333,0.5194
89275,2016-12-07 15:00:00-06,0.2657666666666666,46.09,0.25,3.63,215.40400000000002,1,93.6853,-7999.0,0.3224833333333333,0.4027833333333333
89285,2016-12-07 16:00:00-06,0.4392333333333333,47.32,0.25,2.83,284.161,1,124.67299999999999,-301.573,0.4941666666666666,0.3974666666666665
89295,2016-12-07 17:00:00-06,0.7754666666666666,49.09,0.25,6.23,61.7695,1,63.74,1991.01,1.11955,0.2147
89305,2016-12-07 18:00:00-06,2.5022,51.03,1.0,5.34,-1.70092,1,-2.3077,-7999.0,3.206516666666667,0.7423166666666666
89315,2016-12-07 19:00:00-06,2.294016666666667,52.04,1.0,2.1,-1.8601,1,-2.6652400000000003,350.80800000000005,0.2934,1.0771333333333333
89325,2016-12-07 20:00:00-06,1.1359666666666668,53.83,1.0,4.29,-1.19098,1,-2.69962,343.144,0.2890666666666666,1.0232666666666668
89335,2016-12-07 21:00:00-06,1.0562,54.85,1.0,2.8,-1.70185,1,-2.71097,-1060.01,0.5493166666666666,0.9437833333333332
89345,2016-12-07 22:00:00-06,0.9303166666666663,55.04,0.14,4.45,-1.22558,1,-2.5238099999999997,-7999.0,0.70515,0.5500166666666666
89355,2016-12-07 23:00:00-06,0.39076666666666654,54.63,0.31,3.7,-1.0215100000000001,1,-2.53518,-7999.0,0.4292333333333333,0.5480166666666666
89365,2016-12-08 00:00:00-06,0.3434833333333333,53.54,1.0,4.1,-1.0215299999999998,1,-2.38207,-7999.0,0.3578166666666666,0.5446833333333332
89375,2016-12-08 01:00:00-06,0.5075666666666666,53.34,1.0,7.15,-1.0215299999999998,1,-2.38204,1406.84,0.3315833333333333,0.5230333333333332
89385,2016-12-08 02:00:00-06,0.3766833333333333,52.98,1.0,9.24,-1.0215299999999998,1,-2.38206,-7999.0,0.31585,0.50585
89395,2016-12-08 03:00:00-06,0.3506166666666666,52.54,1.0,9.21,-1.47555,1,-2.3821,914.7330000000001,0.3290333333333333,0.5085166666666666
89405,2016-12-08 04:00:00-06,0.5809833333333332,51.57,1.0,12.44,-1.19785,1,-2.55225,-7999.0,0.3104833333333333,0.5464333333333332
89415,2016-12-08 05:00:00-06,0.9448166666666664,51.16,1.0,13.6,-1.6917799999999998,1,-2.38206,1185.87,0.57195,0.9130333333333333
89425,2016-12-08 06:00:00-06,1.1294833333333332,50.73,1.0,10.76,-1.52147,1,-2.38206,261.664,0.9877666666666663,0.9478666666666664
89435,2016-12-08 07:00:00-06,0.6222666666666666,50.17,1.0,12.34,-1.72039,1,2.81413,-7999.0,0.6387333333333332,0.40741666666666654
89445,2016-12-08 08:00:00-06,0.4676,49.37,1.0,14.25,25.6344,1,50.668,-7999.0,0.6223833333333332,0.2748833333333333
89455,2016-12-08 09:00:00-06,0.40141666666666653,48.33,1.0,17.95,26.5892,1,112.149,1281.59,0.6771666666666666,0.2073
89465,2016-12-08 10:00:00-06,0.6381666666666665,46.08,0.31,17.56,18.6727,1,163.84900000000002,-7999.0,0.6368333333333333,0.19505
89475,2016-12-08 11:00:00-06,0.65835,44.3,0.31,16.68,21.1658,1,144.91299999999998,-7999.0,0.62155,0.20181666666666664
89485,2016-12-08 12:00:00-06,0.5675833333333332,42.09,1.0,12.95,96.4873,1,142.342,-7999.0,0.6024666666666666,0.21528333333333327
89495,2016-12-08 13:00:00-06,0.5249666666666666,40.58,0.17,17.14,64.581,1,52.4147,-7999.0,0.4073333333333333,0.20591666666666664
89505,2016-12-08 14:00:00-06,0.3853,39.62,0.14,16.64,45.0907,1,50.9174,497.173,0.3367,0.21673333333333328
89515,2016-12-08 15:00:00-06,0.4389333333333333,40.0,0.16,19.31,57.7825,1,222.015,1360.51,0.21101666666666666,0.22506666666666664
89525,2016-12-08 16:00:00-06,1.2808,41.21,0.3,18.86,35.8998,1,96.3888,409.73699999999997,0.3982833333333333,0.38315
89535,2016-12-08 17:00:00-06,1.9069833333333333,40.49,0.26,17.89,13.7662,1,40.8436,-461.332,0.5524166666666666,0.5484833333333332
89545,2016-12-08 18:00:00-06,0.7861333333333331,40.96,0.42,19.74,-0.892383,1,-1.70193,-951.086,0.3786833333333333,0.51685
89555,2016-12-08 19:00:00-06,0.7338666666666664,40.86,0.27,22.19,-1.02326,1,-2.3828400000000003,-1267.31,0.7165,0.49285
89565,2016-12-08 20:00:00-06,1.1033333333333333,40.43,0.13,17.95,-1.68839,1,-2.51896,606.989,1.1018666666666668,0.8034333333333331
89575,2016-12-08 21:00:00-06,1.4867666666666668,40.37,0.3,15.55,-1.9669400000000001,1,-2.72355,-41.0294,1.3036166666666669,0.769683333333333
89585,2016-12-08 22:00:00-06,1.4581166666666667,39.59,0.3,15.11,-1.7054900000000002,1,-2.24146,-7999.0,0.3614666666666666,0.5246333333333332
89595,2016-12-08 23:00:00-06,0.5215333333333332,38.26,0.31,14.03,-1.36436,1,-2.38321,-7999.0,0.3004833333333333,0.49935
89605,2016-12-09 00:00:00-06,0.4249833333333333,37.24,1.0,12.37,-1.0232700000000001,1,-2.7236700000000003,-319.754,0.3015833333333333,0.4834333333333332
89615,2016-12-09 01:00:00-06,0.6292333333333332,37.03,1.0,11.86,-1.37573,1,-2.7240599999999997,1275.61,0.3001666666666666,0.4966
89625,2016-12-09 02:00:00-06,0.51285,36.46,0.31,14.24,-1.0232700000000001,1,-2.7240900000000003,199.63,0.2949333333333333,0.4655333333333332
89635,2016-12-09 03:00:00-06,0.4904333333333332,36.11,0.15,12.96,-1.02895,1,-2.38358,-839.803,0.30155,0.5074833333333332
89645,2016-12-09 04:00:00-06,0.6023833333333332,35.84,0.31,11.07,-1.0232700000000001,1,-1.7025599999999999,-7999.0,0.2916833333333333,0.53375
89655,2016-12-09 05:00:00-06,0.9181833333333332,35.14,0.16,11.71,-1.0232700000000001,1,-2.36655,-7999.0,0.5724333333333332,1.0554333333333332
89665,2016-12-09 06:00:00-06,1.0716666666666668,34.81,0.63,10.37,-1.02328,1,-2.38347,-7999.0,0.8379166666666666,1.2083166666666667
89675,2016-12-09 07:00:00-06,0.7197666666666666,34.5,0.13,10.78,-0.682178,1,1.4753,-7999.0,0.2985833333333333,0.5924
89685,2016-12-09 08:00:00-06,0.47695,33.94,0.1,9.82,15.9464,1,36.2027,-7999.0,0.2612,0.3047166666666666
89695,2016-12-09 09:00:00-06,0.5543333333333332,33.52,0.0,12.62,56.4464,1,166.43200000000002,-7999.0,0.26735,0.3544333333333333
89705,2016-12-09 10:00:00-06,0.5027166666666666,33.21,0.31,10.64,96.9071,1,337.47900000000004,-7999.0,0.3568666666666666,0.3244833333333333
89715,2016-12-09 11:00:00-06,0.4545833333333333,32.99,0.0,9.96,260.762,1,298.746,897.6510000000001,0.285,0.3065166666666666
89725,2016-12-09 12:00:00-06,0.4083833333333333,32.68,0.85,8.43,262.85900000000004,1,411.98800000000006,1441.75,0.2500833333333333,0.37615
89735,2016-12-09 13:00:00-06,0.31315,32.63,0.31,8.68,389.0,1,236.614,-7999.0,0.2544333333333333,0.4835
89745,2016-12-09 14:00:00-06,0.19746666666666665,32.75,0.0,9.09,193.248,1,215.30700000000002,-7999.0,0.2461333333333333,0.74255
89755,2016-12-09 15:00:00-06,0.6745166666666667,33.92,0.0,8.93,152.366,1,156.386,122.59299999999999,0.2319833333333333,0.44205
89765,2016-12-09 16:00:00-06,0.7640166666666666,36.29,0.0,8.06,72.4502,1,81.7028,88.0463,0.3844833333333333,0.4978333333333332
89775,2016-12-09 17:00:00-06,0.8733,38.4,0.31,7.56,17.8272,1,13.8375,56.2528,1.5372,0.7606666666666666
89785,2016-12-09 18:00:00-06,0.7486833333333331,40.29,0.72,4.61,-0.966167,1,-2.54077,-1.18455,0.28085,1.77995
89795,2016-12-09 19:00:00-06,0.7775333333333331,42.56,0.14,5.47,-1.02309,1,-2.3820200000000002,-1.53049,0.2590333333333333,2.041533333333333
89805,2016-12-09 20:00:00-06,0.70865,44.13,0.31,5.42,-1.02309,1,-2.38234,-1.53641,0.7707833333333332,1.3075
89815,2016-12-09 21:00:00-06,0.6838,44.73,0.31,4.45,-1.02309,1,-2.38275,-1.7008299999999998,0.3621666666666666,0.7455
89825,2016-12-09 22:00:00-06,0.7181666666666666,44.37,0.31,2.99,-1.02309,1,-2.3827700000000003,-1.63847,0.2682166666666666,0.59825
89835,2016-12-09 23:00:00-06,0.6224166666666666,43.33,0.31,4.14,-1.02309,1,-2.49057,-1.11123,0.2789,0.5470166666666666
89845,2016-12-10 00:00:00-06,0.4517333333333333,42.18,0.79,2.34,-1.02309,0,-2.38287,-1.58185,0.2579833333333333,0.57705
89855,2016-12-10 01:00:00-06,0.59395,42.18,0.31,2.2,-0.9946729999999999,0,-2.38282,-1.6612799999999999,0.2602333333333333,0.5742166666666666
89865,2016-12-10 02:00:00-06,0.4212333333333333,42.09,0.31,3.99,-0.909415,0,-2.38312,-1.6726299999999998,0.3086833333333333,0.5444166666666665
89875,2016-12-10 03:00:00-06,0.4172833333333333,41.89,0.31,2.28,-1.01741,0,-2.3831700000000002,-1.02065,0.2744166666666666,0.5907833333333332
89885,2016-12-10 04:00:00-06,0.5994333333333332,39.19,0.31,2.78,-1.01173,0,-2.36618,-1.49128,0.2727,0.6342166666666667
89895,2016-12-10 05:00:00-06,0.7158833333333332,39.17,0.13,2.24,-1.0230299999999999,0,-2.38349,-1.70112,0.6374333333333332,0.6482833333333332
89905,2016-12-10 06:00:00-06,0.6929833333333332,37.83,0.11,1.05,-1.02292,0,-2.72388,-1.7010299999999998,0.5002833333333332,0.6679166666666666
89915,2016-12-10 07:00:00-06,0.4736666666666666,35.39,0.15,2.03,-0.340973,0,0.317797,0.5442739999999999,0.2450666666666666,0.8813666666666666
89925,2016-12-10 08:00:00-06,2.101033333333333,34.37,0.1,0.84,26.5163,0,44.1358,29.4178,0.20016666666666666,0.9024166666666666
89935,2016-12-10 09:00:00-06,2.18175,34.57,0.3,2.18,171.36700000000002,0,200.699,204.94400000000002,0.19095,0.7508
89945,2016-12-10 10:00:00-06,0.6988666666666666,36.78,0.31,2.0,220.203,0,261.79900000000004,149.125,0.20621666666666666,0.4816666666666666
89955,2016-12-10 11:00:00-06,0.4696166666666666,37.61,0.31,3.36,148.822,0,771.449,370.67800000000005,0.1912,0.5
89965,2016-12-10 12:00:00-06,0.3453666666666666,38.99,0.9,2.69,337.778,0,318.05400000000003,162.83,0.20256666666666664,0.6114
89975,2016-12-10 13:00:00-06,0.8814166666666666,39.59,0.9,3.43,201.585,0,416.149,183.425,0.2507333333333333,0.5200666666666666
89985,2016-12-10 14:00:00-06,0.7651333333333331,40.22,0.9,5.28,107.848,0,246.043,151.585,0.3369166666666666,0.3098333333333333
89995,2016-12-10 15:00:00-06,1.1914166666666668,42.47,0.9,5.02,89.1345,0,218.06,41.0278,0.2831333333333333,0.2965
90005,2016-12-10 16:00:00-06,0.9685833333333332,44.3,0.9,5.03,18.5136,0,149.636,50.3558,0.4461833333333333,0.3141166666666666
90015,2016-12-10 17:00:00-06,1.154,46.24,0.9,5.3,13.5047,0,44.7073,1.17846,0.4874,0.9192333333333332
90025,2016-12-10 18:00:00-06,1.2446,48.05,1.0,3.43,-0.948399,0,-2.72133,-3.15224,0.5710833333333332,1.20945
90035,2016-12-10 19:00:00-06,1.4251666666666667,49.04,1.0,4.1,-2.44766,0,-2.6197,-1.8377299999999999,0.8076166666666666,0.9322166666666664
90045,2016-12-10 20:00:00-06,1.0675,50.05,1.0,4.67,-0.7894800000000001,0,-2.72217,-1.11199,0.69665,0.6366166666666666
90055,2016-12-10 21:00:00-06,1.1183,50.7,1.0,6.81,-0.9486,0,-2.72225,-1.48689,0.3963333333333333,0.6151333333333332
90065,2016-12-10 22:00:00-06,0.83875,50.58,1.0,7.13,-0.874799,0,-2.6486400000000003,-1.20889,0.3223166666666666,0.6282166666666666
90075,2016-12-10 23:00:00-06,0.4809333333333332,50.92,1.0,5.46,-1.02254,0,-2.7172400000000003,-1.02177,0.3054666666666666,0.7594333333333331
90085,2016-12-11 00:00:00-06,0.3727833333333333,50.5,1.0,6.55,-1.02257,0,-2.64942,-1.02188,0.3088333333333333,0.6310833333333332
90095,2016-12-11 01:00:00-06,0.57155,50.07,1.0,4.79,-0.9657629999999999,0,-2.56432,-1.02181,0.28155,0.63875
90105,2016-12-11 02:00:00-06,0.38885,49.78,1.0,6.12,-1.02257,0,-2.4055,-1.02167,0.2811,0.6202166666666666
90115,2016-12-11 03:00:00-06,0.3844333333333333,49.28,1.0,6.27,-1.02253,0,-2.38278,-1.02154,0.2808833333333333,0.60375
90125,2016-12-11 04:00:00-06,0.5540333333333332,50.1,1.0,6.74,-1.02239,0,-2.55304,-1.7763400000000003,0.2784833333333333,0.6023333333333332
90135,2016-12-11 05:00:00-06,0.6688333333333332,50.23,1.0,6.03,-1.02244,0,-2.38282,-1.0217100000000001,0.29525,0.6732166666666666
90145,2016-12-11 06:00:00-06,0.6664166666666665,50.53,1.0,4.14,-1.14174,0,-3.40405,-1.70313,0.35925,0.6409666666666666
90155,2016-12-11 07:00:00-06,0.4051,50.85,1.0,7.24,-0.68728,0,-0.748955,-1.96428,0.4592333333333333,0.6141666666666666
90165,2016-12-11 08:00:00-06,0.9581,51.1,1.0,3.67,45.0025,0,50.5372,9.46508,0.76235,0.5313333333333332
90175,2016-12-11 09:00:00-06,0.6958666666666666,50.99,1.0,4.98,76.1002,0,116.404,39.7958,1.2647666666666668,0.6356
90185,2016-12-11 10:00:00-06,0.52855,51.18,1.0,3.44,186.794,0,229.907,42.9051,1.0581166666666668,1.17385
90195,2016-12-11 11:00:00-06,0.2952333333333333,51.91,1.0,4.79,193.03099999999998,0,251.97099999999998,42.1611,0.42201666666666654,0.3981
90205,2016-12-11 12:00:00-06,0.4546666666666666,52.28,1.0,6.33,312.889,0,428.86800000000005,93.3974,0.3524166666666666,0.3066833333333333
90215,2016-12-11 13:00:00-06,0.7437333333333331,53.36,1.0,6.55,673.143,0,255.86,77.2111,0.838233333333333,0.38675
90225,2016-12-11 14:00:00-06,0.8353833333333331,54.53,1.0,8.41,601.57,0,257.61400000000003,67.6057,0.5277166666666666,0.48105
90235,2016-12-11 15:00:00-06,0.6787333333333332,55.87,1.0,8.08,465.655,0,220.303,44.7565,0.2638833333333333,0.8960666666666666
90245,2016-12-11 16:00:00-06,0.7085833333333332,58.47,1.0,8.07,289.73,0,98.4328,5.04298,0.404,3.141016666666667
90255,2016-12-11 17:00:00-06,0.71145,61.54,1.0,11.61,90.8931,0,39.9356,1.03926,0.4675833333333332,1.6635
90265,2016-12-11 18:00:00-06,1.4366166666666669,63.6,0.92,13.24,-1.9215,0,-3.26669,-1.4368,0.9349833333333332,1.52965
90275,2016-12-11 19:00:00-06,1.642116666666667,64.15,0.92,16.58,-2.31908,0,-3.08548,-1.52766,3.834383333333333,1.55225
90285,2016-12-11 20:00:00-06,1.1029833333333332,65.89,0.31,13.26,-2.21179,0,-2.67767,-1.62988,2.6979333333333333,1.308633333333333
90295,2016-12-11 21:00:00-06,0.8093333333333331,66.05,0.11,15.53,-2.16646,0,-2.3827700000000003,-1.53334,0.4849166666666666,1.454783333333333
90305,2016-12-11 22:00:00-06,0.6149166666666666,64.94,0.14,10.92,-2.09289,0,-2.3827700000000003,-1.04494,0.4591166666666666,1.0077166666666664
90315,2016-12-11 23:00:00-06,0.2872833333333333,63.7,0.09,10.55,-2.0478400000000003,0,-2.3827700000000003,-1.02224,0.5001166666666667,1.0876333333333332
90325,2016-12-12 00:00:00-06,0.2517333333333333,61.81,0.53,8.67,-1.99132,1,-2.38283,-1.02229,0.3674833333333333,0.6596833333333332
90335,2016-12-12 01:00:00-06,0.37705,61.14,0.14,8.85,-1.9743,1,-2.15022,-1.02241,0.31475,0.64065
90345,2016-12-12 02:00:00-06,0.3435666666666666,60.12,0.18,8.21,-2.1842900000000003,1,-2.6892099999999997,-1.02253,0.3159833333333333,0.7390833333333331
90355,2016-12-12 03:00:00-06,0.3309333333333333,59.56,0.17,7.51,-2.09369,1,-2.38315,-1.02244,0.2888333333333333,0.6866333333333332
90365,2016-12-12 04:00:00-06,0.5258666666666666,57.89,0.23,4.83,-2.18486,1,-2.38318,-0.74976,0.2917666666666666,0.65395
90375,2016-12-12 05:00:00-06,0.8043,56.01,0.08,4.4,-1.7139099999999998,1,-2.72375,-0.675892,0.32915,0.9153666666666666
90385,2016-12-12 06:00:00-06,1.4755333333333331,53.89,0.08,2.62,-2.19075,1,-2.72375,-0.885935,0.3096833333333333,1.2283333333333333
90395,2016-12-12 07:00:00-06,3.4456333333333333,51.95,0.01,2.72,-0.8684459999999999,1,-2.72375,-0.749633,0.3096833333333333,0.36865
90405,2016-12-12 08:00:00-06,0.8717333333333331,51.51,0.04,4.72,49.1464,1,4.77203,42.9279,0.5251833333333332,0.3254666666666666
90415,2016-12-12 09:00:00-06,0.51165,50.44,0.21,6.33,142.211,1,4.77203,101.348,0.5251833333333332,0.3752833333333333
90425,2016-12-12 10:00:00-06,0.4520833333333333,49.71,0.23,5.7,198.28599999999997,1,44.4746,72.8394,0.6806166666666666,0.3613666666666666
90435,2016-12-12 11:00:00-06,0.4442833333333333,48.9,0.09,7.7,116.499,1,44.4746,245.56,0.6806166666666666,0.3544833333333333
90445,2016-12-12 12:00:00-06,0.45805,46.67,0.11,6.49,172.774,1,102.306,332.668,0.7215166666666665,0.3805333333333333
90455,2016-12-12 13:00:00-06,0.6154333333333332,45.53,0.07,7.12,268.356,1,102.306,399.805,0.7215166666666665,0.2766666666666666
90465,2016-12-12 14:00:00-06,0.4604333333333333,45.8,0.0,8.24,243.53400000000002,1,131.735,309.217,0.6918166666666666,0.40946666666666653
90475,2016-12-12 15:00:00-06,0.4528,47.94,0.0,7.93,271.879,1,131.735,494.772,0.6918166666666666,0.38835
90485,2016-12-12 16:00:00-06,0.5019833333333332,51.28,0.0,8.63,296.923,1,157.762,306.57,1.035216666666667,0.33325
90495,2016-12-12 17:00:00-06,0.8550166666666666,54.24,0.0,8.03,88.4546,1,157.762,101.103,1.035216666666667,1.06255
90505,2016-12-12 18:00:00-06,1.78005,58.19,0.0,5.84,-1.7013599999999998,1,173.795,-2.0712200000000003,2.665966666666667,1.317516666666667
90515,2016-12-12 19:00:00-06,1.46715,61.11,0.06,4.41,-1.9232,1,173.795,-2.36712,2.665966666666667,1.13285
90525,2016-12-12 20:00:00-06,3.7288,63.06,0.06,4.21,-1.70207,1,91.7255,-2.07789,1.63725,1.0771
90535,2016-12-12 21:00:00-06,2.215583333333333,64.78,0.06,3.36,-1.7023,1,91.7255,-2.03851,1.63725,0.8193166666666666
90545,2016-12-12 22:00:00-06,0.6458166666666666,64.6,0.06,3.53,-1.8784900000000002,1,77.0521,-2.2205,0.46425,0.6610333333333333
90555,2016-12-12 23:00:00-06,0.2522833333333333,61.97,0.06,3.36,-1.0215299999999998,1,77.0521,-2.38519,0.46425,0.6419833333333332
90565,2016-12-13 00:00:00-06,0.2503666666666666,58.3,0.06,2.9,-1.02142,1,72.2551,-2.25458,0.2743333333333333,0.6738833333333332
90575,2016-12-13 01:00:00-06,0.3852333333333333,54.81,0.06,3.75,-1.86127,1,72.2551,-2.03335,0.2743333333333333,0.72515
90585,2016-12-13 02:00:00-06,0.2341666666666666,53.37,0.06,2.42,-1.83876,1,51.3425,-2.04503,0.2915166666666666,0.6858333333333332
90595,2016-12-13 03:00:00-06,0.2569833333333333,51.89,0.0,2.4,-1.0215299999999998,1,51.3425,-2.04514,0.2915166666666666,0.6802666666666666
90605,2016-12-13 04:00:00-06,0.40826666666666656,50.84,0.01,3.63,-1.0215299999999998,1,21.9193,-2.04515,0.2692666666666666,0.6837333333333332
90615,2016-12-13 05:00:00-06,0.8115166666666666,51.89,0.23,4.07,-1.0215299999999998,1,21.9193,-2.04515,0.2692666666666666,0.9899166666666664
90625,2016-12-13 06:00:00-06,0.9829,53.15,0.35,1.11,-2.29243,1,-2.62149,-2.20989,0.2362,1.0026166666666665
90635,2016-12-13 07:00:00-06,0.37065,55.28,0.1,5.46,-0.771703,1,-2.62149,0.2386,0.2362,0.5493
90645,2016-12-13 08:00:00-06,0.2554166666666666,55.66,0.09,2.17,26.3742,1,-2.5192,143.637,0.2373333333333333,0.3655666666666666
90655,2016-12-13 09:00:00-06,0.2468,56.02,0.12,4.56,158.99,1,-2.5192,352.495,0.2373333333333333,0.32
90665,2016-12-13 10:00:00-06,0.19886666666666666,56.52,0.31,3.17,133.171,1,-2.5133400000000004,528.937,0.5780833333333332,0.19331666666666664
90675,2016-12-13 11:00:00-06,0.20896666666666666,57.5,0.0,3.61,333.55699999999996,1,-2.5133400000000004,655.25,0.5780833333333332,0.2035
90685,2016-12-13 12:00:00-06,0.2339166666666666,57.3,0.85,3.24,753.1,1,-2.38845,712.572,0.5708666666666666,0.3148
90695,2016-12-13 13:00:00-06,0.2304333333333333,57.81,0.0,4.4,743.915,1,-2.38845,707.7510000000001,0.5708666666666666,0.4618333333333332
90705,2016-12-13 14:00:00-06,0.22413333333333327,57.55,0.0,4.47,354.902,1,-2.38282,609.03,0.5931166666666666,0.39886666666666654
90715,2016-12-13 15:00:00-06,0.22458333333333327,60.74,0.26,5.11,553.496,1,-2.38282,417.43300000000005,0.5931166666666666,0.2867833333333333
90725,2016-12-13 16:00:00-06,0.2436,64.75,0.25,6.16,260.29,1,-2.38279,259.214,0.45905,0.3135833333333333
90735,2016-12-13 17:00:00-06,0.4046833333333333,67.98,0.0,5.06,91.2758,1,-2.38279,143.817,0.45905,0.8865666666666666
90745,2016-12-13 18:00:00-06,0.5093,71.27,0.06,4.32,-1.7010299999999998,1,-2.3828400000000003,-2.64665,0.4080333333333333,0.9227
90755,2016-12-13 19:00:00-06,0.55,72.97,0.07,7.59,-2.17788,1,-2.3828400000000003,-2.55132,0.4080333333333333,1.92485
90765,2016-12-13 20:00:00-06,0.8945166666666666,73.65,0.06,8.94,-1.17434,1,-2.30341,-2.48965,0.35995,1.7718
90775,2016-12-13 21:00:00-06,0.8023333333333331,72.86,0.07,9.33,-1.7019799999999998,1,-2.30341,-2.38246,0.35995,1.355
90785,2016-12-13 22:00:00-06,0.4720166666666666,69.24,0.06,10.64,-1.22543,1,-2.53613,-2.37724,0.3723333333333333,0.6578
90795,2016-12-13 23:00:00-06,0.22475,60.5,0.06,14.55,-1.07225,1,-2.53613,-2.29834,0.3723333333333333,0.3629
90805,2016-12-14 00:00:00-06,0.21548333333333328,54.98,0.11,11.39,-1.0212,1,-2.38327,-2.11117,0.3526166666666666,0.4347
90815,2016-12-14 01:00:00-06,0.3609166666666666,53.81,0.14,11.08,-1.03821,1,-2.38327,-1.0215299999999998,0.3526166666666666,0.5825166666666666
90825,2016-12-14 02:00:00-06,0.2158833333333333,53.4,0.13,8.87,-1.02119,1,-2.38326,-1.02169,0.3529833333333333,0.3825333333333333
90835,2016-12-14 03:00:00-06,0.3387,53.33,0.1,8.2,-1.02119,1,-2.38326,-1.02185,0.3529833333333333,0.43496666666666656
90845,2016-12-14 04:00:00-06,0.67605,50.72,0.18,5.86,-1.7019799999999998,1,-2.38321,-1.02188,0.6279333333333332,0.5553666666666666
90855,2016-12-14 05:00:00-06,0.9714333333333331,50.11,0.12,5.58,-1.02122,1,-2.38321,-1.02188,0.6279333333333332,1.0074
90865,2016-12-14 06:00:00-06,0.9730333333333332,49.45,0.2,4.94,-1.76446,1,-2.7120900000000003,-1.07865,0.87435,1.0753333333333333
90875,2016-12-14 07:00:00-06,0.4523333333333333,47.76,0.08,6.62,-1.70766,1,1.0325799999999998,-0.33495,0.23955,0.52555
90885,2016-12-14 08:00:00-06,0.3852,47.1,0.01,7.06,7.72151,1,36.6271,30.2249,0.21231666666666665,0.3646166666666666
90895,2016-12-14 09:00:00-06,0.6990833333333332,46.15,0.08,5.76,32.0489,1,129.116,55.1985,0.2525333333333333,0.37466666666666654
90905,2016-12-14 10:00:00-06,0.5805166666666666,44.84,0.18,2.96,60.4242,1,294.857,244.13,0.239,0.40951666666666653
90915,2016-12-14 11:00:00-06,0.5182333333333332,44.75,0.23,5.83,222.26,1,377.73900000000003,173.205,0.22165,0.4752
90925,2016-12-14 12:00:00-06,1.2284166666666667,43.93,0.08,4.5,120.88600000000001,1,295.171,92.8545,0.21818333333333328,0.4215833333333333
90935,2016-12-14 13:00:00-06,0.7369,43.03,0.08,7.23,385.233,1,147.657,158.857,0.217,0.3990166666666666
90945,2016-12-14 14:00:00-06,0.44176666666666653,44.08,0.04,4.01,336.37199999999996,1,336.31699999999995,405.94599999999997,0.22361666666666666,0.2738333333333333
90955,2016-12-14 15:00:00-06,0.47295,47.07,0.0,2.12,361.519,1,210.09599999999998,215.40400000000002,0.22331666666666666,0.2657666666666666
90965,2016-12-14 16:00:00-06,0.6301833333333332,49.59,0.07,4.42,299.60900000000004,1,115.056,284.161,0.5843666666666666,0.4392333333333333
90975,2016-12-14 17:00:00-06,0.7255,52.59,0.0,6.43,83.0725,1,45.0558,61.7695,1.1885333333333332,0.7754666666666666
90985,2016-12-14 18:00:00-06,0.7326833333333332,54.55,0.9,7.39,-1.7012900000000002,1,-2.79504,-1.70092,1.4091166666666668,2.5022
90995,2016-12-14 19:00:00-06,1.39365,56.36,0.9,5.21,-1.1005,1,-2.8923400000000004,-1.8601,1.24975,2.294016666666667
91005,2016-12-14 20:00:00-06,1.2036,56.93,0.31,6.65,-1.18004,1,-2.3820200000000002,-1.19098,0.9168166666666666,1.1359666666666668
91015,2016-12-14 21:00:00-06,1.0093333333333332,57.15,0.31,6.28,-1.0609,1,-2.38204,-1.70185,0.93425,1.0562
91025,2016-12-14 22:00:00-06,0.8926166666666666,56.86,0.16,7.23,-1.13466,1,-3.00054,-1.22558,0.3711,0.9303166666666663
91035,2016-12-14 23:00:00-06,0.3532833333333333,56.05,0.0,6.75,-1.0268899999999999,1,-2.72316,-1.0215100000000001,0.3609,0.39076666666666654
91045,2016-12-15 00:00:00-06,0.38456666666666656,54.33,0.56,6.36,-1.10063,1,-2.72319,-1.0215299999999998,0.33985,0.3434833333333333
91055,2016-12-15 01:00:00-06,0.5368333333333332,54.03,0.19,7.94,-1.02126,1,-2.72359,-1.0215299999999998,0.3515,0.5075666666666666
91065,2016-12-15 02:00:00-06,0.4987166666666666,53.57,0.2,7.75,-1.02136,1,-2.7353400000000003,-1.0215299999999998,0.3584,0.3766833333333333
91075,2016-12-15 03:00:00-06,0.4527,52.22,0.23,7.35,-1.02136,1,-2.7240900000000003,-1.47555,0.3365,0.3506166666666666
91085,2016-12-15 04:00:00-06,0.548,51.69,0.25,7.35,-1.02136,1,-2.7240900000000003,-1.19785,0.2904333333333333,0.5809833333333332
91095,2016-12-15 05:00:00-06,0.7073,51.09,0.16,8.76,-1.02136,1,-2.7240900000000003,-1.6917799999999998,0.5286333333333332,0.9448166666666664
91105,2016-12-15 06:00:00-06,0.9425666666666664,49.92,0.6,8.09,-1.12916,1,-2.99083,-1.52147,0.5758333333333332,1.1294833333333332
91115,2016-12-15 07:00:00-06,0.44521666666666654,49.54,0.0,8.86,-1.02136,1,9.0803,-1.72039,0.2258833333333333,0.6222666666666666
91125,2016-12-15 08:00:00-06,0.3918,48.9,0.16,8.75,18.2161,1,190.976,25.6344,0.19478333333333328,0.4676
91135,2016-12-15 09:00:00-06,0.4029,48.28,0.16,8.39,54.6237,1,395.228,26.5892,0.1836,0.40141666666666653
91145,2016-12-15 10:00:00-06,0.38751666666666656,47.17,0.16,8.47,89.2083,1,572.201,18.6727,0.20425,0.6381666666666665
91155,2016-12-15 11:00:00-06,0.41621666666666657,46.21,0.16,8.7,114.36399999999999,1,-7999.0,21.1658,0.2045,0.65835
91165,2016-12-15 12:00:00-06,0.6075333333333331,45.3,1.0,6.38,63.1263,1,-7999.0,96.4873,0.21996666666666664,0.5675833333333332
91175,2016-12-15 13:00:00-06,0.4959333333333332,44.58,1.0,5.54,129.205,1,-7999.0,64.581,0.2289,0.5249666666666666
91185,2016-12-15 14:00:00-06,0.4015833333333333,44.53,1.0,6.07,133.509,1,-7999.0,45.0907,0.5720166666666666,0.3853
91195,2016-12-15 15:00:00-06,0.5232333333333332,45.15,1.0,7.94,91.6234,1,-7999.0,57.7825,1.0485166666666668,0.4389333333333333
91205,2016-12-15 16:00:00-06,0.7538166666666666,45.6,1.0,7.57,38.8428,1,-7999.0,35.8998,1.0894666666666668,1.2808
91215,2016-12-15 17:00:00-06,1.4135833333333332,46.38,1.0,7.9,10.1529,1,-7999.0,13.7662,0.9520166666666664,1.9069833333333333
91225,2016-12-15 18:00:00-06,1.2554,47.77,1.0,5.99,-1.0215299999999998,1,-7999.0,-0.892383,0.4478,0.7861333333333331
91235,2016-12-15 19:00:00-06,0.6528833333333331,49.34,1.0,7.59,-1.02169,1,-7999.0,-1.02326,0.4262833333333333,0.7338666666666664
91245,2016-12-15 20:00:00-06,0.69875,50.35,0.31,7.79,-1.0217100000000001,1,-7999.0,-1.68839,0.5010833333333332,1.1033333333333333
91255,2016-12-15 21:00:00-06,0.8746833333333331,51.36,0.0,6.61,-1.36228,1,-7999.0,-1.9669400000000001,0.4903833333333332,1.4867666666666668
91265,2016-12-15 22:00:00-06,0.7221833333333332,52.58,0.23,5.61,-1.38513,1,-7999.0,-1.7054900000000002,0.3718833333333333,1.4581166666666667
91275,2016-12-15 23:00:00-06,0.37001666666666655,51.46,0.1,2.75,-1.70313,1,-7999.0,-1.36436,0.2622333333333333,0.5215333333333332
91285,2016-12-16 00:00:00-06,0.3435166666666666,50.33,0.68,2.12,-1.6463599999999998,1,-7999.0,-1.0232700000000001,0.3043333333333333,0.4249833333333333
91295,2016-12-16 01:00:00-06,0.6547,50.53,0.0,3.43,-1.2149,1,-7999.0,-1.37573,0.2847333333333333,0.6292333333333332
91305,2016-12-16 02:00:00-06,0.4244,50.84,0.0,6.3,-1.70315,1,-7999.0,-1.0232700000000001,0.2524333333333333,0.51285
91315,2016-12-16 03:00:00-06,0.3524333333333333,51.07,0.0,5.49,-1.7032200000000002,1,-7999.0,-1.02895,0.23945,0.4904333333333332
91325,2016-12-16 04:00:00-06,0.5662666666666666,51.17,0.0,7.51,-1.02191,1,-7999.0,-1.0232700000000001,0.28405,0.6023833333333332
91335,2016-12-16 05:00:00-06,0.8159333333333331,51.3,0.0,6.6,-1.18084,1,-7999.0,-1.0232700000000001,0.57855,0.9181833333333332
91345,2016-12-16 06:00:00-06,0.9261333333333333,51.13,1.0,7.3,-1.14678,1,-7999.0,-1.02328,0.6641333333333332,1.0716666666666668
91355,2016-12-16 07:00:00-06,0.66175,51.29,1.0,9.32,-1.0162,1,-7999.0,-0.682178,0.38371666666666654,0.7197666666666666
91365,2016-12-16 08:00:00-06,0.5257666666666666,51.42,1.0,10.13,20.6118,1,-7999.0,15.9464,0.3006333333333333,0.47695
91375,2016-12-16 09:00:00-06,0.37406666666666655,51.26,1.0,7.78,88.2832,1,-7999.0,56.4464,0.28385,0.5543333333333332
91385,2016-12-16 10:00:00-06,0.3237666666666666,51.0,1.0,5.97,129.96200000000002,1,-7999.0,96.9071,0.37706666666666655,0.5027166666666666
91395,2016-12-16 11:00:00-06,0.5406666666666666,51.3,1.0,6.64,148.048,1,-7999.0,260.762,0.4826333333333332,0.4545833333333333
91405,2016-12-16 12:00:00-06,0.5430666666666666,51.44,1.0,5.93,100.48,1,-7999.0,262.85900000000004,0.3657166666666666,0.4083833333333333
91415,2016-12-16 13:00:00-06,0.4521333333333333,51.52,1.0,6.86,161.251,1,-7999.0,389.0,0.3035833333333333,0.31315
91425,2016-12-16 14:00:00-06,0.3744333333333333,51.34,1.0,5.07,265.814,1,-7999.0,193.248,0.22418333333333326,0.19746666666666665
91435,2016-12-16 15:00:00-06,0.6038666666666666,52.17,1.0,5.91,223.975,1,-7999.0,152.366,0.5813666666666666,0.6745166666666667
91445,2016-12-16 16:00:00-06,0.3188166666666666,53.73,1.0,6.77,167.137,1,-7999.0,72.4502,0.9221166666666666,0.7640166666666666
91455,2016-12-16 17:00:00-06,0.2619,56.37,1.0,7.62,94.6313,1,-7999.0,17.8272,1.0024,0.8733
91465,2016-12-16 18:00:00-06,0.5792333333333332,58.94,1.0,8.74,-1.10517,1,-7999.0,-0.966167,0.5261833333333332,0.7486833333333331
91475,2016-12-16 19:00:00-06,0.5817833333333332,61.55,1.0,6.75,-2.36386,1,-7999.0,-1.02309,0.5425333333333332,0.7775333333333331
91485,2016-12-16 20:00:00-06,1.1836666666666669,64.98,0.31,9.49,-1.7974599999999998,1,-7999.0,-1.02309,1.0239333333333331,0.70865
91495,2016-12-16 21:00:00-06,0.5898333333333332,66.24,0.2,9.27,-1.7184099999999998,1,-7999.0,-1.02309,1.3232333333333333,0.6838
91505,2016-12-16 22:00:00-06,0.4929666666666666,66.71,0.06,9.75,-1.81485,1,-7999.0,-1.02309,0.34025,0.7181666666666666
91515,2016-12-16 23:00:00-06,0.2931333333333333,65.72,0.1,10.14,-1.82618,1,-7999.0,-1.02309,0.2409,0.6224166666666666
91525,2016-12-17 00:00:00-06,0.19183333333333327,63.97,0.57,11.0,-1.7014099999999999,0,-7999.0,-1.02309,0.2221,0.4517333333333333
91535,2016-12-17 01:00:00-06,0.4989333333333332,63.0,0.1,10.08,-1.02084,0,-7999.0,-0.9946729999999999,0.22315,0.59395
91545,2016-12-17 02:00:00-06,0.2793,62.98,0.0,9.94,-1.02084,0,-7999.0,-0.909415,0.2416666666666666,0.4212333333333333
91555,2016-12-17 03:00:00-06,0.20745,62.73,0.0,8.7,-2.05303,0,-7999.0,-1.01741,0.22671666666666665,0.4172833333333333
91565,2016-12-17 04:00:00-06,0.44716666666666655,62.6,0.13,8.13,-2.14384,0,-7999.0,-1.01173,0.22388333333333327,0.5994333333333332
91575,2016-12-17 05:00:00-06,0.6298,62.73,0.31,8.98,-1.8546099999999999,0,-7999.0,-1.0230299999999999,0.5144666666666666,0.7158833333333332
91585,2016-12-17 06:00:00-06,0.7235666666666665,62.79,0.9,8.38,-2.20055,0,-7999.0,-1.02292,0.5508666666666666,0.6929833333333332
91595,2016-12-17 07:00:00-06,0.4875333333333332,62.49,0.31,8.37,-1.02084,0,-7999.0,-0.340973,0.2614333333333333,0.4736666666666666
91605,2016-12-17 08:00:00-06,0.9033666666666667,62.61,0.13,7.79,29.7293,0,-7999.0,26.5163,0.3108666666666666,2.101033333333333
91615,2016-12-17 09:00:00-06,0.77435,62.94,0.31,7.93,136.493,0,-7999.0,171.36700000000002,0.36738333333333323,2.18175
91625,2016-12-17 10:00:00-06,0.4445833333333333,63.5,0.31,7.6,406.664,0,-7999.0,220.203,0.3278833333333333,0.6988666666666666
91635,2016-12-17 11:00:00-06,0.5561333333333331,63.98,0.31,6.36,580.388,0,-7999.0,148.822,0.3089666666666666,0.4696166666666666
91645,2016-12-17 12:00:00-06,0.81345,64.21,0.31,7.95,645.984,0,-7999.0,337.778,0.34485,0.3453666666666666
91655,2016-12-17 13:00:00-06,0.5196333333333332,64.63,0.31,8.67,650.3530000000001,0,-7999.0,201.585,0.4050666666666666,0.8814166666666666
91665,2016-12-17 14:00:00-06,0.55825,65.44,0.31,10.07,585.024,0,-7999.0,107.848,0.5080833333333332,0.7651333333333331
91675,2016-12-17 15:00:00-06,0.20446666666666666,66.31,0.31,8.18,462.215,0,-7999.0,89.1345,0.2713833333333333,1.1914166666666668
91685,2016-12-17 16:00:00-06,0.20143333333333327,68.08,0.31,9.59,289.887,0,-7999.0,18.5136,0.5205666666666666,0.9685833333333332
91695,2016-12-17 17:00:00-06,0.2472333333333333,69.55,0.14,10.24,89.3825,0,-7999.0,13.5047,0.846283333333333,1.154
91705,2016-12-17 18:00:00-06,0.49815,71.73,0.67,8.74,-1.72227,0,-7999.0,-0.948399,0.4054833333333333,1.2446
91715,2016-12-17 19:00:00-06,0.4821833333333332,73.8,0.09,11.73,-2.38029,0,-7999.0,-2.44766,0.2750666666666666,1.4251666666666667
91725,2016-12-17 20:00:00-06,1.6254,75.66,0.21,12.11,-2.381,0,-7999.0,-0.7894800000000001,0.8551166666666666,1.0675
91735,2016-12-17 21:00:00-06,2.949616666666667,76.33,0.22,8.82,-1.04888,0,-7999.0,-0.9486,0.3902833333333333,1.1183
91745,2016-12-17 22:00:00-06,0.96115,75.89,0.22,7.53,-1.02619,0,-7999.0,-0.874799,0.2700666666666666,0.83875
91755,2016-12-17 23:00:00-06,0.6592666666666666,73.7,0.15,3.54,-1.18492,0,-7999.0,-1.02254,0.2687666666666666,0.4809333333333332
91765,2016-12-18 00:00:00-06,0.4946,68.06,0.04,1.52,-1.02623,0,-7999.0,-1.02257,0.2635,0.3727833333333333
91775,2016-12-18 01:00:00-06,0.7797,61.07,0.09,16.27,-1.0262200000000001,0,-7999.0,-0.9657629999999999,0.2564,0.57155
91785,2016-12-18 02:00:00-06,0.6032,47.11,0.19,22.58,-1.02062,0,-7999.0,-1.02257,0.2636666666666666,0.38885
91795,2016-12-18 03:00:00-06,0.4495833333333333,40.72,0.0,21.11,-2.40424,0,-7999.0,-1.02253,0.2526666666666666,0.3844333333333333
91805,2016-12-18 04:00:00-06,0.6706833333333332,37.39,0.31,18.89,-1.9907400000000002,0,-7999.0,-1.02239,0.2487,0.5540333333333332
91815,2016-12-18 05:00:00-06,0.72715,35.78,0.14,17.41,-1.50488,0,-7999.0,-1.02244,0.46085,0.6688333333333332
91825,2016-12-18 06:00:00-06,0.9322333333333332,33.12,0.43,17.54,-1.31255,0,-7999.0,-1.14174,0.6311666666666667,0.6664166666666665
91835,2016-12-18 07:00:00-06,0.53545,30.47,0.0,20.38,-1.02292,0,-7999.0,-0.68728,0.4844333333333332,0.4051
91845,2016-12-18 08:00:00-06,0.7882333333333331,28.84,0.0,19.87,18.0289,0,-7999.0,45.0025,0.41015,0.9581
91855,2016-12-18 09:00:00-06,1.1374833333333332,27.29,0.19,19.89,45.2718,0,-7999.0,76.1002,0.3389666666666666,0.6958666666666666
91865,2016-12-18 10:00:00-06,0.6773166666666666,27.21,0.19,20.69,173.46,0,-7999.0,186.794,0.33855,0.52855
91875,2016-12-18 11:00:00-06,0.4926333333333332,26.79,0.19,21.82,194.99,0,-7999.0,193.03099999999998,0.3659333333333333,0.2952333333333333
91885,2016-12-18 12:00:00-06,0.6323666666666666,26.27,1.0,17.0,233.606,0,-7999.0,312.889,0.3183166666666666,0.4546666666666666
91895,2016-12-18 13:00:00-06,0.6215333333333332,25.57,1.0,18.55,221.423,0,-7999.0,673.143,0.21188333333333328,0.7437333333333331
91905,2016-12-18 14:00:00-06,0.5900333333333332,25.52,1.0,17.37,246.933,0,-7999.0,601.57,0.3267333333333333,0.8353833333333331
91915,2016-12-18 15:00:00-06,0.5885833333333332,25.57,1.0,18.75,73.1842,0,-7999.0,465.655,0.2821166666666666,0.6787333333333332
91925,2016-12-18 16:00:00-06,0.5307333333333332,26.57,1.0,18.62,77.7143,0,-7999.0,289.73,0.22481666666666664,0.7085833333333332
91935,2016-12-18 17:00:00-06,1.3854666666666668,28.41,1.0,17.11,54.8723,0,-7999.0,90.8931,0.5723166666666666,0.71145
91945,2016-12-18 18:00:00-06,2.0258166666666666,30.24,0.3,14.18,-0.682133,0,-7999.0,-1.9215,0.6137333333333332,1.4366166666666669
91955,2016-12-18 19:00:00-06,1.278066666666667,31.98,0.17,15.36,-1.0232700000000001,0,-7999.0,-2.31908,0.9818833333333332,1.642116666666667
91965,2016-12-18 20:00:00-06,0.9353833333333332,33.26,0.17,17.35,-0.9152540000000001,0,-7999.0,-2.21179,1.0747166666666668,1.1029833333333332
91975,2016-12-18 21:00:00-06,1.02905,34.19,0.0,15.47,-1.01758,0,-7999.0,-2.16646,0.9218666666666666,0.8093333333333331
91985,2016-12-18 22:00:00-06,1.0483,35.06,0.07,15.24,-0.972103,0,-7999.0,-2.09289,0.5292666666666666,0.6149166666666666
91995,2016-12-18 23:00:00-06,0.722,33.23,0.1,16.19,-0.835667,0,-7999.0,-2.0478400000000003,0.3431666666666666,0.2872833333333333
92005,2016-12-19 00:00:00-06,0.4956666666666666,31.78,0.04,11.97,-0.8754709999999999,1,-7999.0,-1.99132,0.25895,0.2517333333333333
92015,2016-12-19 01:00:00-06,0.6144,30.52,0.06,10.71,-0.8301,1,-7999.0,-1.9743,0.2586833333333333,0.37705
92025,2016-12-19 02:00:00-06,0.6666833333333332,29.26,0.09,11.34,-0.8016949999999999,1,-7999.0,-2.1842900000000003,0.28995,0.3435666666666666
92035,2016-12-19 03:00:00-06,0.6692333333333332,28.99,0.07,11.5,-0.8302360000000001,1,-7999.0,-2.09369,0.2626666666666666,0.3309333333333333
92045,2016-12-19 04:00:00-06,0.5967,27.89,0.07,12.12,-0.881444,1,-7999.0,-2.18486,0.2483,0.5258666666666666
92055,2016-12-19 05:00:00-06,0.8146,27.16,0.07,11.75,-0.835951,1,-7999.0,-1.7139099999999998,0.2603166666666666,0.8043
92065,2016-12-19 06:00:00-06,0.76795,26.21,0.0,11.93,-0.693782,1,-7999.0,-2.19075,0.2609333333333333,1.4755333333333331
92075,2016-12-19 07:00:00-06,0.5935,25.46,0.0,10.71,-0.682409,1,-7999.0,-0.8684459999999999,0.6709666666666666,3.4456333333333333
92085,2016-12-19 08:00:00-06,0.8482666666666666,25.02,0.0,14.2,12.1357,1,-7999.0,49.1464,0.4243833333333333,0.8717333333333331
92095,2016-12-19 09:00:00-06,0.6392666666666666,24.27,0.02,13.35,38.4602,1,-7999.0,142.211,0.46,0.51165
92105,2016-12-19 10:00:00-06,0.7431333333333331,23.49,0.01,9.83,181.373,1,-7999.0,198.28599999999997,3.29865,0.4520833333333333
92115,2016-12-19 11:00:00-06,0.6360666666666666,23.28,0.08,10.06,288.481,1,-7999.0,116.499,0.3968333333333333,0.4442833333333333
92125,2016-12-19 12:00:00-06,0.6423,22.97,0.04,7.61,219.726,1,-7999.0,172.774,0.52345,0.45805
92135,2016-12-19 13:00:00-06,0.7966166666666666,22.49,0.08,9.18,309.629,1,-7999.0,268.356,1.2713833333333333,0.6154333333333332
92145,2016-12-19 14:00:00-06,1.69245,23.17,0.06,10.62,236.31599999999997,1,-7999.0,243.53400000000002,0.2460666666666666,0.4604333333333333
92155,2016-12-19 15:00:00-06,2.671666666666667,26.74,0.08,13.07,148.306,1,-7999.0,271.879,0.24405,0.4528
92165,2016-12-19 16:00:00-06,0.4614333333333332,30.44,0.06,12.21,117.46600000000001,1,-7999.0,296.923,0.2364,0.5019833333333332
92175,2016-12-19 17:00:00-06,0.4952,34.39,0.06,12.75,113.965,1,-7999.0,88.4546,0.2412,0.8550166666666666
92185,2016-12-19 18:00:00-06,1.4392833333333332,37.07,0.02,10.21,-0.6819470000000001,1,-7999.0,-1.7013599999999998,0.2295,1.78005
92195,2016-12-19 19:00:00-06,1.1215833333333332,40.5,0.02,11.51,-1.02292,1,-7999.0,-1.9232,0.21698333333333328,1.46715
92205,2016-12-19 20:00:00-06,1.1465166666666669,41.68,0.02,8.59,-1.02292,1,-7999.0,-1.70207,0.21043333333333328,3.7288
92215,2016-12-19 21:00:00-06,1.1626166666666669,42.62,0.0,11.34,-1.3241100000000001,1,-7999.0,-1.7023,0.3598666666666666,2.215583333333333
92225,2016-12-19 22:00:00-06,0.9506,43.05,0.0,8.6,-0.9433809999999999,1,-7999.0,-1.8784900000000002,0.4677666666666666,0.6458166666666666
92235,2016-12-19 23:00:00-06,0.5456333333333332,40.91,0.0,6.76,-1.02292,1,-7999.0,-1.0215299999999998,0.4321833333333333,0.2522833333333333
92245,2016-12-20 00:00:00-06,0.53225,37.89,0.0,2.15,-1.02292,1,-7999.0,-1.02142,0.2428166666666666,0.2503666666666666
92255,2016-12-20 01:00:00-06,0.6109166666666666,37.08,0.0,6.08,-1.36389,1,-7999.0,-1.86127,0.21178333333333327,0.3852333333333333
92265,2016-12-20 02:00:00-06,0.56655,35.11,0.0,6.68,-1.39254,1,-7999.0,-1.83876,0.20615,0.2341666666666666
92275,2016-12-20 03:00:00-06,0.4658,34.74,0.0,4.44,-1.38709,1,-7999.0,-1.0215299999999998,0.22028333333333328,0.2569833333333333
92285,2016-12-20 04:00:00-06,0.6489166666666666,34.53,0.0,5.65,-1.49511,1,-7999.0,-1.0215299999999998,0.21243333333333328,0.40826666666666656
92295,2016-12-20 05:00:00-06,1.10385,35.72,0.0,4.57,-1.44394,1,-7999.0,-1.0215299999999998,0.2416666666666666,0.8115166666666666
92305,2016-12-20 06:00:00-06,0.8295166666666666,36.41,1.0,1.93,-1.23929,1,-7999.0,-2.29243,0.44885,0.9829
92315,2016-12-20 07:00:00-06,0.5715333333333332,36.71,0.0,2.84,-1.13696,1,-7999.0,-0.771703,0.4824333333333332,0.37065
92325,2016-12-20 08:00:00-06,0.7667833333333332,36.48,0.0,2.57,48.3948,1,-7999.0,26.3742,0.488,0.2554166666666666
92335,2016-12-20 09:00:00-06,0.7814666666666666,35.8,0.0,1.55,154.785,1,-7999.0,158.99,0.4074,0.2468
92345,2016-12-20 10:00:00-06,0.5524166666666666,35.38,0.0,2.27,459.22900000000004,1,-7999.0,133.171,0.33685,0.19886666666666666
92355,2016-12-20 11:00:00-06,0.32635,36.32,0.0,4.72,402.004,1,-7999.0,333.55699999999996,0.3384666666666666,0.20896666666666666
92365,2016-12-20 12:00:00-06,0.41196666666666654,35.85,0.6,1.51,616.2669999999999,1,-7999.0,753.1,0.2688666666666666,0.2339166666666666
92375,2016-12-20 13:00:00-06,0.3256333333333333,35.7,0.0,3.16,784.94,1,-7999.0,743.915,0.2328333333333333,0.2304333333333333
92385,2016-12-20 14:00:00-06,0.59265,37.31,0.0,4.71,801.448,1,-7999.0,354.902,0.2284333333333333,0.22413333333333327
92395,2016-12-20 15:00:00-06,0.6569166666666666,39.63,0.0,3.57,493.519,1,-7999.0,553.496,0.27135,0.22458333333333327
92405,2016-12-20 16:00:00-06,1.2260333333333333,43.22,0.0,2.08,299.093,1,-7999.0,260.29,0.21573333333333328,0.2436
92415,2016-12-20 17:00:00-06,0.6086333333333332,46.75,0.0,3.15,105.742,1,-7999.0,91.2758,0.2616,0.4046833333333333
92425,2016-12-20 18:00:00-06,1.3618833333333331,49.53,0.68,3.91,-1.02128,1,-7999.0,-1.7010299999999998,0.2513166666666666,0.5093
92435,2016-12-20 19:00:00-06,0.8836666666666666,52.63,0.0,6.28,-1.22023,1,-7999.0,-2.17788,0.20643333333333327,0.55
92445,2016-12-20 20:00:00-06,0.88845,55.25,0.0,5.66,-1.80525,1,-7999.0,-1.17434,0.3390166666666666,0.8945166666666666
92455,2016-12-20 21:00:00-06,1.2673,57.37,0.0,5.54,-1.08443,1,-7999.0,-1.7019799999999998,0.36883333333333324,0.8023333333333331
92465,2016-12-20 22:00:00-06,0.62815,57.37,0.0,7.3,-1.6753,1,-7999.0,-1.22543,0.3425666666666666,0.4720166666666666
92475,2016-12-20 23:00:00-06,0.409,55.91,0.0,6.35,-1.02223,1,-7999.0,-1.07225,0.2723666666666666,0.22475
92485,2016-12-21 00:00:00-06,0.43446666666666656,53.11,0.0,2.85,-1.15852,1,-7999.0,-1.0212,0.2421333333333333,0.21548333333333328
92495,2016-12-21 01:00:00-06,0.5733833333333332,50.03,0.0,3.68,-1.7037099999999998,1,-7999.0,-1.03821,0.2228,0.3609166666666666
92505,2016-12-21 02:00:00-06,0.4234,50.87,0.0,4.52,-1.5904,1,-7999.0,-1.02119,0.20898333333333327,0.2158833333333333
92515,2016-12-21 03:00:00-06,0.4277333333333333,50.9,0.0,4.81,-1.70428,1,-7999.0,-1.02119,0.2255833333333333,0.3387
92525,2016-12-21 04:00:00-06,0.5917333333333332,50.95,0.0,5.66,-0.846463,1,-7999.0,-1.7019799999999998,0.4939333333333332,0.67605
92535,2016-12-21 05:00:00-06,0.9472833333333333,50.58,0.0,5.11,-0.8407819999999999,1,-7999.0,-1.02122,0.3546833333333333,0.9714333333333331
92545,2016-12-21 06:00:00-06,0.6941333333333332,49.47,0.37,4.53,-1.02235,1,-7999.0,-1.76446,0.75905,0.9730333333333332
92555,2016-12-21 07:00:00-06,0.4606833333333333,48.28,0.0,4.75,-0.9767950000000001,1,-7999.0,-1.70766,0.3267833333333333,0.4523333333333333
92565,2016-12-21 08:00:00-06,3.2811,47.15,0.0,4.87,19.11,1,-7999.0,7.72151,0.3183,0.3852
92575,2016-12-21 09:00:00-06,1.94615,45.58,0.0,4.61,52.1677,1,-7999.0,32.0489,0.9850166666666664,0.6990833333333332
92585,2016-12-21 10:00:00-06,0.7783833333333331,43.96,0.0,5.55,169.02700000000002,1,-7999.0,60.4242,0.35405,0.5805166666666666
92595,2016-12-21 11:00:00-06,0.8015166666666667,43.81,0.0,4.52,153.351,1,-7999.0,222.26,0.21266666666666664,0.5182333333333332
92605,2016-12-21 12:00:00-06,0.7462,42.58,0.0,3.23,202.197,1,-7999.0,120.88600000000001,0.22455,1.2284166666666667
92615,2016-12-21 13:00:00-06,2.779166666666667,42.28,0.0,3.98,330.713,1,-7999.0,385.233,0.22276666666666664,0.7369
92625,2016-12-21 14:00:00-06,1.9381,44.16,0.0,4.78,370.153,1,-7999.0,336.37199999999996,0.2165,0.44176666666666653
92635,2016-12-21 15:00:00-06,0.3333666666666666,49.65,0.0,6.65,465.481,1,-7999.0,361.519,0.21928333333333327,0.47295
92645,2016-12-21 16:00:00-06,0.29,55.34,0.0,8.9,287.177,1,-7999.0,299.60900000000004,0.9011833333333332,0.6301833333333332
92655,2016-12-21 17:00:00-06,1.3009833333333332,59.72,0.0,10.98,103.286,1,-7999.0,83.0725,2.94965,0.7255
92665,2016-12-21 18:00:00-06,2.0949166666666668,63.7,0.0,10.45,-0.83929,1,-7999.0,-1.7012900000000002,1.2474,0.7326833333333332
92675,2016-12-21 19:00:00-06,1.6028833333333332,66.37,0.0,14.77,-1.0492299999999999,1,-7999.0,-1.1005,3.6537,1.39365
92685,2016-12-21 20:00:00-06,1.0470333333333333,68.09,0.0,13.5,-1.1683299999999999,1,-7999.0,-1.18004,0.5453833333333332,1.2036
92695,2016-12-21 21:00:00-06,4.147766666666667,68.91,0.0,13.09,-1.31023,1,-7999.0,-1.0609,0.3857833333333333,1.0093333333333332
92705,2016-12-21 22:00:00-06,1.4245666666666668,68.5,0.0,11.64,-1.02104,1,-7999.0,-1.13466,0.29855,0.8926166666666666
92715,2016-12-21 23:00:00-06,0.3273833333333333,66.74,0.0,10.26,-1.02115,1,-7999.0,-1.0268899999999999,0.23415,0.3532833333333333
92725,2016-12-22 00:00:00-06,0.3135166666666666,64.07,0.06,5.76,-1.03251,1,-7999.0,-1.10063,0.2286,0.38456666666666656
92735,2016-12-22 01:00:00-06,0.44601666666666656,60.67,0.06,5.81,-1.02119,1,-7999.0,-1.02126,0.2325833333333333,0.5368333333333332
92745,2016-12-22 02:00:00-06,0.3682,58.85,0.06,5.32,-1.0212,1,-7999.0,-1.02136,0.21491666666666664,0.4987166666666666
92755,2016-12-22 03:00:00-06,0.3606,57.21,0.07,5.02,-1.0212299999999999,1,-7999.0,-1.02136,0.21405,0.4527
92765,2016-12-22 04:00:00-06,0.51495,56.12,0.06,6.17,-1.02119,1,-7999.0,-1.02136,0.23465,0.548
92775,2016-12-22 05:00:00-06,0.6908,54.81,0.0,4.74,-1.02119,1,-7999.0,-1.02136,0.5529833333333332,0.7073
92785,2016-12-22 06:00:00-06,0.6950666666666666,54.23,0.07,2.59,-1.0212,1,-7999.0,-1.12916,0.7191333333333332,0.9425666666666664
92795,2016-12-22 07:00:00-06,0.6152666666666666,52.75,0.09,3.44,-1.02119,1,-7999.0,-1.02136,0.9302333333333332,0.44521666666666654
92805,2016-12-22 08:00:00-06,0.8402,52.88,0.08,3.38,20.4187,1,-7999.0,18.2161,0.9206,0.3918
92815,2016-12-22 09:00:00-06,0.6544333333333332,51.78,0.11,4.34,155.945,1,-7999.0,54.6237,0.19841666666666666,0.4029
92825,2016-12-22 10:00:00-06,1.0866833333333332,51.06,0.07,5.85,183.93400000000003,1,-7999.0,89.2083,0.20838333333333328,0.38751666666666656
92835,2016-12-22 11:00:00-06,0.79775,51.0,0.1,6.79,424.082,1,-7999.0,114.36399999999999,0.19636666666666666,0.41621666666666657
92845,2016-12-22 12:00:00-06,0.6127666666666666,50.63,0.06,7.69,329.955,1,-7999.0,63.1263,0.19185,0.6075333333333331
92855,2016-12-22 13:00:00-06,0.21695,49.39,0.06,8.87,704.185,1,-7999.0,129.205,0.19856666666666664,0.4959333333333332
92865,2016-12-22 14:00:00-06,0.22451666666666664,48.96,0.06,10.14,677.745,1,-7999.0,133.509,0.29835,0.4015833333333333
92875,2016-12-22 15:00:00-06,0.38661666666666655,51.68,0.07,13.22,153.02200000000002,1,-7999.0,91.6234,1.7855833333333333,0.5232333333333332
92885,2016-12-22 16:00:00-06,1.7881333333333331,54.68,0.06,13.73,68.1065,1,-7999.0,38.8428,0.75265,0.7538166666666666
92895,2016-12-22 17:00:00-06,0.8809833333333331,58.11,0.06,10.89,46.5934,1,-7999.0,10.1529,0.7849833333333331,1.4135833333333332
92905,2016-12-22 18:00:00-06,1.4927833333333331,60.92,0.08,9.76,-1.0204600000000001,1,-7999.0,-1.0215299999999998,0.25275,1.2554
92915,2016-12-22 19:00:00-06,1.6968333333333332,63.47,0.07,10.13,-1.1455799999999998,1,-7999.0,-1.02169,0.3554666666666666,0.6528833333333331
92925,2016-12-22 20:00:00-06,1.0729666666666668,65.33,0.09,10.03,-1.02099,1,-7999.0,-1.0217100000000001,0.2892166666666666,0.69875
92935,2016-12-22 21:00:00-06,0.8731833333333331,65.67,0.08,10.26,-1.0212,1,-7999.0,-1.36228,0.3835833333333333,0.8746833333333331
92945,2016-12-22 22:00:00-06,0.6378333333333333,64.68,0.09,9.27,-1.02121,1,-7999.0,-1.38513,0.4312833333333333,0.7221833333333332
92955,2016-12-22 23:00:00-06,0.2453,62.28,0.07,7.27,-1.02121,1,-7999.0,-1.70313,0.2731666666666666,0.37001666666666655
92965,2016-12-23 00:00:00-06,0.24155,58.59,0.01,3.5,-1.04389,1,-7999.0,-1.6463599999999998,0.2649666666666666,0.3435166666666666
92975,2016-12-23 01:00:00-06,0.3965,58.66,0.24,5.74,-1.02122,1,-7999.0,-1.2149,0.2695,0.6547
92985,2016-12-23 02:00:00-06,0.22225,58.34,0.0,7.37,-1.23124,1,-7999.0,-1.70315,0.2600666666666666,0.4244
92995,2016-12-23 03:00:00-06,0.2227,57.88,0.1,8.5,-1.49232,1,-7999.0,-1.7032200000000002,0.2554833333333333,0.3524333333333333
93005,2016-12-23 04:00:00-06,0.4798833333333332,57.08,0.31,6.85,-1.14067,1,-7999.0,-1.02191,0.2616166666666666,0.5662666666666666
93015,2016-12-23 05:00:00-06,0.7948166666666666,56.48,0.31,5.59,-1.0215299999999998,1,-7999.0,-1.18084,0.2644666666666666,0.8159333333333331
93025,2016-12-23 06:00:00-06,0.6896,56.27,1.0,4.16,-1.39015,1,-7999.0,-1.14678,0.6182666666666666,0.9261333333333333
93035,2016-12-23 07:00:00-06,0.4248333333333333,56.18,1.0,3.18,-1.2821799999999999,1,-7999.0,-1.0162,0.4915666666666666,0.66175
93045,2016-12-23 08:00:00-06,0.5724833333333332,56.04,1.0,4.5,25.3212,1,-7999.0,20.6118,0.5438333333333332,0.5257666666666666
93055,2016-12-23 09:00:00-06,0.51495,55.39,1.0,4.79,220.895,1,-7999.0,88.2832,0.6968666666666666,0.37406666666666655
93065,2016-12-23 10:00:00-06,0.7333333333333332,54.28,1.0,3.7,463.772,1,-7999.0,129.96200000000002,0.30735,0.3237666666666666
93075,2016-12-23 11:00:00-06,0.5013833333333332,53.86,1.0,5.29,600.0980000000001,1,-7999.0,148.048,0.3284166666666666,0.5406666666666666
93085,2016-12-23 12:00:00-06,0.41605,52.56,1.0,0.75,383.165,1,-7999.0,100.48,0.6476,0.5430666666666666
93095,2016-12-23 13:00:00-06,0.37095,51.65,1.0,1.58,313.894,1,-7999.0,161.251,0.2316,0.4521333333333333
93105,2016-12-23 14:00:00-06,0.44575,51.83,1.0,0.83,625.79,1,-7999.0,265.814,0.21653333333333327,0.3744333333333333
93115,2016-12-23 15:00:00-06,0.6127666666666666,51.9,1.0,1.51,482.884,1,-7999.0,223.975,0.20801666666666666,0.6038666666666666
93125,2016-12-23 16:00:00-06,0.6452333333333332,53.08,1.0,1.93,308.655,1,-7999.0,167.137,0.35565,0.3188166666666666
93135,2016-12-23 17:00:00-06,0.4970666666666666,55.08,1.0,4.53,110.336,1,-7999.0,94.6313,0.2874333333333333,0.2619
93145,2016-12-23 18:00:00-06,0.6626,56.54,1.0,2.9,-1.6999799999999998,1,-7999.0,-1.10517,0.19476666666666664,0.5792333333333332
93155,2016-12-23 19:00:00-06,0.7340166666666665,60.31,1.0,2.7,-2.3806599999999998,1,-7999.0,-2.36386,0.19835,0.5817833333333332
93165,2016-12-23 20:00:00-06,0.6961833333333332,62.59,1.0,5.59,-2.37551,1,-7999.0,-1.7974599999999998,0.3375666666666666,1.1836666666666669
93175,2016-12-23 21:00:00-06,0.86655,65.71,1.0,5.56,-2.2227900000000003,1,-7999.0,-1.7184099999999998,0.53365,0.5898333333333332
93185,2016-12-23 22:00:00-06,1.29645,67.99,1.0,5.75,-1.70113,1,-7999.0,-1.81485,0.2612166666666666,0.4929666666666666
93195,2016-12-23 23:00:00-06,1.1934833333333332,68.21,0.29,4.28,-1.97344,1,-7999.0,-1.82618,0.2719833333333333,0.2931333333333333
93205,2016-12-24 00:00:00-06,0.5280833333333332,66.36,0.75,3.27,-2.2004799999999998,0,-7999.0,-1.7014099999999999,0.24835,0.19183333333333327
93215,2016-12-24 01:00:00-06,0.7041333333333332,66.38,0.31,2.97,-1.93393,0,-7999.0,-1.02084,0.2469666666666666,0.4989333333333332
93225,2016-12-24 02:00:00-06,0.2549333333333333,65.86,0.31,4.77,-1.8999,0,-7999.0,-1.02084,0.2613166666666666,0.2793
93235,2016-12-24 03:00:00-06,0.2448,65.42,0.31,4.35,-1.87155,0,-7999.0,-2.05303,0.2506333333333333,0.20745
93245,2016-12-24 04:00:00-06,0.3983,65.76,0.31,3.05,-1.90557,0,-7999.0,-2.14384,0.3069666666666666,0.44716666666666655
93255,2016-12-24 05:00:00-06,0.5252,65.47,0.31,4.88,-1.24207,0,-7999.0,-1.8546099999999999,0.2921166666666666,0.6298
93265,2016-12-24 06:00:00-06,0.6539166666666666,65.13,1.0,3.76,-1.22501,0,-7999.0,-2.20055,0.3079666666666666,0.7235666666666665
93275,2016-12-24 07:00:00-06,0.33625,65.77,1.0,5.75,-1.24768,0,-7999.0,-1.02084,0.9880166666666664,0.4875333333333332
93285,2016-12-24 08:00:00-06,0.5787333333333332,66.64,1.0,6.77,43.8221,0,-7999.0,29.7293,0.581,0.9033666666666667
93295,2016-12-24 09:00:00-06,0.7493666666666666,66.78,1.0,4.82,170.577,0,-7999.0,136.493,1.894,0.77435
93305,2016-12-24 10:00:00-06,0.9264333333333332,66.92,0.31,6.31,290.672,0,-7999.0,406.664,0.9395666666666664,0.4445833333333333
93315,2016-12-24 11:00:00-06,0.7556666666666666,66.81,0.31,4.32,555.567,0,-7999.0,580.388,1.1181333333333332,0.5561333333333331
93325,2016-12-24 12:00:00-06,0.73215,67.37,1.0,5.85,701.3639999999999,0,-7999.0,645.984,0.7093,0.81345
93335,2016-12-24 13:00:00-06,0.66635,67.58,0.31,7.26,484.17699999999996,0,-7999.0,650.3530000000001,0.8553,0.5196333333333332
93345,2016-12-24 14:00:00-06,0.7256333333333332,68.2,0.0,6.61,434.051,0,-7999.0,585.024,0.24155,0.55825
93355,2016-12-24 15:00:00-06,0.63035,69.48,0.31,10.07,519.923,0,-7999.0,462.215,0.3130666666666666,0.20446666666666666
93365,2016-12-24 16:00:00-06,0.6407,71.66,0.31,10.92,313.797,0,-7999.0,289.887,0.2587166666666666,0.20143333333333327
93375,2016-12-24 17:00:00-06,0.8618,73.77,0.31,13.23,104.794,0,-7999.0,89.3825,0.22388333333333327,0.2472333333333333
93385,2016-12-24 18:00:00-06,1.1507833333333333,75.27,0.75,11.9,-1.70022,0,-7999.0,-1.72227,0.2315333333333333,0.49815
93395,2016-12-24 19:00:00-06,1.06175,75.61,0.31,11.74,-2.38103,0,-7999.0,-2.38029,0.7776666666666666,0.4821833333333332
93405,2016-12-24 20:00:00-06,0.93375,76.15,0.31,10.41,-2.3531299999999997,0,-7999.0,-2.381,0.72975,1.6254
93415,2016-12-24 21:00:00-06,1.228716666666667,75.75,0.31,9.18,-2.35907,0,-7999.0,-1.04888,0.8346,2.949616666666667
93425,2016-12-24 22:00:00-06,1.59475,74.64,0.31,9.33,-2.27988,0,-7999.0,-1.02619,0.3633,0.96115
93435,2016-12-24 23:00:00-06,0.27185,73.55,0.31,9.25,-2.2175,0,-7999.0,-1.18492,0.2728833333333333,0.6592666666666666
93445,2016-12-25 00:00:00-06,0.27115,72.89,0.85,9.45,-1.9736599999999997,0,-7999.0,-1.02623,0.2595333333333333,0.4946
93455,2016-12-25 01:00:00-06,0.4278333333333333,72.39,0.85,11.71,-2.0813900000000003,0,-7999.0,-1.0262200000000001,0.25325,0.7797
93465,2016-12-25 02:00:00-06,0.3641666666666666,72.06,0.85,10.99,-1.7014599999999998,0,-7999.0,-1.02062,0.31065,0.6032
93475,2016-12-25 03:00:00-06,0.3281333333333333,71.46,0.85,12.73,-1.70143,0,-7999.0,-2.40424,0.27295,0.4495833333333333
93485,2016-12-25 04:00:00-06,0.4553333333333333,71.01,0.85,12.16,-1.7014099999999999,0,-7999.0,-1.9907400000000002,0.2503166666666666,0.6706833333333332
93495,2016-12-25 05:00:00-06,0.8568666666666666,70.62,0.85,12.38,-1.3271,0,-7999.0,-1.50488,0.5039166666666666,0.72715
93505,2016-12-25 06:00:00-06,0.6014,69.98,1.0,11.85,-1.18531,0,-7999.0,-1.31255,0.3725,0.9322333333333332
93515,2016-12-25 07:00:00-06,0.3147833333333333,69.58,1.0,11.31,-1.02084,0,-7999.0,-1.02292,0.3364,0.53545
93525,2016-12-25 08:00:00-06,0.34765,69.14,0.31,12.86,23.5702,0,-7999.0,18.0289,0.41345,0.7882333333333331
93535,2016-12-25 09:00:00-06,0.47775,68.79,0.31,11.45,179.657,0,-7999.0,45.2718,0.6828833333333332,1.1374833333333332
93545,2016-12-25 10:00:00-06,0.68605,69.22,0.31,10.38,526.501,0,-7999.0,173.46,1.2120833333333332,0.6773166666666666
93555,2016-12-25 11:00:00-06,0.60155,68.73,0.15,11.6,524.4119999999999,0,-7999.0,194.99,2.39545,0.4926333333333332
93565,2016-12-25 12:00:00-06,0.67155,68.48,0.45,8.94,395.49199999999996,0,-7999.0,233.606,0.3425833333333333,0.6323666666666666
93575,2016-12-25 13:00:00-06,0.6779833333333332,68.48,0.29,10.47,461.885,0,-7999.0,221.423,0.5537666666666666,0.6215333333333332
93585,2016-12-25 14:00:00-06,0.7027166666666665,68.67,0.23,10.26,606.64,0,-7999.0,246.933,0.5772,0.5900333333333332
93595,2016-12-25 15:00:00-06,1.2541833333333332,70.39,0.31,13.22,465.043,0,-7999.0,73.1842,0.23895,0.5885833333333332
93605,2016-12-25 16:00:00-06,1.0646666666666669,72.18,0.31,14.48,303.153,0,-7999.0,77.7143,0.21621666666666664,0.5307333333333332
93615,2016-12-25 17:00:00-06,0.3575333333333333,74.67,0.31,16.89,100.09299999999999,0,-7999.0,54.8723,0.2620333333333333,1.3854666666666668
93625,2016-12-25 18:00:00-06,0.5770166666666666,76.28,1.0,16.58,-1.21843,0,-7999.0,-0.682133,0.2764,2.0258166666666666
93635,2016-12-25 19:00:00-06,0.5680166666666666,77.36,1.0,18.48,-2.37501,0,-7999.0,-1.0232700000000001,0.4856333333333332,1.278066666666667
93645,2016-12-25 20:00:00-06,0.5496333333333332,77.87,0.31,16.67,-2.21674,0,-7999.0,-0.9152540000000001,0.2959333333333333,0.9353833333333332
93655,2016-12-25 21:00:00-06,0.6814166666666666,78.17,0.31,16.69,-1.7122400000000002,0,-7999.0,-1.01758,0.35075,1.02905
93665,2016-12-25 22:00:00-06,0.7501,78.72,0.1,13.79,-1.70112,0,-7999.0,-0.972103,0.3417,1.0483
93675,2016-12-25 23:00:00-06,0.46695,76.9,0.31,14.37,-1.70112,0,-7999.0,-0.835667,0.2988,0.722
93685,2016-12-26 00:00:00-06,0.36313333333333325,75.05,0.54,10.32,-1.5707,1,-7999.0,-0.8754709999999999,0.2887833333333333,0.4956666666666666
93695,2016-12-26 01:00:00-06,0.471,73.67,0.11,11.0,-1.17945,1,-7999.0,-0.8301,0.2648833333333333,0.6144
93705,2016-12-26 02:00:00-06,0.3076666666666666,72.24,0.23,12.31,-1.55936,1,-7999.0,-0.8016949999999999,0.2844833333333333,0.6666833333333332
93715,2016-12-26 03:00:00-06,0.2864666666666666,71.81,0.31,12.12,-1.7012200000000002,1,-7999.0,-0.8302360000000001,0.2594833333333333,0.6692333333333332
93725,2016-12-26 04:00:00-06,0.4555166666666666,71.52,0.31,11.81,-1.69006,1,-7999.0,-0.881444,0.2397666666666666,0.5967
93735,2016-12-26 05:00:00-06,0.5704333333333332,71.45,0.31,10.72,-1.02084,1,-7999.0,-0.835951,0.23785,0.8146
93745,2016-12-26 06:00:00-06,0.585,71.24,1.0,7.41,-1.18513,1,-7999.0,-0.693782,0.2813666666666666,0.76795
93755,2016-12-26 07:00:00-06,0.3480833333333333,71.56,1.0,7.89,-1.02065,1,-7999.0,-0.682409,0.4585,0.5935
93765,2016-12-26 08:00:00-06,0.42741666666666656,71.48,0.31,8.51,27.7733,1,-7999.0,12.1357,0.4201333333333333,0.8482666666666666
93775,2016-12-26 09:00:00-06,0.7276333333333332,71.29,0.31,7.76,105.62799999999999,1,-7999.0,38.4602,0.38501666666666656,0.6392666666666666
93785,2016-12-26 10:00:00-06,0.8600333333333331,70.75,0.31,6.15,282.916,1,-7999.0,181.373,1.1110833333333332,0.7431333333333331
93795,2016-12-26 11:00:00-06,1.5661,70.82,0.31,5.15,242.517,1,-7999.0,288.481,0.7819333333333331,0.6360666666666666
93805,2016-12-26 12:00:00-06,0.9747666666666664,70.4,1.0,3.96,262.763,1,-7999.0,219.726,0.3468,0.6423
93815,2016-12-26 13:00:00-06,1.06395,70.12,1.0,3.5,261.476,1,-7999.0,309.629,0.2650833333333333,0.7966166666666666
93825,2016-12-26 14:00:00-06,1.976,70.18,0.31,3.6,385.62800000000004,1,-7999.0,236.31599999999997,0.5983333333333332,1.69245
93835,2016-12-26 15:00:00-06,1.60325,72.02,0.31,5.61,254.563,1,-7999.0,148.306,0.5161166666666666,2.671666666666667
93845,2016-12-26 16:00:00-06,0.9922333333333332,74.28,0.31,8.17,362.39,1,-7999.0,117.46600000000001,0.46485,0.4614333333333332
93855,2016-12-26 17:00:00-06,1.3127333333333333,77.57,0.31,10.19,39.8201,1,-7999.0,113.965,0.5412333333333332,0.4952
93865,2016-12-26 18:00:00-06,1.6355833333333332,78.93,0.31,8.81,-1.56387,1,-7999.0,-0.6819470000000001,1.0731833333333332,1.4392833333333332
93875,2016-12-26 19:00:00-06,1.8103333333333331,82.2,0.28,8.66,-1.70025,1,-7999.0,-1.02292,0.9613666666666664,1.1215833333333332
93885,2016-12-26 20:00:00-06,3.475716666666667,82.45,0.31,10.33,-1.7003400000000002,1,-7999.0,-1.02292,2.478966666666667,1.1465166666666669
93895,2016-12-26 21:00:00-06,2.375383333333333,82.1,0.31,10.64,-1.7005400000000002,1,-7999.0,-1.3241100000000001,1.4197666666666668,1.1626166666666669
93905,2016-12-26 22:00:00-06,2.1281833333333333,81.19,0.25,10.15,-1.7006400000000002,1,838.8580000000001,-0.9433809999999999,0.2515666666666666,0.9506
93915,2016-12-26 23:00:00-06,1.8112666666666668,78.43,0.14,5.46,-1.7065,1,-7999.0,-1.02292,0.2825333333333333,0.5456333333333332
93925,2016-12-27 00:00:00-06,0.9109333333333332,75.54,0.33,4.07,-1.38352,1,-7999.0,-1.02292,0.30705,0.53225
93935,2016-12-27 01:00:00-06,0.8365666666666666,73.6,0.13,4.75,-1.50832,1,-7999.0,-1.36389,0.2595833333333333,0.6109166666666666
93945,2016-12-27 02:00:00-06,0.3760833333333333,72.24,0.13,2.57,-1.04902,1,-7999.0,-1.39254,0.2445,0.56655
93955,2016-12-27 03:00:00-06,0.37855,71.54,0.2,3.1,-1.09439,1,-7999.0,-1.38709,0.2442333333333333,0.4658
93965,2016-12-27 04:00:00-06,0.5078833333333332,70.14,0.27,1.79,-1.02634,1,-7999.0,-1.49511,0.24555,0.6489166666666666
93975,2016-12-27 05:00:00-06,0.64485,69.26,0.31,3.2,-1.02067,1,-7999.0,-1.44394,0.3003833333333333,1.10385
93985,2016-12-27 06:00:00-06,0.6309166666666666,68.91,1.0,1.27,-1.56503,1,-7999.0,-1.23929,0.34975,0.8295166666666666
93995,2016-12-27 07:00:00-06,0.3556166666666666,68.65,0.31,2.61,-1.02067,1,-7999.0,-1.13696,0.32675,0.5715333333333332
94005,2016-12-27 08:00:00-06,0.3804833333333333,67.92,0.31,0.69,13.1383,1,-7999.0,48.3948,0.4684833333333332,0.7667833333333332
94015,2016-12-27 09:00:00-06,0.5593333333333332,66.91,0.31,3.58,134.167,1,-7999.0,154.785,0.36223333333333324,0.7814666666666666
94025,2016-12-27 10:00:00-06,0.5737833333333332,66.73,0.31,3.12,456.55199999999996,1,-7999.0,459.22900000000004,0.42766666666666653,0.5524166666666666
94035,2016-12-27 11:00:00-06,1.3211,65.95,0.31,5.31,271.335,1,-7999.0,402.004,0.352,0.32635
94045,2016-12-27 12:00:00-06,0.6068333333333332,64.98,1.0,5.31,409.82300000000004,1,-7999.0,616.2669999999999,0.4634,0.41196666666666654
94055,2016-12-27 13:00:00-06,0.3041166666666666,64.14,0.31,6.42,401.964,1,-7999.0,784.94,0.29675,0.3256333333333333
94065,2016-12-27 14:00:00-06,0.35835,64.09,0.31,7.04,583.023,1,-7999.0,801.448,0.4770666666666666,0.59265
94075,2016-12-27 15:00:00-06,0.33845,64.17,0.31,7.68,540.08,1,-7999.0,493.519,0.5439166666666666,0.6569166666666666
94085,2016-12-27 16:00:00-06,0.32415,65.41,0.31,8.38,137.59,1,-7999.0,299.093,1.1045333333333331,1.2260333333333333
94095,2016-12-27 17:00:00-06,0.3449333333333333,67.28,0.31,6.15,25.2377,1,1153.08,105.742,0.7517166666666666,0.6086333333333332
94105,2016-12-27 18:00:00-06,0.55065,69.16,0.78,4.17,-1.46736,1,76.2743,-1.02128,1.4561333333333333,1.3618833333333331
94115,2016-12-27 19:00:00-06,0.5638833333333332,70.41,0.78,4.57,-2.38025,1,306.738,-1.22023,1.2813666666666668,0.8836666666666666
94125,2016-12-27 20:00:00-06,0.5682666666666666,72.22,0.0,3.4,-2.25033,1,1580.5,-1.80525,2.529666666666667,0.88845
94135,2016-12-27 21:00:00-06,0.5644166666666666,73.5,0.28,3.05,-2.30178,1,2230.82,-1.08443,0.8336166666666666,1.2673
94145,2016-12-27 22:00:00-06,0.5597666666666666,74.07,0.3,3.03,-2.2057700000000002,1,-7999.0,-1.6753,0.8763333333333331,0.62815
94155,2016-12-27 23:00:00-06,0.2620333333333333,72.07,0.07,3.04,-2.17208,1,-350.399,-1.02223,0.30255,0.409
94165,2016-12-28 00:00:00-06,0.2634166666666666,68.85,0.19,2.42,-1.91125,1,953.076,-1.15852,0.2277333333333333,0.43446666666666656
94175,2016-12-28 01:00:00-06,0.42326666666666657,66.48,0.13,4.34,-1.69009,1,-7999.0,-1.7037099999999998,0.2345833333333333,0.5733833333333332
94185,2016-12-28 02:00:00-06,0.31135,64.73,0.09,3.78,-1.13996,1,-7999.0,-1.5904,0.22781666666666664,0.4234
94195,2016-12-28 03:00:00-06,0.29735,62.87,0.11,2.13,-1.18534,1,-7999.0,-1.70428,0.22206666666666666,0.4277333333333333
94205,2016-12-28 04:00:00-06,0.441,62.86,0.08,2.75,-1.02085,1,-7999.0,-0.846463,0.2296,0.5917333333333332
94215,2016-12-28 05:00:00-06,0.6975333333333332,62.45,0.02,2.98,-1.03786,1,-7999.0,-0.8407819999999999,0.4469333333333333,0.9472833333333333
94225,2016-12-28 06:00:00-06,0.6074,61.91,0.24,3.4,-1.1626299999999998,1,-7999.0,-1.02235,0.92625,0.6941333333333332
94235,2016-12-28 07:00:00-06,0.3159,63.47,0.1,3.8,-1.48022,1,-7999.0,-0.9767950000000001,0.6279,0.4606833333333333
94245,2016-12-28 08:00:00-06,0.2758333333333333,64.43,0.31,4.5,15.1425,1,-120.43799999999999,19.11,0.2335333333333333,3.2811
94255,2016-12-28 09:00:00-06,0.2559,65.3,0.31,4.07,150.28,1,609.174,52.1677,0.2283833333333333,1.94615
94265,2016-12-28 10:00:00-06,0.2766166666666666,65.68,0.31,5.2,252.095,1,-1937.97,169.02700000000002,0.2423,0.7783833333333331
94275,2016-12-28 11:00:00-06,0.3106833333333333,66.14,0.31,5.47,329.30699999999996,1,-7999.0,153.351,0.3677166666666666,0.8015166666666667
94285,2016-12-28 12:00:00-06,0.28715,66.84,1.0,3.46,304.94,1,-7999.0,202.197,0.33015,0.7462
94295,2016-12-28 13:00:00-06,0.2740166666666666,67.03,1.0,4.94,830.4119999999999,1,-118.79,330.713,0.3554666666666666,2.779166666666667
94305,2016-12-28 14:00:00-06,0.2840333333333333,67.79,1.0,5.84,519.937,1,-7999.0,370.153,0.2954666666666666,1.9381
94315,2016-12-28 15:00:00-06,0.2697833333333333,68.94,0.31,6.98,526.736,1,-7999.0,465.481,0.3113,0.3333666666666666
94325,2016-12-28 16:00:00-06,0.2751833333333333,71.61,0.31,12.53,238.02200000000002,1,-7999.0,287.177,0.2872333333333333,0.29
94335,2016-12-28 17:00:00-06,0.3499333333333333,74.22,0.31,11.21,83.5848,1,-7999.0,103.286,0.3106166666666666,1.3009833333333332
94345,2016-12-28 18:00:00-06,0.5605333333333332,76.43,0.3,11.07,-1.4899,1,-7999.0,-0.83929,2.2912,2.0949166666666668
94355,2016-12-28 19:00:00-06,0.5550333333333332,80.0,0.27,10.43,-2.37986,1,-7999.0,-1.0492299999999999,0.5764666666666666,1.6028833333333332
94365,2016-12-28 20:00:00-06,0.5917666666666666,80.46,0.14,12.96,-2.35201,1,-7999.0,-1.1683299999999999,0.4489833333333333,1.0470333333333333
94375,2016-12-28 21:00:00-06,0.5457,82.34,0.09,13.0,-2.14276,1,191.898,-1.31023,0.2639,4.147766666666667
94385,2016-12-28 22:00:00-06,0.5302166666666666,81.37,0.07,12.39,-2.14872,1,-1037.55,-1.02104,0.2778166666666666,1.4245666666666668
94395,2016-12-28 23:00:00-06,0.2760666666666666,78.98,0.0,7.79,-1.9165900000000002,1,-1501.12,-1.02115,0.2809333333333333,0.3273833333333333
94405,2016-12-29 00:00:00-06,0.26115,75.32,0.06,3.52,-1.02067,1,-1765.38,-1.03251,0.2453833333333333,0.3135166666666666
94415,2016-12-29 01:00:00-06,0.4247166666666666,72.6,0.17,3.94,-1.62173,1,-1556.71,-1.02119,0.2524,0.44601666666666656
94425,2016-12-29 02:00:00-06,0.3205333333333333,72.04,0.07,6.55,-1.19078,1,607.778,-1.0212,0.40791666666666654,0.3682
94435,2016-12-29 03:00:00-06,0.2861666666666666,70.14,0.0,6.13,-1.55369,1,-7999.0,-1.0212299999999999,0.3197666666666666,0.3606
94445,2016-12-29 04:00:00-06,0.4924833333333332,68.18,0.0,6.75,-1.0887200000000001,1,1173.86,-1.02119,0.2583833333333333,0.51495
94455,2016-12-29 05:00:00-06,0.6667833333333332,67.85,0.0,5.94,-1.15676,1,600.651,-1.02119,0.5323833333333332,0.6908
94465,2016-12-29 06:00:00-06,0.5685333333333332,68.03,0.0,2.71,-1.50824,1,-7999.0,-1.0212,0.745,0.6950666666666666
94475,2016-12-29 07:00:00-06,0.3066166666666666,67.63,0.0,4.19,-1.2869899999999999,1,838.54,-1.02119,0.2537,0.6152666666666666
94485,2016-12-29 08:00:00-06,0.2860166666666666,65.55,0.0,9.79,9.52519,1,-450.44199999999995,20.4187,0.2315,0.8402
94495,2016-12-29 09:00:00-06,0.2793,62.71,0.0,9.73,35.6935,1,386.267,155.945,0.22731666666666664,0.6544333333333332
94505,2016-12-29 10:00:00-06,0.2660833333333333,60.6,0.0,11.83,131.267,1,-508.13599999999997,183.93400000000003,0.2311,1.0866833333333332
94515,2016-12-29 11:00:00-06,0.2903,58.84,0.0,15.73,51.8192,1,-1402.84,424.082,0.3577166666666666,0.79775
94525,2016-12-29 12:00:00-06,0.2934666666666666,57.27,0.0,12.32,354.471,1,384.858,329.955,0.41475,0.6127666666666666
94535,2016-12-29 13:00:00-06,0.2778,56.54,0.0,15.69,145.30200000000002,1,-7999.0,704.185,0.3548833333333333,0.21695
94545,2016-12-29 14:00:00-06,0.2792166666666666,56.26,0.0,15.3,201.40900000000002,1,-7999.0,677.745,0.25055,0.22451666666666664
94555,2016-12-29 15:00:00-06,0.2920166666666666,56.46,0.0,16.29,171.84799999999998,1,-7999.0,153.02200000000002,0.23016666666666666,0.38661666666666655
94565,2016-12-29 16:00:00-06,0.2906333333333333,56.99,0.0,17.52,85.0757,1,-7999.0,68.1065,0.2914,1.7881333333333331
94575,2016-12-29 17:00:00-06,0.3161,57.92,0.0,18.86,40.4287,1,-7999.0,46.5934,0.6328166666666666,0.8809833333333331
94585,2016-12-29 18:00:00-06,1.5163166666666668,58.91,0.0,13.68,0.23261300000000001,1,1372.93,-1.0204600000000001,0.4808833333333332,1.4927833333333331
94595,2016-12-29 19:00:00-06,3.7794,59.59,0.0,19.13,-0.368856,1,-7999.0,-1.1455799999999998,0.6238833333333332,1.6968333333333332
94605,2016-12-29 20:00:00-06,1.02015,60.73,0.0,17.04,-0.340511,1,-7999.0,-1.02099,1.2492,1.0729666666666668
94615,2016-12-29 21:00:00-06,4.194733333333333,60.24,0.0,16.78,-0.6810229999999999,1,1008.91,-1.0212,0.9137333333333332,0.8731833333333331
94625,2016-12-29 22:00:00-06,1.4472333333333331,60.88,0.0,13.37,-1.02157,1,-7999.0,-1.02121,1.17795,0.6378333333333333
94635,2016-12-29 23:00:00-06,0.63545,58.21,0.0,12.91,-1.02185,1,-7999.0,-1.02121,0.6337,0.2453
94645,2016-12-30 00:00:00-06,0.40726666666666655,54.84,0.0,7.12,-1.02191,1,-7999.0,-1.04389,0.5938833333333332,0.24155
94655,2016-12-30 01:00:00-06,0.53855,51.5,0.0,5.85,-0.681433,1,-7999.0,-1.02122,0.5416166666666666,0.3965
94665,2016-12-30 02:00:00-06,0.3658833333333332,51.29,0.0,7.0,-1.02223,1,-7999.0,-1.23124,0.5272166666666666,0.22225
94675,2016-12-30 03:00:00-06,0.3937833333333333,49.55,0.0,7.4,-1.02223,1,1731.8,-1.49232,0.5080833333333332,0.2227
94685,2016-12-30 04:00:00-06,0.5537166666666666,49.09,0.0,7.1,-1.02231,1,-1539.6,-1.14067,0.5289666666666666,0.4798833333333332
94695,2016-12-30 05:00:00-06,0.8439833333333331,47.35,0.0,5.68,-0.45446800000000004,1,-770.9689999999999,-1.0215299999999998,0.7761,0.7948166666666666
94713,2016-12-30 06:00:00-06,0.7120166666666666,48.76,0.0,4.6,-1.02257,1,-7999.0,-1.39015,0.8075,0.6896
94714,2016-12-30 06:00:00-06,0.7120166666666666,48.76,0.0,4.6,-1.02257,1,1502.75,-1.2821799999999999,0.38895,0.4248333333333333
94733,2016-12-30 07:00:00-06,0.4748333333333332,48.25,0.0,5.97,-1.60774,1,1836.76,25.3212,0.3324,0.5724833333333332
94734,2016-12-30 07:00:00-06,0.4748333333333332,48.25,0.0,5.97,-1.60774,1,593.466,220.895,0.2803,0.51495
94753,2016-12-30 08:00:00-06,0.44465,48.2,0.0,5.73,55.2152,1,-1501.35,463.772,0.2759833333333333,0.7333333333333332
94754,2016-12-30 08:00:00-06,0.44465,48.2,0.0,5.73,55.2152,1,-7999.0,600.0980000000001,0.2568833333333333,0.5013833333333332
94773,2016-12-30 09:00:00-06,0.8297166666666665,47.85,0.0,5.92,143.832,1,-7999.0,383.165,0.3022166666666666,0.41605
94774,2016-12-30 09:00:00-06,0.8297166666666665,47.85,0.0,5.92,143.832,1,-933.0,313.894,0.4138333333333333,0.37095
94793,2016-12-30 10:00:00-06,0.76825,48.45,0.0,6.13,192.517,1,-694.405,625.79,0.5194,0.44575
94794,2016-12-30 10:00:00-06,0.76825,48.45,0.0,6.13,192.517,1,-7999.0,482.884,0.4027833333333333,0.6127666666666666
94813,2016-12-30 11:00:00-06,0.7678,48.15,0.0,4.55,214.93200000000002,1,-301.573,308.655,0.3974666666666665,0.6452333333333332
94814,2016-12-30 11:00:00-06,0.7678,48.15,0.0,4.55,214.93200000000002,1,1991.01,110.336,0.2147,0.4970666666666666
94833,2016-12-30 12:00:00-06,0.3213,47.46,0.54,3.96,422.13800000000003,1,-7999.0,-1.6999799999999998,0.7423166666666666,0.6626
94834,2016-12-30 12:00:00-06,0.3213,47.46,0.54,3.96,422.13800000000003,1,350.80800000000005,-2.3806599999999998,1.0771333333333333,0.7340166666666665
94853,2016-12-30 13:00:00-06,0.34515,47.74,0.0,5.55,263.012,1,343.144,-2.37551,1.0232666666666668,0.6961833333333332
94854,2016-12-30 13:00:00-06,0.34515,47.74,0.0,5.55,263.012,1,-1060.01,-2.2227900000000003,0.9437833333333332,0.86655
94873,2016-12-30 14:00:00-06,0.3035333333333333,47.82,0.0,4.77,297.486,1,-7999.0,-1.70113,0.5500166666666666,1.29645
94874,2016-12-30 14:00:00-06,0.3035333333333333,47.82,0.0,4.77,297.486,1,-7999.0,-1.97344,0.5480166666666666,1.1934833333333332
94893,2016-12-30 15:00:00-06,0.32525,48.54,0.0,3.51,308.22900000000004,1,-7999.0,-2.2004799999999998,0.5446833333333332,0.5280833333333332
94894,2016-12-30 15:00:00-06,0.32525,48.54,0.0,3.51,308.22900000000004,1,1406.84,-1.93393,0.5230333333333332,0.7041333333333332
94913,2016-12-30 16:00:00-06,0.37906666666666655,49.05,0.0,5.89,273.97900000000004,1,-7999.0,-1.8999,0.50585,0.2549333333333333
94914,2016-12-30 16:00:00-06,0.37906666666666655,49.05,0.0,5.89,273.97900000000004,1,914.7330000000001,-1.87155,0.5085166666666666,0.2448
94933,2016-12-30 17:00:00-06,0.38811666666666655,50.52,0.0,6.24,64.3381,1,-7999.0,-1.90557,0.5464333333333332,0.3983
94934,2016-12-30 17:00:00-06,0.38811666666666655,50.52,0.0,6.24,64.3381,1,1185.87,-1.24207,0.9130333333333333,0.5252
94953,2016-12-30 18:00:00-06,0.6334333333333332,52.94,0.31,7.01,-0.879603,1,261.664,-1.22501,0.9478666666666664,0.6539166666666666
94954,2016-12-30 18:00:00-06,0.6334333333333332,52.94,0.31,7.01,-0.879603,1,-7999.0,-1.24768,0.40741666666666654,0.33625
94973,2016-12-30 19:00:00-06,0.61325,53.63,0.31,8.07,-2.2019,1,-7999.0,43.8221,0.2748833333333333,0.5787333333333332
94974,2016-12-30 19:00:00-06,0.61325,53.63,0.31,8.07,-2.2019,1,1281.59,170.577,0.2073,0.7493666666666666
94993,2016-12-30 20:00:00-06,0.99305,53.58,0.31,7.37,-2.04874,1,-7999.0,290.672,0.19505,0.9264333333333332
94994,2016-12-30 20:00:00-06,0.99305,53.58,0.31,7.37,-2.04874,1,-7999.0,555.567,0.20181666666666664,0.7556666666666666
95013,2016-12-30 21:00:00-06,1.0324833333333332,53.11,0.31,8.09,-1.94659,1,-7999.0,701.3639999999999,0.21528333333333327,0.73215
95014,2016-12-30 21:00:00-06,1.0324833333333332,53.11,0.31,8.09,-1.94659,1,-7999.0,484.17699999999996,0.20591666666666664,0.66635
95033,2016-12-30 22:00:00-06,0.77055,53.5,0.31,6.56,-1.9467700000000001,1,497.173,434.051,0.21673333333333328,0.7256333333333332
95034,2016-12-30 22:00:00-06,0.77055,53.5,0.31,6.56,-1.9467700000000001,1,1360.51,519.923,0.22506666666666664,0.63035
95053,2016-12-30 23:00:00-06,0.4824333333333332,47.0,0.31,6.56,-1.0217100000000001,1,409.73699999999997,313.797,0.38315,0.6407
95054,2016-12-30 23:00:00-06,0.4824333333333332,47.0,0.31,6.56,-1.0217100000000001,1,-461.332,104.794,0.5484833333333332,0.8618
95073,2016-12-31 00:00:00-06,0.4469,69.65,0.0,6.56,-1.02168,0,-951.086,-1.70022,0.51685,1.1507833333333333
95074,2016-12-31 00:00:00-06,0.4469,69.65,0.0,6.56,-1.02168,0,-1267.31,-2.38103,0.49285,1.06175
95093,2016-12-31 01:00:00-06,0.5194333333333332,66.97,0.08,7.29,-1.02154,0,606.989,-2.3531299999999997,0.8034333333333331,0.93375
95094,2016-12-31 01:00:00-06,0.5194333333333332,66.97,0.08,7.29,-1.02154,0,-41.0294,-2.35907,0.769683333333333,1.228716666666667
95113,2016-12-31 02:00:00-06,0.3809833333333333,64.39,0.28,2.89,-1.02154,0,-7999.0,-2.27988,0.5246333333333332,1.59475
95114,2016-12-31 02:00:00-06,0.3809833333333333,64.39,0.28,2.89,-1.02154,0,-7999.0,-2.2175,0.49935,0.27185
95133,2016-12-31 03:00:00-06,0.4514333333333333,63.04,0.09,2.05,-1.02156,0,-319.754,-1.9736599999999997,0.4834333333333332,0.27115
95134,2016-12-31 03:00:00-06,0.4514333333333333,63.04,0.09,2.05,-1.02156,0,1275.61,-2.0813900000000003,0.4966,0.4278333333333333
95153,2016-12-31 04:00:00-06,0.5219833333333332,60.74,0.07,2.83,-1.02156,0,199.63,-1.7014599999999998,0.4655333333333332,0.3641666666666666
95154,2016-12-31 04:00:00-06,0.5219833333333332,60.74,0.07,2.83,-1.02156,0,-839.803,-1.70143,0.5074833333333332,0.3281333333333333
95173,2016-12-31 05:00:00-06,0.7515666666666666,58.76,0.06,0.8,-2.73006,0,-7999.0,-1.7014099999999999,0.53375,0.4553333333333333
95174,2016-12-31 05:00:00-06,0.7515666666666666,58.76,0.06,0.8,-2.73006,0,-7999.0,-1.3271,1.0554333333333332,0.8568666666666666
95185,2016-12-31 06:00:00-06,0.7153,58.13,0.2,1.74,-1.7088,0,-7999.0,-1.18531,1.2083166666666667,0.6014
95195,2016-12-31 07:00:00-06,0.3968333333333333,55.0,0.14,3.7,-1.70313,0,-7999.0,-1.02084,0.5924,0.3147833333333333
95205,2016-12-31 08:00:00-06,0.4945166666666666,55.24,0.07,1.76,10.6616,0,-7999.0,23.5702,0.3047166666666666,0.34765
95215,2016-12-31 09:00:00-06,0.5894,54.92,0.14,4.16,73.6891,0,-7999.0,179.657,0.3544333333333333,0.47775
95225,2016-12-31 10:00:00-06,1.2445166666666667,54.88,0.29,0.57,122.635,0,-7999.0,526.501,0.3244833333333333,0.68605
95235,2016-12-31 11:00:00-06,0.7115666666666666,54.81,0.18,5.63,148.407,0,897.6510000000001,524.4119999999999,0.3065166666666666,0.60155
95245,2016-12-31 12:00:00-06,0.2535666666666666,53.38,0.37,4.39,182.747,0,1441.75,395.49199999999996,0.37615,0.67155
95255,2016-12-31 13:00:00-06,0.2471166666666666,51.78,0.05,5.32,209.016,0,-7999.0,461.885,0.4835,0.6779833333333332
95265,2016-12-31 14:00:00-06,0.2574333333333333,51.37,0.14,4.25,324.594,0,-7999.0,606.64,0.74255,0.7027166666666665
95275,2016-12-31 15:00:00-06,0.23695,54.0,0.1,5.8,269.928,0,122.59299999999999,465.043,0.44205,1.2541833333333332
95285,2016-12-31 16:00:00-06,1.0103,58.12,0.22,4.96,176.72299999999998,0,88.0463,303.153,0.4978333333333332,1.0646666666666669
95295,2016-12-31 17:00:00-06,0.8459666666666666,61.98,0.1,3.82,141.507,0,56.2528,100.09299999999999,0.7606666666666666,0.3575333333333333
95305,2016-12-31 18:00:00-06,1.0070333333333332,65.18,0.02,4.1,-1.13961,0,-1.18455,-1.21843,1.77995,0.5770166666666666
95315,2016-12-31 19:00:00-06,1.170316666666667,68.8,0.07,3.16,-1.8942400000000001,0,-1.53049,-2.37501,2.041533333333333,0.5680166666666666
95325,2016-12-31 20:00:00-06,1.3888833333333332,71.47,0.07,6.5,-1.8608099999999999,0,-1.53641,-2.21674,1.3075,0.5496333333333332
95335,2016-12-31 21:00:00-06,1.7643333333333333,72.93,0.07,8.3,-1.8438900000000003,0,-1.7008299999999998,-1.7122400000000002,0.7455,0.6814166666666666
95345,2016-12-31 22:00:00-06,1.0558333333333332,73.12,0.06,7.72,-1.82705,0,-1.63847,-1.70112,0.59825,0.7501
95355,2016-12-31 23:00:00-06,0.5074333333333332,70.32,0.06,8.03,-1.7024700000000001,0,-1.11123,-1.70112,0.5470166666666666,0.46695
95365,2017-01-01 00:00:00-06,0.4562166666666666,66.56,0.06,4.0,-1.70255,0,-1.58185,-1.5707,0.57705,0.36313333333333325
